281,0,0.611437,0.608523,0.000312,0.002538,1.562479,0.031045,1.548068,0.132182,0.022594
240,1,0.691538,0.757024,0.020299,0.004298,1.506067,0.031459,1.537526,0.049609,0.005893
420,3,0.675578,0.606943,0.003421,0.005993,1.550531,0.008181,1.542350,0.042294,0.147581
703,2,0.764410,0.091665,0.004111,0.012463,1.560801,0.004456,1.565257,0.108360,0.135873
275,3,0.764410,0.757024,0.009384,0.009758,1.533070,0.004456,1.537526,0.013984,0.131976
185,1,0.606924,0.757024,0.044285,0.007092,1.511912,0.025614,1.537526,0.050133,0.005296
686,3,0.764410,0.161808,0.004964,0.009604,1.518775,0.004456,1.523230,0.028311,0.132048
685,3,0.675578,0.161808,0.016298,0.006102,1.531411,0.008181,1.523230,0.029320,0.147689
194,1,0.606924,0.606943,0.021738,0.157503,1.516737,0.025614,1.542350,0.072671,0.005748
199,1,0.606924,0.085000,0.002071,0.209563,1.543016,0.025614,1.568630,0.096472,0.006225
421,3,0.764410,0.606943,0.018318,0.009573,1.537894,0.004456,1.542350,0.041674,0.132115
254,1,0.691538,0.085000,0.026581,0.198618,1.537171,0.031459,1.568630,0.096423,0.004720
249,1,0.691538,0.606943,0.002542,0.146424,1.510891,0.031459,1.542350,0.072228,0.005327
209,1,0.606924,0.238384,0.009798,0.394858,1.523452,0.025614,1.549066,0.104196,0.006380
269,1,0.057817,0.757024,0.048760,0.041242,1.510549,0.026977,1.537526,0.047879,0.042923
268,1,0.611437,0.757024,0.108618,0.037744,1.506481,0.031045,1.537526,0.048042,0.039426
186,0,0.606924,0.608523,0.065420,0.044671,1.567911,0.025614,1.548068,0.133499,0.019655
394,1,0.577988,0.035017,0.010282,0.004875,1.530894,0.028031,1.558925,0.175325,0.150155
264,1,0.691538,0.238384,0.034014,0.383942,1.517607,0.031459,1.549066,0.103856,0.004534
241,0,0.691538,0.608523,0.006159,0.037090,1.562066,0.031459,1.548068,0.133263,0.012075
274,3,0.675578,0.757024,0.030883,0.006101,1.545707,0.008181,1.537526,0.014724,0.147811
294,1,0.611437,0.085000,0.060363,0.165040,1.537585,0.031045,1.568630,0.096274,0.038298
289,1,0.611437,0.606943,0.085766,0.112843,1.511305,0.031045,1.542350,0.070883,0.038892
313,1,0.057817,0.606943,0.025893,0.109307,1.515373,0.026977,1.542350,0.070741,0.042426
304,1,0.611437,0.238384,0.053825,0.350322,1.518020,0.031045,1.549066,0.102809,0.038145
205,0,0.606924,0.166726,0.036473,0.300812,1.564166,0.025614,1.551813,0.162438,0.019075
701,2,0.675578,0.091665,0.070576,0.007013,1.568154,0.008181,1.565257,0.108311,0.141322
475,3,0.764410,0.085000,0.069669,0.479296,1.564174,0.004456,1.568630,0.093027,0.132372
473,3,0.675578,0.085000,0.047512,0.464511,1.564782,0.008181,1.568630,0.093093,0.147157
260,0,0.691538,0.166726,0.023367,0.293084,1.558321,0.031459,1.551813,0.162215,0.011349
440,0,0.393437,0.166726,0.169044,0.095942,1.567057,0.015245,1.551813,0.156511,0.185748
486,2,0.764410,0.166726,0.027555,0.316008,1.556269,0.004456,1.551813,0.139770,0.135716
327,0,0.393437,0.608523,0.198450,0.160454,1.563312,0.015245,1.548068,0.127109,0.185404
534,3,0.675578,0.238384,0.034962,0.126089,1.557246,0.008181,1.549066,0.080540,0.147262
270,1,0.046716,0.757024,0.024213,0.037329,1.477989,0.059537,1.537526,0.048061,0.039011
330,2,0.075555,0.608523,0.158500,0.124147,1.552828,0.004761,1.548068,0.109281,0.142535
331,2,0.764410,0.608523,0.003443,0.130814,1.552523,0.004456,1.548068,0.109074,0.135870
401,0,0.577988,0.166726,0.021259,0.143853,1.561749,0.028031,1.551813,0.157898,0.137848
326,0,0.577988,0.608523,0.008244,0.112249,1.565494,0.028031,1.548068,0.128610,0.137212
300,0,0.611437,0.166726,0.028976,0.258454,1.558734,0.031045,1.551813,0.161213,0.023273
536,3,0.764410,0.238384,0.056716,0.141047,1.544610,0.004456,1.549066,0.080074,0.132307
484,2,0.675578,0.166726,0.038952,0.310136,1.543632,0.008181,1.551813,0.139940,0.141586
329,2,0.675578,0.608523,0.069644,0.125352,1.539887,0.008181,1.548068,0.109244,0.141330
280,3,0.165470,0.757024,0.180148,0.187360,1.266298,0.271228,1.537526,0.005687,0.045522
122,1,0.276357,0.757024,0.034313,0.003071,1.281070,0.256457,1.537526,0.049940,0.001179
722,2,0.764410,0.046666,0.020837,0.040928,1.569301,0.004456,1.567836,0.133042,0.135749
271,1,0.048889,0.757024,0.317070,0.123361,1.537526,0.000000,1.537526,0.044042,0.125000
446,1,0.393437,0.238384,0.083118,0.195131,1.533821,0.015245,1.549066,0.097974,0.193296
163,1,0.606924,0.083331,0.113565,0.047486,1.320048,0.025614,1.294434,0.019122,0.003908
395,1,0.577988,0.085000,0.089827,0.051458,1.540600,0.028031,1.568630,0.095768,0.151883
419,1,0.393437,0.606943,0.116414,0.042020,1.527106,0.015245,1.542350,0.064681,0.193685
243,1,0.691538,0.068707,0.114150,0.033004,1.338907,0.031459,1.307448,0.044208,0.008244
164,1,0.691538,0.083331,0.084705,0.059354,1.325893,0.031459,1.294434,0.014778,0.007506
426,3,0.165470,0.606943,0.149927,0.181174,1.271123,0.271228,1.542350,0.034801,0.039442
273,1,0.393437,0.757024,0.140279,0.192366,1.522282,0.015245,1.537526,0.040818,0.193964
406,1,0.577988,0.238384,0.086327,0.236630,1.521035,0.028031,1.549066,0.099267,0.151807
308,1,0.611437,0.036703,0.051012,0.493988,1.565182,0.031045,1.534137,0.105620,0.038079
325,0,0.048889,0.608523,0.361010,0.100034,1.548068,0.000000,1.548068,0.128991,0.125000
0,0,0.049869,0.038803,0.010499,0.002332,1.526568,0.311458,1.215110,0.029073,0.051931
279,3,0.058292,0.757024,0.379798,0.138314,1.264302,0.273224,1.537526,0.007978,0.003495
661,2,0.764410,0.068414,0.006562,0.104306,1.523778,0.004456,1.519322,0.118673,0.135821
588,2,0.764410,0.055014,0.014961,0.172870,1.524962,0.004456,1.520506,0.127149,0.135779
360,1,0.048889,0.606943,0.293679,0.026697,1.542350,0.000000,1.542350,0.067433,0.125000
188,1,0.606924,0.068707,0.142826,0.044983,1.333062,0.025614,1.307448,0.048374,0.003321
206,1,0.606924,0.087443,0.068906,0.318246,1.451494,0.025614,1.425881,0.025520,0.004803
720,2,0.675578,0.046666,0.045823,0.035150,1.559655,0.008181,1.567836,0.133067,0.141529
390,1,0.577988,0.606943,0.119275,0.000850,1.514320,0.028031,1.542350,0.066330,0.152522
553,2,0.764410,0.036656,0.052800,0.304533,1.551233,0.004456,1.546777,0.165030,0.135589
342,1,0.046716,0.606943,0.001916,0.113755,1.482814,0.059537,1.542350,0.070919,0.037980
213,1,0.691538,0.071673,0.052998,0.044963,1.314138,0.031459,1.282679,0.016915,0.006712
272,1,0.577988,0.757024,0.142883,0.151412,1.509495,0.028031,1.537526,0.042731,0.153035
261,1,0.691538,0.087443,0.042186,0.306882,1.457340,0.031459,1.425881,0.027723,0.006442
182,1,0.606924,0.071673,0.081975,0.033225,1.308293,0.025614,1.282679,0.012456,0.004541
147,1,0.083229,0.757024,0.055119,0.020951,1.241917,0.295610,1.537526,0.050782,0.019195
619,3,0.764410,0.036703,0.119601,0.199145,1.538593,0.004456,1.534137,0.142958,0.132622
459,1,0.393437,0.161808,0.115713,0.403554,1.507986,0.015245,1.523230,0.065381,0.193677
659,2,0.675578,0.068414,0.059818,0.098708,1.511141,0.008181,1.519322,0.119071,0.141412
416,0,0.577988,0.068414,0.026631,0.454387,1.547352,0.028031,1.519322,0.163278,0.137965
8,0,0.691538,0.038803,0.185139,0.035330,1.246569,0.031459,1.215110,0.046048,0.016568
266,0,0.691538,0.036656,0.052013,0.434096,1.563356,0.031459,1.546777,0.190908,0.010631
248,1,0.691538,0.044875,0.100530,0.123472,1.331852,0.031459,1.300393,0.030595,0.007903
460,0,0.393437,0.091665,0.222357,0.474887,1.550013,0.015245,1.565257,0.103205,0.185125
551,2,0.675578,0.036656,0.013682,0.298322,1.538596,0.008181,1.546777,0.165237,0.141798
190,0,0.606924,0.120185,0.127148,0.130449,1.256125,0.025614,1.230511,0.071791,0.020892
245,0,0.691538,0.120185,0.070660,0.122819,1.261970,0.031459,1.230511,0.068391,0.013700
151,1,0.083229,0.606943,0.031460,0.176132,1.246741,0.295610,1.542350,0.073417,0.024368
425,3,0.058292,0.606943,0.349881,0.132108,1.269127,0.273224,1.542350,0.036766,0.009602
434,1,0.393437,0.085000,0.085508,0.010036,1.553386,0.015245,1.568630,0.095583,0.193324
6,0,0.606924,0.038803,0.241848,0.028293,1.240723,0.025614,1.215110,0.042869,0.023190
411,0,0.577988,0.055014,0.033699,0.399064,1.548536,0.028031,1.520506,0.170352,0.138118
214,1,0.691538,0.039216,0.098780,0.033709,1.363105,0.031459,1.331646,0.028846,0.007859
586,2,0.675578,0.055014,0.051347,0.167159,1.512325,0.008181,1.520506,0.127542,0.141483
193,1,0.606924,0.044875,0.129315,0.135405,1.326007,0.025614,1.300393,0.034867,0.003592
418,1,0.577988,0.161808,0.117564,0.444794,1.495200,0.028031,1.523230,0.068040,0.152485
211,0,0.606924,0.036656,0.007754,0.441967,1.569202,0.025614,1.546777,0.191170,0.018499
257,1,0.691538,0.039606,0.150380,0.235332,1.324718,0.031459,1.293259,0.080418,0.009151
92,1,0.137983,0.757024,0.192826,0.016400,1.265363,0.272163,1.537526,0.049040,0.018078
306,0,0.611437,0.036656,0.057529,0.399514,1.563770,0.031045,1.546777,0.189753,0.023940
129,1,0.276357,0.606943,0.057805,0.157472,1.285894,0.256457,1.542350,0.072670,0.005717
253,1,0.691538,0.035017,0.108141,0.152344,1.527466,0.031459,1.558925,0.177951,0.002678
165,0,0.114796,0.053255,0.003321,0.006784,1.490311,0.266858,1.223454,0.082142,0.038342
285,0,0.611437,0.120185,0.080179,0.086297,1.261557,0.031045,1.230511,0.052114,0.020721
256,1,0.691538,0.040067,0.064697,0.251702,1.296071,0.031459,1.264612,0.005220,0.007005
617,3,0.675578,0.036703,0.096653,0.185010,1.525956,0.008181,1.534137,0.142235,0.146746
408,0,0.577988,0.036656,0.049271,0.284962,1.566785,0.028031,1.546777,0.185930,0.138457
183,1,0.606924,0.039216,0.127054,0.021871,1.357260,0.025614,1.331646,0.032607,0.003637
283,1,0.611437,0.068707,0.188997,0.001318,1.338493,0.031045,1.307448,0.032298,0.041305
263,1,0.691538,0.074865,0.235960,0.389174,1.320816,0.031459,1.289357,0.165952,0.011294
242,1,0.691538,0.036400,0.069667,0.022401,1.329888,0.031459,1.298429,0.000253,0.007130
202,1,0.606924,0.039606,0.179348,0.247541,1.318873,0.025614,1.293259,0.084882,0.002590
412,1,0.577988,0.036703,0.074160,0.380441,1.562167,0.028031,1.534137,0.111429,0.151543
64,1,0.099811,0.757024,0.287564,0.027782,1.261942,0.275584,1.537526,0.048508,0.029465
392,0,0.577988,0.046933,0.002000,0.004419,1.442430,0.028031,1.470461,0.135440,0.137360
301,1,0.611437,0.087443,0.122420,0.273217,1.456926,0.031045,1.425881,0.034247,0.039748
198,1,0.606924,0.035017,0.083767,0.162885,1.533311,0.025614,1.558925,0.178139,0.007862
201,1,0.606924,0.040067,0.093996,0.263563,1.290226,0.025614,1.264612,0.000439,0.004300
216,0,0.691538,0.036381,0.006548,0.014843,1.356338,0.031459,1.324879,0.132845,0.012085
255,0,0.691538,0.064612,0.053322,0.235643,1.257764,0.031459,1.226305,0.085732,0.013266
208,1,0.606924,0.074865,0.265156,0.401840,1.314971,0.025614,1.289357,0.170659,0.000870
100,1,0.137983,0.606943,0.169084,0.138453,1.270187,0.272163,1.542350,0.071908,0.013294
187,1,0.606924,0.036400,0.098425,0.034175,1.324043,0.025614,1.298429,0.003988,0.004211
168,0,0.691538,0.053255,0.068844,0.032868,1.254913,0.031459,1.223454,0.070207,0.013655
293,1,0.611437,0.035017,0.020755,0.118617,1.527879,0.031045,1.558925,0.177350,0.036402
259,1,0.691538,0.038478,0.195538,0.265902,1.291173,0.031459,1.259714,0.125552,0.010282
262,1,0.691538,0.069140,0.249377,0.381535,1.326592,0.031459,1.295133,0.179362,0.011630
72,1,0.099811,0.606943,0.263705,0.127171,1.266766,0.275584,1.542350,0.071457,0.024571
265,1,0.691538,0.038000,0.201624,0.421500,1.353420,0.031459,1.321961,0.131635,0.010434
277,3,0.067474,0.757024,0.190249,0.081052,1.228332,0.309194,1.537526,0.010653,0.060721
461,0,0.393437,0.046666,0.189939,0.491164,1.558512,0.015245,1.567836,0.135618,0.185504
321,1,0.057817,0.238384,0.006135,0.346733,1.522089,0.026977,1.549066,0.102697,0.041732
141,1,0.276357,0.238384,0.090597,0.400527,1.292609,0.256457,1.549066,0.104373,0.012047
204,1,0.606924,0.038478,0.225160,0.278459,1.285328,0.025614,1.259714,0.130678,0.001672
457,0,0.393437,0.068414,0.165683,0.406496,1.534566,0.015245,1.519322,0.159872,0.185787
207,1,0.606924,0.069140,0.278484,0.394250,1.320747,0.025614,1.295133,0.183983,0.000603
166,0,0.606924,0.053255,0.125251,0.025224,1.249067,0.025614,1.223454,0.073688,0.020854
210,1,0.606924,0.038000,0.230207,0.433891,1.347575,0.025614,1.321961,0.135724,0.001570
200,0,0.606924,0.064612,0.109715,0.243376,1.251919,0.025614,1.226305,0.089218,0.020543
691,3,0.165470,0.161808,0.168404,0.184999,1.252003,0.271228,1.523230,0.017001,0.043159
448,0,0.393437,0.036656,0.141212,0.237330,1.562022,0.015245,1.546777,0.184340,0.186073
252,0,0.691538,0.044445,0.057724,0.165850,1.340248,0.031459,1.308789,0.081328,0.013376
124,1,0.276357,0.036400,0.016743,0.020843,1.554886,0.256457,1.298429,0.000814,0.008631
288,1,0.611437,0.044875,0.174996,0.089136,1.331438,0.031045,1.300393,0.018304,0.040977
303,1,0.611437,0.074865,0.310001,0.354980,1.320402,0.031045,1.289357,0.153244,0.044133
338,2,0.069576,0.608523,0.002065,0.261925,1.329166,0.264359,1.548068,0.104989,0.004794
451,0,0.393437,0.055014,0.158497,0.351247,1.535750,0.015245,1.520506,0.167057,0.185871
295,0,0.611437,0.064612,0.063030,0.199102,1.257351,0.031045,1.226305,0.069254,0.021122
535,3,0.075555,0.238384,0.476398,0.134377,1.544305,0.004761,1.549066,0.080282,0.138975
541,3,0.165470,0.238384,0.108217,0.304449,1.277838,0.271228,1.549066,0.074983,0.031052
452,1,0.393437,0.036703,0.067533,0.338839,1.549381,0.015245,1.534137,0.113558,0.193114
217,1,0.055546,0.757024,0.378154,0.057222,1.272499,0.265027,1.537526,0.047132,0.058897
297,1,0.611437,0.039606,0.224593,0.201032,1.324305,0.031045,1.293259,0.067877,0.042137
314,1,0.057817,0.085000,0.000842,0.161466,1.541653,0.026977,1.568630,0.096258,0.041872
278,3,0.080035,0.757024,0.185789,0.066671,1.245233,0.292293,1.537526,0.011325,0.075093
423,3,0.067474,0.606943,0.160389,0.074125,1.233156,0.309194,1.542350,0.039088,0.067561
118,1,0.276357,0.083331,0.031258,0.063449,1.550890,0.256457,1.294434,0.013279,0.011445
376,1,0.048889,0.238384,0.261010,0.263444,1.549066,0.000000,1.549066,0.100102,0.125000
197,0,0.606924,0.044445,0.115002,0.173380,1.334403,0.025614,1.308789,0.083933,0.020649
41,1,0.163036,0.757024,0.435775,0.064429,1.276521,0.261005,1.537526,0.046795,0.066101
387,0,0.577988,0.079057,0.021702,0.012236,1.274948,0.028031,1.246918,0.115066,0.136918
11,0,0.098966,0.608523,0.006606,0.073728,1.339222,0.254303,1.548068,0.134404,0.048707
485,2,0.075555,0.166726,0.127818,0.309340,1.556574,0.004761,1.551813,0.139963,0.142381
296,1,0.611437,0.040067,0.137457,0.216983,1.295657,0.031045,1.264612,0.019217,0.040100
25,0,0.120015,0.608523,0.045985,0.083908,1.318452,0.275073,1.548068,0.134721,0.058885
276,3,0.052757,0.757024,0.261401,0.060771,1.331919,0.205607,1.537526,0.011601,0.080990
302,1,0.611437,0.069140,0.323728,0.347420,1.326178,0.031045,1.295133,0.166964,0.044454
170,0,0.114796,0.608523,0.050226,0.052726,1.326667,0.266858,1.548068,0.133750,0.027709
282,1,0.611437,0.036400,0.144037,0.012035,1.329474,0.031045,1.298429,0.012640,0.040254
267,1,0.691538,0.042837,0.255239,0.434420,1.341747,0.031459,1.310288,0.185220,0.011777
299,1,0.611437,0.038478,0.268194,0.231370,1.290759,0.031045,1.259714,0.111456,0.043156
138,1,0.276357,0.087443,0.010856,0.309978,1.459255,0.256457,1.425881,0.027122,0.003378
258,0,0.691538,0.040040,0.039642,0.282272,1.268812,0.031459,1.237353,0.099421,0.012923
42,0,0.163036,0.608523,0.144146,0.102390,1.332520,0.261005,1.548068,0.135297,0.077362
125,1,0.276357,0.068707,0.059966,0.023944,1.563904,0.256457,1.307448,0.041057,0.016991
305,1,0.611437,0.038000,0.277162,0.387512,1.353007,0.031045,1.321961,0.120420,0.043365
47,1,0.163036,0.606943,0.411783,0.090257,1.281345,0.261005,1.542350,0.069978,0.061468
292,0,0.611437,0.044445,0.063308,0.130136,1.339835,0.031045,1.308789,0.068976,0.021116
120,1,0.276357,0.071673,0.002253,0.043710,1.539135,0.256457,1.282679,0.016439,0.005511
324,1,0.057817,0.036703,0.009227,0.490400,1.561114,0.026977,1.534137,0.105804,0.041665
224,1,0.055546,0.606943,0.354167,0.097570,1.277323,0.265027,1.542350,0.070271,0.054158
371,0,0.048889,0.166726,0.331732,0.156703,1.551813,0.000000,1.551813,0.158269,0.125000
251,0,0.691538,0.046933,0.024010,0.155043,1.439002,0.031459,1.470461,0.115088,0.012530
212,1,0.606924,0.042837,0.284085,0.447117,1.335902,0.025614,1.310288,0.189582,0.000491
424,3,0.080035,0.606943,0.156196,0.060153,1.250057,0.292293,1.542350,0.039648,0.081527
702,2,0.075555,0.091665,0.159481,0.005796,1.560496,0.004761,1.565257,0.108301,0.142540
128,1,0.276357,0.044875,0.046646,0.116707,1.556850,0.256457,1.300393,0.028174,0.014419
474,3,0.075555,0.085000,0.463623,0.472629,1.563869,0.004761,1.568630,0.093056,0.139039
203,0,0.606924,0.040040,0.096090,0.290054,1.262967,0.025614,1.237353,0.102839,0.020270
350,1,0.046716,0.238384,0.030759,0.351928,1.489529,0.059537,1.549066,0.102859,0.036540
218,0,0.055546,0.608523,0.309798,0.113015,1.328498,0.265027,1.548068,0.135628,0.087985
353,1,0.046716,0.036703,0.033438,0.495650,1.547919,0.059537,1.534137,0.105535,0.036419
343,1,0.046716,0.085000,0.024177,0.166502,1.509094,0.059537,1.568630,0.096280,0.036836
196,0,0.606924,0.046933,0.084858,0.162596,1.444847,0.025614,1.470461,0.114067,0.020045
133,1,0.276357,0.040067,0.011942,0.250981,1.521069,0.256457,1.264612,0.005511,0.007693
298,0,0.611437,0.040040,0.048845,0.245864,1.268398,0.031045,1.237353,0.083432,0.021454
365,1,0.048889,0.085000,0.265225,0.078339,1.568630,0.000000,1.568630,0.095888,0.125000
632,3,0.165470,0.052315,0.165361,0.370607,1.166856,0.271228,1.438084,0.019932,0.042547
337,2,0.049894,0.608523,0.084358,0.232533,1.271651,0.321874,1.548068,0.105905,0.034178
5,0,0.114796,0.038803,0.114407,0.011292,1.481967,0.266858,1.215110,0.025000,0.060416
721,2,0.075555,0.046666,0.134710,0.034263,1.568996,0.004761,1.567836,0.133071,0.142416
134,1,0.276357,0.039606,0.094942,0.220159,1.549716,0.256457,1.293259,0.074870,0.023743
144,1,0.083229,0.083331,0.127941,0.048147,1.551549,0.295610,1.294434,0.018880,0.003272
65,0,0.099811,0.608523,0.355737,0.148014,1.317940,0.275584,1.548068,0.136719,0.122975
793,3,0.165470,0.035941,0.161792,0.006674,1.545696,0.271228,1.324669,0.023371,0.041829
1,0,0.098966,0.038803,0.149310,0.030131,1.469413,0.254303,1.215110,0.016488,0.078149
385,1,0.048889,0.161808,0.291298,0.472311,1.523230,0.000000,1.523230,0.069815,0.125000
246,0,0.691538,0.045856,0.005023,0.136919,1.265787,0.031459,1.234328,0.134509,0.012044
779,3,0.165470,0.059046,0.142578,0.106513,1.559277,0.271228,1.311088,0.041880,0.037964
753,3,0.165470,0.044472,0.152917,0.188374,1.523577,0.271228,1.346788,0.031920,0.040044
307,1,0.611437,0.042837,0.330314,0.400442,1.341334,0.031045,1.310288,0.173547,0.044608
422,3,0.052757,0.606943,0.232587,0.056261,1.336744,0.205607,1.542350,0.039803,0.085418
552,2,0.075555,0.036656,0.102528,0.297865,1.551538,0.004761,1.546777,0.165252,0.142255
2,0,0.120015,0.038803,0.197327,0.042443,1.490183,0.275073,1.215110,0.010927,0.089735
149,1,0.083229,0.068707,0.156411,0.038484,1.538535,0.295610,1.307448,0.046114,0.002953
364,1,0.048889,0.035017,0.185340,0.030014,1.558925,0.000000,1.558925,0.175773,0.125000
690,3,0.058292,0.161808,0.367118,0.135700,1.250007,0.273224,1.523230,0.020179,0.006083
3,0,0.163036,0.038803,0.287834,0.058781,1.476115,0.261005,1.215110,0.003548,0.105109
93,0,0.137983,0.608523,0.410431,0.156336,1.321362,0.272163,1.548068,0.136978,0.131295
145,1,0.083229,0.071673,0.097421,0.027589,1.563304,0.295610,1.282679,0.010315,0.009945
157,1,0.083229,0.087443,0.083215,0.326584,1.420102,0.295610,1.425881,0.023904,0.013051
114,1,0.137983,0.238384,0.135985,0.381852,1.276902,0.272163,1.549066,0.103791,0.006624
378,0,0.048889,0.036656,0.303622,0.298423,1.546777,0.000000,1.546777,0.186379,0.125000
150,1,0.083229,0.044875,0.143231,0.131602,1.545590,0.295610,1.300393,0.033506,0.000071
146,1,0.083229,0.039216,0.141177,0.025227,1.514337,0.295610,1.331646,0.031541,0.000378
618,3,0.075555,0.036703,0.414062,0.192475,1.538898,0.004761,1.534137,0.142617,0.139287
674,3,0.165470,0.117232,0.097420,0.224451,1.557030,0.271228,1.313334,0.085385,0.028879
642,2,0.764410,0.040125,0.010819,0.190476,1.466334,0.004456,1.461878,0.101512,0.135907
414,0,0.577988,0.040125,0.056742,0.398658,1.489908,0.028031,1.461878,0.193401,0.138619
88,1,0.137983,0.083331,0.250324,0.082396,1.566597,0.272163,1.294434,0.006343,0.029665
737,3,0.165470,0.046899,0.131649,0.211775,1.549381,0.271228,1.320984,0.052409,0.035765
154,1,0.083229,0.040067,0.109111,0.266803,1.560222,0.295610,1.264612,0.000868,0.007389
148,1,0.083229,0.036400,0.113261,0.036533,1.547554,0.295610,1.298429,0.004837,0.006482
131,1,0.276357,0.085000,0.082443,0.213812,1.312174,0.256457,1.568630,0.096491,0.010474
334,2,0.066841,0.608523,0.029201,0.174067,1.201013,0.392512,1.548068,0.107726,0.092628
336,2,0.165470,0.608523,0.470051,0.148126,1.322297,0.271228,1.548068,0.108534,0.118562
355,0,0.577988,0.120185,0.138404,0.034315,1.258542,0.028031,1.230511,0.001634,0.134384
247,0,0.691538,0.079057,0.042453,0.143715,1.278377,0.031459,1.246918,0.181341,0.010870
123,0,0.276357,0.608523,0.495416,0.168532,1.337068,0.256457,1.548068,0.137358,0.143488
417,1,0.577988,0.117232,0.371263,0.455537,1.341365,0.028031,1.313334,0.185555,0.157992
694,2,0.764410,0.062822,0.133239,0.094512,1.207484,0.004456,1.203028,0.020981,0.136521
496,3,0.764410,0.087443,0.153386,0.374608,1.430336,0.004456,1.425881,0.176743,0.132792
669,3,0.764410,0.117232,0.005476,0.058024,1.317790,0.004456,1.313334,0.028824,0.132051
668,3,0.675578,0.117232,0.022302,0.041799,1.305154,0.008181,1.313334,0.023310,0.147740
652,3,0.764410,0.082457,0.037664,0.148626,1.341058,0.004456,1.336602,0.061022,0.132212
650,3,0.675578,0.082457,0.010581,0.132938,1.328421,0.008181,1.336602,0.056133,0.147465
611,2,0.764410,0.134423,0.166136,0.138982,1.239174,0.004456,1.234718,0.053879,0.136686
609,2,0.675578,0.134423,0.231234,0.135492,1.226537,0.008181,1.234718,0.052342,0.139980
527,3,0.764410,0.074865,0.103314,0.323332,1.293813,0.004456,1.289357,0.126671,0.132541
525,3,0.675578,0.074865,0.075524,0.308356,1.281176,0.008181,1.289357,0.121106,0.146923
520,2,0.764410,0.061257,0.267957,0.321501,1.213753,0.004456,1.209297,0.155700,0.137196
494,3,0.675578,0.087443,0.128481,0.360773,1.417700,0.008181,1.425881,0.174062,0.146481
511,3,0.764410,0.069140,0.082807,0.335005,1.299589,0.004456,1.295133,0.106164,0.132438
136,1,0.276357,0.038478,0.137744,0.243085,1.516171,0.256457,1.259714,0.116239,0.032003
333,2,0.065316,0.608523,0.056982,0.161700,1.373616,0.219909,1.548068,0.108111,0.104992
509,3,0.675578,0.069140,0.055048,0.319773,1.286952,0.008181,1.295133,0.100629,0.147094
791,3,0.165470,0.035606,0.133388,0.059423,1.524235,0.271228,1.346129,0.050735,0.036115
660,2,0.075555,0.068414,0.148634,0.097632,1.524083,0.004761,1.519322,0.119148,0.142486
677,2,0.764410,0.054594,0.014019,0.100253,1.356915,0.004456,1.352459,0.098293,0.135924
713,2,0.764410,0.054263,0.095520,0.048841,1.232551,0.004456,1.228096,0.016740,0.136332
191,0,0.606924,0.045856,0.060898,0.144887,1.259942,0.025614,1.234328,0.138019,0.019565
381,1,0.048889,0.036703,0.251042,0.407003,1.534137,0.000000,1.534137,0.110071,0.125000
95,1,0.137983,0.068707,0.279429,0.004756,1.561981,0.272163,1.307448,0.034378,0.035530
402,1,0.577988,0.087443,0.129230,0.159015,1.453911,0.028031,1.425881,0.056379,0.152738
172,0,0.114796,0.120185,0.005295,0.149382,1.497369,0.266858,1.230511,0.080229,0.038736
578,2,0.764410,0.040308,0.007960,0.233756,1.463533,0.004456,1.459077,0.120095,0.135814
111,1,0.137983,0.087443,0.211813,0.291253,1.443549,0.272163,1.425881,0.030751,0.021904
587,2,0.075555,0.055014,0.140172,0.166197,1.525267,0.004761,1.520506,0.127609,0.142443
286,0,0.611437,0.045856,0.013768,0.100562,1.265374,0.031045,1.234328,0.118495,0.022274
155,1,0.083229,0.039606,0.191672,0.233760,1.552724,0.295610,1.293259,0.079844,0.010663
291,0,0.611437,0.046933,0.012445,0.120028,1.439416,0.031045,1.470461,0.119818,0.022305
287,0,0.611437,0.079057,0.033745,0.107576,1.277963,0.031045,1.246918,0.165980,0.023384
160,1,0.083229,0.238384,0.001740,0.420068,1.253456,0.295610,1.549066,0.104982,0.031583
627,3,0.764410,0.052315,0.028075,0.194306,1.433628,0.004456,1.438084,0.051433,0.132164
192,0,0.606924,0.079057,0.014094,0.151898,1.272532,0.025614,1.246918,0.184819,0.018626
142,1,0.276357,0.038000,0.145544,0.397685,1.563174,0.256457,1.321961,0.123777,0.033509
244,0,0.691538,0.037990,0.004947,0.083968,1.307445,0.031459,1.275986,0.143353,0.011822
90,1,0.137983,0.071673,0.219307,0.062386,1.554842,0.272163,1.282679,0.023532,0.023414
140,1,0.276357,0.074865,0.177796,0.359562,1.545813,0.256457,1.289357,0.154947,0.039732
250,0,0.691538,0.052691,0.019688,0.158882,1.302922,0.031459,1.271463,0.158517,0.011442
415,1,0.577988,0.082457,0.320466,0.397225,1.364633,0.028031,1.336602,0.134779,0.156889
335,2,0.058292,0.608523,0.374493,0.097308,1.320301,0.273224,1.548068,0.110118,0.169366
692,2,0.675578,0.062822,0.197953,0.090507,1.194847,0.008181,1.203028,0.019063,0.140258
184,0,0.606924,0.036381,0.063548,0.007079,1.350493,0.025614,1.324879,0.135370,0.019618
99,1,0.137983,0.044875,0.265895,0.097623,1.569036,0.272163,1.300393,0.021342,0.032803
518,2,0.675578,0.061257,0.333624,0.319438,1.201116,0.008181,1.209297,0.154726,0.139125
384,0,0.048889,0.068414,0.325799,0.467370,1.519322,0.000000,1.519322,0.164201,0.125000
732,3,0.764410,0.046899,0.027743,0.038801,1.325440,0.004456,1.320984,0.004380,0.131884
380,0,0.048889,0.055014,0.318743,0.412200,1.520506,0.000000,1.520506,0.171258,0.125000
332,2,0.053405,0.608523,0.182809,0.098167,1.325940,0.267585,1.548068,0.110091,0.168508
44,0,0.163036,0.120185,0.178944,0.197494,1.491516,0.261005,1.230511,0.101672,0.084082
27,0,0.120015,0.120185,0.088452,0.179945,1.505585,0.275073,1.230511,0.093851,0.067542
540,3,0.058292,0.238384,0.308575,0.255350,1.275842,0.273224,1.549066,0.076513,0.018033
13,0,0.098966,0.120185,0.040184,0.169336,1.484814,0.254303,1.230511,0.089122,0.057543
752,3,0.058292,0.044472,0.369370,0.141532,1.521581,0.273224,1.346788,0.018013,0.005623
748,3,0.764410,0.044472,0.043775,0.012137,1.351244,0.004456,1.346788,0.020412,0.131804
106,1,0.137983,0.040067,0.230154,0.232194,1.536775,0.272163,1.264612,0.013085,0.025600
94,1,0.137983,0.036400,0.235858,0.002140,1.570592,0.272163,1.298429,0.007590,0.026750
405,1,0.577988,0.074865,0.295495,0.238135,1.317387,0.028031,1.289357,0.109819,0.156347
635,2,0.764410,0.043910,0.211588,0.200801,1.209858,0.004456,1.205402,0.099331,0.136914
778,3,0.058292,0.059046,0.361233,0.059698,1.557281,0.273224,1.311088,0.025843,0.007284
616,2,0.069576,0.134423,0.206866,0.234900,1.499076,0.264359,1.234718,0.096116,0.046150
7,0,0.055546,0.038803,0.448915,0.069790,1.480137,0.265027,1.215110,0.001424,0.115468
562,3,0.764410,0.042837,0.060186,0.305058,1.314744,0.004456,1.310288,0.083544,0.132325
86,1,0.099811,0.238384,0.230449,0.370723,1.273481,0.275584,1.549066,0.103444,0.017749
719,2,0.069576,0.054263,0.141003,0.158516,1.492454,0.264359,1.228096,0.032596,0.033088
675,2,0.675578,0.054594,0.079006,0.094794,1.344278,0.008181,1.352459,0.099882,0.141252
711,2,0.675578,0.054263,0.160122,0.044335,1.219915,0.008181,1.228096,0.018767,0.140574
328,0,0.047430,0.608523,0.034478,0.172340,1.416277,0.131790,1.548068,0.126738,0.197287
631,3,0.058292,0.052315,0.357911,0.319638,1.164860,0.273224,1.438084,0.029039,0.007962
107,1,0.137983,0.039606,0.314059,0.200645,1.565423,0.272163,1.293259,0.067735,0.042509
761,2,0.764410,0.040580,0.124830,0.028214,1.223900,0.004456,1.219444,0.012572,0.136479
189,0,0.606924,0.037990,0.052480,0.091887,1.301600,0.025614,1.275986,0.146435,0.019396
598,3,0.764410,0.040060,0.039007,0.248752,1.292136,0.004456,1.296592,0.062365,0.132219
478,2,0.764410,0.040040,0.373395,0.498699,1.241809,0.004456,1.237353,0.261136,0.137725
626,3,0.675578,0.052315,0.008651,0.178849,1.446264,0.008181,1.438084,0.054194,0.147482
67,1,0.099811,0.068707,0.369697,0.006448,1.558560,0.275584,1.307448,0.030494,0.046314
403,1,0.577988,0.069140,0.310262,0.230791,1.323164,0.028031,1.295133,0.124579,0.156668
139,1,0.276357,0.069140,0.191075,0.349664,1.551590,0.256457,1.295133,0.167780,0.042295
356,0,0.393437,0.120185,0.350495,0.086557,1.245756,0.015245,1.230511,0.024919,0.183627
391,0,0.577988,0.052691,0.039361,0.004065,1.299494,0.028031,1.271463,0.097390,0.136534
58,1,0.163036,0.238384,0.378351,0.333450,1.288061,0.261005,1.549066,0.102283,0.055013
84,1,0.099811,0.087443,0.303806,0.280243,1.440127,0.275584,1.425881,0.032885,0.032797
483,3,0.764410,0.038478,0.175600,0.490606,1.264170,0.004456,1.259714,0.198956,0.132903
504,2,0.764410,0.038459,0.187460,0.374863,1.235821,0.004456,1.231365,0.075203,0.136793
602,2,0.764410,0.038438,0.135159,0.251067,1.221382,0.004456,1.216926,0.022901,0.136531
544,3,0.764410,0.038000,0.102822,0.321835,1.326417,0.004456,1.321961,0.126180,0.132538
156,1,0.083229,0.038478,0.235035,0.255543,1.555323,0.295610,1.259714,0.121324,0.020144
700,2,0.069576,0.062822,0.179914,0.197079,1.467387,0.264359,1.203028,0.070123,0.040805
284,0,0.611437,0.037990,0.002895,0.048055,1.307032,0.031045,1.275986,0.129375,0.022528
195,0,0.606924,0.052691,0.037235,0.166889,1.297077,0.025614,1.271463,0.161676,0.019090
458,1,0.393437,0.117232,0.353159,0.415762,1.328579,0.015245,1.313334,0.172037,0.196453
571,2,0.764410,0.036400,0.181034,0.253785,1.293290,0.004456,1.288835,0.068777,0.136761
756,2,0.764410,0.036390,0.073000,0.010444,1.312347,0.004456,1.316803,0.039262,0.136219
290,0,0.611437,0.052691,0.012096,0.122953,1.302509,0.031045,1.271463,0.144339,0.022878
736,3,0.058292,0.046899,0.349614,0.164910,1.547385,0.273224,1.320984,0.037023,0.009656
396,0,0.577988,0.064612,0.121953,0.078370,1.254336,0.028031,1.226305,0.014812,0.134741
765,2,0.069576,0.040580,0.169806,0.075838,1.483803,0.264359,1.219444,0.060375,0.038800
740,2,0.764410,0.035151,0.020224,0.041236,1.450495,0.004456,1.454950,0.132428,0.135753
731,3,0.675578,0.046899,0.055447,0.022158,1.312803,0.008181,1.320984,0.009845,0.148017
71,1,0.099811,0.044875,0.356045,0.086504,1.565615,0.275584,1.300393,0.017362,0.043513
9,0,0.098966,0.053255,0.038010,0.013533,1.477757,0.254303,1.223454,0.091226,0.057132
161,1,0.083229,0.038000,0.241830,0.409946,1.524022,0.295610,1.321961,0.127823,0.021629
786,3,0.058292,0.035606,0.349795,0.012518,1.522239,0.273224,1.346129,0.036848,0.009619
311,1,0.057817,0.068707,0.127765,0.004718,1.334425,0.026977,1.307448,0.031097,0.044638
738,2,0.675578,0.035151,0.047361,0.035433,1.463131,0.008181,1.454950,0.131530,0.141516
340,1,0.046716,0.068707,0.104213,0.002637,1.366984,0.059537,1.307448,0.031826,0.042614
404,0,0.577988,0.061257,0.022995,0.285416,1.237327,0.028031,1.209297,0.159637,0.137886
608,2,0.069576,0.038438,0.179970,0.353137,1.481285,0.264359,1.216926,0.070177,0.040816
137,0,0.276357,0.166726,0.465906,0.419558,1.333323,0.256457,1.551813,0.165874,0.137794
747,3,0.675578,0.044472,0.070991,0.004761,1.338607,0.008181,1.346788,0.025389,0.148146
633,2,0.675578,0.043910,0.276851,0.197925,1.197221,0.008181,1.205402,0.097957,0.139599
560,3,0.675578,0.042837,0.032649,0.289580,1.302107,0.008181,1.310288,0.078226,0.147281
66,1,0.099811,0.036400,0.325984,0.009023,1.567579,0.275584,1.298429,0.011553,0.037347
79,1,0.099811,0.040067,0.319786,0.221205,1.540196,0.275584,1.264612,0.017515,0.036075
309,1,0.611437,0.052315,0.026743,0.491611,1.407038,0.031045,1.438084,0.183336,0.036262
640,2,0.675578,0.040125,0.076588,0.185079,1.453697,0.008181,1.461878,0.102300,0.141272
658,3,0.165470,0.082457,0.070891,0.308814,1.533762,0.271228,1.336602,0.110943,0.023542
759,2,0.675578,0.040580,0.189578,0.032314,1.211264,0.008181,1.219444,0.010688,0.140328
178,0,0.114796,0.064612,0.011441,0.259180,1.493163,0.266858,1.226305,0.096345,0.035416
576,2,0.675578,0.040308,0.057944,0.228107,1.450896,0.008181,1.459077,0.120945,0.141428
341,1,0.046716,0.044875,0.090292,0.088088,1.359930,0.059537,1.300393,0.017929,0.041987
177,0,0.114796,0.044445,0.004573,0.190085,1.565946,0.266858,1.308789,0.089711,0.036782
596,3,0.675578,0.040060,0.022491,0.233013,1.304773,0.008181,1.296592,0.068063,0.147366
477,2,0.675578,0.040040,0.439800,0.498154,1.229172,0.008181,1.237353,0.260897,0.138239
673,3,0.058292,0.117232,0.315941,0.177491,1.555034,0.273224,1.313334,0.069425,0.016530
316,1,0.057817,0.039606,0.163315,0.197629,1.320236,0.026977,1.293259,0.066632,0.045409
312,1,0.057817,0.044875,0.113720,0.085653,1.327370,0.026977,1.300393,0.017057,0.044333
345,1,0.046716,0.039606,0.139538,0.198882,1.352796,0.059537,1.293259,0.067091,0.044204
80,1,0.099811,0.039606,0.404120,0.189346,1.568844,0.275584,1.293259,0.063604,0.053375
153,1,0.083229,0.085000,0.007283,0.233000,1.273021,0.295610,1.568630,0.096576,0.029662
481,3,0.675578,0.038478,0.147623,0.476512,1.251533,0.008181,1.259714,0.193203,0.146321
502,2,0.675578,0.038459,0.252671,0.371670,1.223184,0.008181,1.231365,0.073778,0.139801
600,2,0.675578,0.038438,0.199959,0.247110,1.208745,0.008181,1.216926,0.021069,0.140242
23,0,0.120015,0.053255,0.086183,0.024065,1.498527,0.275073,1.223454,0.096034,0.067079
542,3,0.675578,0.038000,0.075700,0.306991,1.313781,0.008181,1.321961,0.121281,0.146921
109,1,0.137983,0.038478,0.355977,0.223177,1.531877,0.272163,1.259714,0.108112,0.050956
413,1,0.577988,0.052315,0.022832,0.376406,1.410053,0.028031,1.438084,0.162752,0.150428
347,1,0.046716,0.087443,0.038060,0.273332,1.485417,0.059537,1.425881,0.034225,0.039635
757,2,0.065316,0.036390,0.006315,0.011105,1.096894,0.219909,1.316803,0.046494,0.115387
569,2,0.675578,0.036400,0.246466,0.250564,1.280654,0.008181,1.288835,0.067573,0.139853
754,2,0.675578,0.036390,0.141193,0.015104,1.324983,0.008181,1.316803,0.037695,0.140732
684,2,0.069576,0.054594,0.043106,0.225527,1.524775,0.264359,1.352459,0.061827,0.013670
104,1,0.137983,0.085000,0.143650,0.195170,1.296467,0.272163,1.568630,0.096408,0.008168
39,0,0.163036,0.053255,0.176507,0.041625,1.484458,0.261005,1.223454,0.104027,0.083611
688,3,0.067474,0.161808,0.176325,0.077806,1.214036,0.309194,1.523230,0.023912,0.063911
159,1,0.083229,0.074865,0.274609,0.370949,1.556626,0.295610,1.289357,0.159179,0.028796
455,0,0.393437,0.040125,0.139127,0.350891,1.477123,0.015245,1.461878,0.186426,0.186098
143,1,0.276357,0.042837,0.197442,0.401565,1.566745,0.256457,1.310288,0.173932,0.043523
18,0,0.098966,0.044445,0.032435,0.210066,1.563092,0.254303,1.308789,0.096622,0.056079
318,1,0.057817,0.087443,0.061719,0.269724,1.452858,0.026977,1.425881,0.034924,0.043204
32,0,0.120015,0.044445,0.081811,0.220533,1.557730,0.275073,1.308789,0.100242,0.066188
115,1,0.137983,0.038000,0.365400,0.377718,1.547468,0.272163,1.321961,0.117188,0.052855
339,1,0.046716,0.036400,0.059543,0.012397,1.357966,0.059537,1.298429,0.012770,0.040603
575,2,0.069576,0.036400,0.214480,0.346605,1.553193,0.264359,1.288835,0.103460,0.047660
4,0,0.099811,0.038803,0.479934,0.104846,1.490694,0.275584,1.215110,0.017257,0.148452
49,0,0.163036,0.046933,0.175008,0.226201,1.209456,0.261005,1.470461,0.105475,0.083322
19,0,0.098966,0.064612,0.023340,0.279312,1.480608,0.254303,1.226305,0.105423,0.054362
386,0,0.577988,0.045856,0.071254,0.019783,1.262359,0.028031,1.234328,0.065496,0.135841
344,1,0.046716,0.040067,0.052999,0.216765,1.324149,0.059537,1.264612,0.019305,0.040308
310,1,0.057817,0.036400,0.082737,0.015568,1.325406,0.026977,1.298429,0.013914,0.043660
389,1,0.577988,0.044875,0.162128,0.027626,1.328424,0.028031,1.300393,0.023494,0.153452
441,1,0.393437,0.087443,0.116694,0.117625,1.441125,0.015245,1.425881,0.064401,0.193688
34,0,0.120015,0.064612,0.071578,0.289662,1.501378,0.275073,1.226305,0.110090,0.064102
393,0,0.577988,0.044445,0.108580,0.012210,1.336820,0.028031,1.308789,0.028180,0.135031
50,0,0.163036,0.044445,0.174136,0.238100,1.569794,0.261005,1.308789,0.106318,0.083154
317,1,0.057817,0.038478,0.206786,0.228012,1.286691,0.026977,1.259714,0.110086,0.046353
315,1,0.057817,0.040067,0.075987,0.213401,1.291589,0.026977,1.264612,0.020661,0.043514
409,1,0.577988,0.042837,0.319320,0.284263,1.338319,0.028031,1.310288,0.133633,0.156864
346,1,0.046716,0.038478,0.182698,0.228228,1.319251,0.059537,1.259714,0.110174,0.046147
57,1,0.163036,0.087443,0.443131,0.245146,1.454707,0.261005,1.425881,0.039687,0.067521
53,0,0.163036,0.064612,0.161951,0.307407,1.487310,0.261005,1.226305,0.118092,0.080801
456,1,0.393437,0.082457,0.303401,0.357133,1.351847,0.015245,1.336602,0.122285,0.195871
31,0,0.120015,0.046933,0.073723,0.207321,1.195388,0.275073,1.470461,0.108026,0.064539
322,1,0.057817,0.038000,0.216038,0.384221,1.348938,0.026977,1.321961,0.119334,0.046554
397,1,0.577988,0.040067,0.118846,0.099053,1.292643,0.028031,1.264612,0.066759,0.152513
399,0,0.577988,0.040040,0.106178,0.125521,1.265383,0.028031,1.237353,0.030581,0.135083
508,2,0.069576,0.038459,0.227674,0.466676,1.495723,0.264359,1.231365,0.116184,0.050277
398,1,0.577988,0.039606,0.210794,0.084184,1.321290,0.028031,1.293259,0.025152,0.154509
388,0,0.393437,0.079057,0.232064,0.062956,1.262162,0.015245,1.246918,0.093498,0.185011
351,1,0.046716,0.038000,0.191872,0.384215,1.381498,0.059537,1.321961,0.119332,0.046560
400,1,0.577988,0.038478,0.249012,0.113530,1.287745,0.028031,1.259714,0.063355,0.155338
221,0,0.055546,0.120185,0.340146,0.207996,1.495538,0.265027,1.230511,0.106352,0.093980
407,1,0.577988,0.038000,0.267813,0.271524,1.349992,0.028031,1.321961,0.082148,0.155746
113,1,0.137983,0.074865,0.396787,0.339312,1.561520,0.272163,1.289357,0.147421,0.059180
17,0,0.098966,0.046933,0.019111,0.196288,1.216158,0.254303,1.470461,0.109516,0.053563
179,0,0.114796,0.040040,0.024249,0.303399,1.504210,0.266858,1.237353,0.108699,0.032870
768,3,0.067474,0.059046,0.193878,0.005374,1.521310,0.309194,1.311088,0.007198,0.059890
781,3,0.165470,0.046479,0.064392,0.094849,1.533859,0.271228,1.336506,0.117204,0.022235
750,3,0.067474,0.044472,0.199465,0.087182,1.485610,0.309194,1.346788,0.001877,0.058610
158,1,0.083229,0.069140,0.287793,0.360698,1.550850,0.295610,1.295133,0.171790,0.031679
410,0,0.577988,0.036400,0.037861,0.360936,1.316865,0.028031,1.288835,0.174517,0.138209
10,0,0.098966,0.036381,0.017001,0.020899,1.562411,0.254303,1.324879,0.144464,0.046744
82,1,0.099811,0.038478,0.445527,0.211713,1.535298,0.275584,1.259714,0.103432,0.061869
445,1,0.393437,0.074865,0.275761,0.197316,1.304601,0.015245,1.289357,0.094649,0.195548
176,0,0.114796,0.046933,0.028118,0.174716,1.203603,0.266858,1.470461,0.112430,0.032102
649,2,0.069576,0.040125,0.021256,0.317817,1.415356,0.264359,1.461878,0.082916,0.009333
689,3,0.080035,0.161808,0.171676,0.063538,1.230937,0.292293,1.523230,0.024832,0.078162
77,1,0.099811,0.085000,0.237816,0.184078,1.293046,0.275584,1.568630,0.096358,0.019260
758,2,0.069576,0.036390,0.020814,0.120776,1.052444,0.264359,1.316803,0.083344,0.009245
718,2,0.049894,0.054263,0.214274,0.124490,1.549969,0.321874,1.228096,0.017290,0.065118
46,1,0.163036,0.044875,0.489494,0.052287,1.561398,0.261005,1.300393,0.005113,0.076474
443,1,0.393437,0.069140,0.290941,0.190196,1.310378,0.015245,1.295133,0.109827,0.195726
320,1,0.057817,0.074865,0.248750,0.351720,1.316334,0.026977,1.289357,0.152032,0.047264
56,0,0.163036,0.166726,0.114484,0.353384,1.328775,0.261005,1.551813,0.163959,0.071635
790,3,0.165470,0.041666,0.059529,0.027724,1.563910,0.271228,1.292682,0.121889,0.021257
87,1,0.099811,0.038000,0.455885,0.366221,1.544047,0.275584,1.321961,0.113395,0.063994
615,2,0.049894,0.134423,0.280330,0.198137,1.556591,0.321874,1.234718,0.079928,0.080850
435,0,0.393437,0.064612,0.334278,0.026222,1.241550,0.015245,1.226305,0.008704,0.183816
349,1,0.046716,0.074865,0.224337,0.350930,1.348893,0.059537,1.289357,0.151739,0.048022
219,1,0.055546,0.068707,0.448716,0.033911,1.569118,0.265027,1.307448,0.020939,0.072837
710,2,0.069576,0.091665,0.006496,0.144480,1.300899,0.264359,1.565257,0.109535,0.003859
20,0,0.098966,0.040040,0.010767,0.323646,1.491656,0.254303,1.237353,0.117591,0.051988
236,1,0.055546,0.238384,0.320743,0.340909,1.284039,0.265027,1.549066,0.102515,0.047555
428,0,0.393437,0.046933,0.183570,0.044095,1.455216,0.015245,1.470461,0.141987,0.185578
699,2,0.049894,0.062822,0.251966,0.161406,1.524902,0.321874,1.203028,0.053032,0.074095
54,1,0.163036,0.040067,0.451598,0.186500,1.525617,0.261005,1.264612,0.031506,0.069156
235,1,0.055546,0.087443,0.387257,0.252045,1.450685,0.265027,1.425881,0.038350,0.060695
734,3,0.067474,0.046899,0.181440,0.110141,1.511414,0.309194,1.320984,0.019042,0.062739
444,0,0.393437,0.061257,0.189949,0.234502,1.224541,0.015245,1.209297,0.135608,0.185504
35,0,0.120015,0.040040,0.059153,0.333794,1.512426,0.275073,1.237353,0.122048,0.061569
117,1,0.137983,0.082457,0.414957,0.493952,1.532827,0.272163,1.336602,0.164923,0.062841
764,2,0.049894,0.040580,0.242641,0.040607,1.541318,0.321874,1.219444,0.044189,0.071874
226,0,0.055546,0.046933,0.342624,0.237406,1.205434,0.265027,1.470461,0.103962,0.094469
112,1,0.137983,0.069140,0.410239,0.329297,1.567296,0.272163,1.295133,0.160378,0.061891
771,3,0.080035,0.059046,0.194991,0.008481,1.538211,0.292293,1.311088,0.002518,0.073093
162,1,0.083229,0.042837,0.293936,0.412433,1.535695,0.295610,1.310288,0.177666,0.033022
639,2,0.069576,0.043910,0.253448,0.288122,1.469760,0.264359,1.205402,0.141041,0.055389
751,3,0.080035,0.044472,0.199927,0.073429,1.502512,0.292293,1.346788,0.002206,0.072019
223,1,0.055546,0.044875,0.434773,0.058922,1.565420,0.265027,1.300393,0.007488,0.070083
585,2,0.069576,0.040308,0.003318,0.364669,1.418157,0.264359,1.459077,0.100406,0.005736
657,3,0.058292,0.082457,0.288039,0.261743,1.531767,0.273224,1.336602,0.096274,0.022226
491,2,0.165470,0.166726,0.438334,0.339547,1.318552,0.271228,1.551813,0.139089,0.112182
667,2,0.069576,0.068414,0.006233,0.236403,1.357912,0.264359,1.519322,0.109277,0.003912
167,0,0.055546,0.053255,0.337612,0.052114,1.488481,0.265027,1.223454,0.108797,0.093479
789,3,0.165470,0.062270,0.028927,0.019377,1.562860,0.271228,1.307504,0.151374,0.015100
607,2,0.049894,0.038438,0.252630,0.317480,1.538800,0.321874,1.216926,0.053662,0.074253
493,2,0.069576,0.166726,0.033635,0.453298,1.325421,0.264359,1.551813,0.135798,0.001542
55,0,0.163036,0.040040,0.149736,0.351663,1.498358,0.261005,1.237353,0.129895,0.078442
319,1,0.057817,0.069140,0.262513,0.344189,1.322110,0.026977,1.295133,0.165790,0.047563
656,3,0.053405,0.082457,0.484214,0.259224,1.537405,0.267585,1.336602,0.095489,0.024674
427,0,0.393437,0.052691,0.248122,0.046598,1.286708,0.015245,1.271463,0.077442,0.184823
453,1,0.393437,0.052315,0.025949,0.333823,1.422839,0.015245,1.438084,0.155143,0.192627
227,0,0.055546,0.044445,0.336435,0.248551,1.567776,0.265027,1.308789,0.109932,0.093247
687,3,0.052757,0.161808,0.247556,0.058577,1.317624,0.205607,1.523230,0.025152,0.083118
85,1,0.099811,0.074865,0.486774,0.327701,1.564941,0.275584,1.289357,0.143106,0.070331
231,1,0.055546,0.040067,0.397200,0.193316,1.529639,0.265027,1.264612,0.028758,0.062660
36,0,0.120015,0.166726,0.016179,0.334552,1.314706,0.275073,1.551813,0.163415,0.052807
538,3,0.067474,0.238384,0.119158,0.196364,1.239872,0.309194,1.549066,0.078350,0.077005
348,1,0.046716,0.069140,0.238006,0.343072,1.354670,0.059537,1.295133,0.165384,0.048637
671,3,0.067474,0.117232,0.148380,0.121872,1.519064,0.309194,1.313334,0.050523,0.070311
683,2,0.049894,0.054594,0.121599,0.195423,1.467260,0.321874,1.352459,0.070590,0.043048
97,0,0.137983,0.120185,0.422694,0.250210,1.502675,0.272163,1.230511,0.125166,0.133766
792,3,0.165470,0.073568,0.013073,0.025038,1.545731,0.271228,1.324634,0.166657,0.011908
69,0,0.099811,0.120185,0.371466,0.242184,1.506096,0.275584,1.230511,0.121589,0.126201
232,1,0.055546,0.039606,0.482632,0.162141,1.558287,0.265027,1.293259,0.053657,0.079537
52,1,0.163036,0.085000,0.384653,0.147109,1.307625,0.261005,1.568630,0.096194,0.056229
429,0,0.393437,0.044445,0.314944,0.038577,1.324034,0.015245,1.308789,0.010628,0.184042
454,0,0.393437,0.043910,0.129735,0.373181,1.220646,0.015245,1.205402,0.195816,0.186208
735,3,0.080035,0.046899,0.182362,0.096626,1.528316,0.292293,1.320984,0.014605,0.075838
180,0,0.114796,0.166726,0.080058,0.303520,1.322922,0.266858,1.551813,0.162517,0.021783
568,3,0.165470,0.042837,0.043817,0.460735,1.560077,0.271228,1.310288,0.137027,0.018096
110,0,0.137983,0.166726,0.380807,0.407086,1.317616,0.272163,1.551813,0.165513,0.125325
449,1,0.393437,0.042837,0.300891,0.243924,1.325533,0.015245,1.310288,0.119775,0.195842
74,0,0.099811,0.046933,0.394951,0.274144,1.194877,0.275584,1.470461,0.098999,0.131019
101,0,0.137983,0.046933,0.451053,0.282649,1.198298,0.272163,1.470461,0.097850,0.139480
230,0,0.055546,0.064612,0.323103,0.317833,1.491332,0.265027,1.226305,0.122794,0.090613
766,3,0.052757,0.059046,0.272900,0.014792,1.516695,0.205607,1.311088,0.000346,0.079223
595,2,0.069576,0.055014,0.015131,0.306692,1.356728,0.264359,1.520506,0.117927,0.002133
629,3,0.067474,0.052315,0.159624,0.259321,1.128889,0.309194,1.438084,0.039816,0.067736
749,3,0.052757,0.044472,0.277527,0.066770,1.552395,0.205607,1.346788,0.004183,0.078512
21,0,0.098966,0.166726,0.036292,0.324844,1.335477,0.254303,1.551813,0.163134,0.043101
539,3,0.080035,0.238384,0.115321,0.182950,1.256773,0.292293,1.549066,0.078768,0.090414
436,1,0.393437,0.040067,0.097017,0.056100,1.279857,0.015245,1.264612,0.084076,0.193458
438,0,0.393437,0.040040,0.317747,0.073704,1.252597,0.015245,1.237353,0.007825,0.184009
437,1,0.393437,0.039606,0.191028,0.042544,1.308504,0.015245,1.293259,0.009925,0.194557
323,1,0.057817,0.042837,0.269171,0.397235,1.337265,0.026977,1.310288,0.172445,0.047707
439,1,0.393437,0.038478,0.227463,0.071885,1.274958,0.015245,1.259714,0.046356,0.194983
442,0,0.393437,0.038459,0.127451,0.198980,1.246609,0.015245,1.231365,0.198100,0.186234
116,1,0.137983,0.042837,0.417026,0.381140,1.559141,0.272163,1.310288,0.166916,0.063258
447,1,0.393437,0.038000,0.249806,0.230758,1.337206,0.015245,1.321961,0.068696,0.195245
450,0,0.393437,0.036400,0.169541,0.311419,1.304079,0.015245,1.288835,0.156015,0.185742
780,3,0.058292,0.046479,0.281516,0.047765,1.531863,0.273224,1.336506,0.102551,0.023557
352,1,0.046716,0.042837,0.244642,0.395963,1.369825,0.059537,1.310288,0.172008,0.048936
672,3,0.080035,0.117232,0.149488,0.108765,1.535965,0.292293,1.313334,0.046068,0.082986
773,3,0.053405,0.046479,0.477691,0.045277,1.537502,0.267585,1.336506,0.101776,0.025977
132,0,0.276357,0.064612,0.485242,0.371933,1.482762,0.256457,1.226305,0.147189,0.141525
648,2,0.049894,0.040125,0.104026,0.288109,1.357841,0.321874,1.461878,0.087254,0.038862
785,3,0.058292,0.041666,0.279366,0.019413,1.565906,0.273224,1.292682,0.104620,0.023996
169,0,0.114796,0.036381,0.054429,0.000488,1.549856,0.266858,1.324879,0.137803,0.026874
574,2,0.049894,0.036400,0.290525,0.309501,1.530884,0.321874,1.288835,0.089596,0.083278
173,0,0.114796,0.045856,0.057861,0.151909,1.501186,0.266858,1.234328,0.141112,0.026193
777,3,0.053405,0.041666,0.475684,0.021885,1.560267,0.267585,1.292682,0.103711,0.026377
733,3,0.052757,0.046899,0.260179,0.091117,1.526591,0.205607,1.320984,0.012796,0.081178
709,2,0.049894,0.091665,0.080807,0.115005,1.243384,0.321874,1.565257,0.109273,0.033332
83,0,0.099811,0.166726,0.326055,0.398645,1.314195,0.275584,1.551813,0.165269,0.116886
119,0,0.276357,0.053255,0.499554,0.106143,1.479910,0.256457,1.223454,0.133359,0.144286
537,3,0.052757,0.238384,0.192741,0.181823,1.343459,0.205607,1.549066,0.078803,0.091542
229,1,0.055546,0.085000,0.327262,0.154495,1.303603,0.265027,1.568630,0.096227,0.048843
507,2,0.049894,0.038459,0.300852,0.429045,1.553239,0.321874,1.231365,0.099388,0.085737
24,0,0.120015,0.036381,0.032586,0.030600,1.541641,0.275073,1.324879,0.147618,0.056153
729,2,0.069576,0.046666,0.030148,0.177522,1.309398,0.264359,1.567836,0.132434,0.000850
127,0,0.276357,0.045856,0.440046,0.264861,1.490785,0.256457,1.234328,0.190864,0.132804
666,2,0.049894,0.068414,0.078631,0.207460,1.300397,0.321874,1.519322,0.111336,0.032814
233,0,0.055546,0.040040,0.311023,0.362026,1.502380,0.265027,1.237353,0.134446,0.088227
670,3,0.052757,0.117232,0.227349,0.105417,1.518941,0.205607,1.313334,0.044930,0.086223
492,2,0.049894,0.166726,0.051981,0.425282,1.267906,0.321874,1.551813,0.136609,0.026467
625,3,0.165470,0.036703,0.029803,0.347152,1.336228,0.271228,1.534137,0.150530,0.015276
584,2,0.049894,0.040308,0.085571,0.335754,1.360642,0.321874,1.459077,0.104755,0.034467
62,0,0.099811,0.053255,0.368613,0.086287,1.499038,0.275584,1.223454,0.124333,0.125616
708,2,0.165470,0.091665,0.470072,0.029770,1.294029,0.271228,1.565257,0.108514,0.118566
75,0,0.099811,0.044445,0.371326,0.282643,1.557219,0.275584,1.308789,0.121724,0.126173
40,0,0.163036,0.036381,0.125299,0.048717,1.555709,0.261005,1.324879,0.153508,0.073723
362,0,0.048889,0.046933,0.356239,0.016811,1.470461,0.000000,1.470461,0.133762,0.125000
14,0,0.098966,0.045856,0.022909,0.172501,1.488631,0.254303,1.234328,0.150182,0.045628
630,3,0.080035,0.052315,0.153304,0.244769,1.145791,0.292293,1.438084,0.042416,0.082156
517,3,0.165470,0.069140,0.018812,0.486233,1.566361,0.271228,1.295133,0.161123,0.013064
135,0,0.276357,0.040040,0.473835,0.416143,1.493809,0.256457,1.237353,0.158212,0.139323
171,0,0.114796,0.037990,0.065600,0.097385,1.542844,0.266858,1.275986,0.148575,0.024655
28,0,0.120015,0.045856,0.025519,0.182125,1.509401,0.275073,1.234328,0.154421,0.054712
126,0,0.276357,0.037990,0.438400,0.210126,1.532443,0.256457,1.275986,0.192455,0.132486
102,0,0.137983,0.044445,0.423392,0.290651,1.560640,0.272163,1.308789,0.124494,0.133906
89,0,0.137983,0.053255,0.419765,0.094326,1.495617,0.272163,1.223454,0.127987,0.133175
121,0,0.276357,0.036381,0.457067,0.113022,1.560257,0.256457,1.324879,0.174416,0.136088
60,1,0.163036,0.036703,0.374044,0.477874,1.346451,0.261005,1.534137,0.106445,0.054181
130,1,0.276357,0.035017,0.167270,0.181869,1.302468,0.256457,1.558925,0.178477,0.026844
234,0,0.055546,0.166726,0.280116,0.363872,1.324753,0.265027,1.551813,0.164263,0.082121
489,2,0.066841,0.166726,0.062242,0.368597,1.197268,0.392512,1.551813,0.138249,0.083138
533,3,0.165470,0.074865,0.002340,0.470540,1.560585,0.271228,1.289357,0.181381,0.008834
567,3,0.058292,0.042837,0.262512,0.413612,1.558081,0.273224,1.310288,0.120837,0.027436
45,0,0.163036,0.045856,0.116037,0.200372,1.495333,0.261005,1.234328,0.162458,0.071935
594,2,0.049894,0.055014,0.069605,0.278123,1.299213,0.321874,1.520506,0.119896,0.030665
665,2,0.165470,0.068414,0.460939,0.123426,1.351043,0.271228,1.519322,0.117313,0.116729
490,2,0.058292,0.166726,0.342859,0.288808,1.316556,0.273224,1.551813,0.140557,0.162909
78,0,0.099811,0.064612,0.354245,0.351896,1.501890,0.275584,1.226305,0.138154,0.122669
566,3,0.053405,0.042837,0.458772,0.411213,1.563719,0.267585,1.310288,0.120013,0.029754
641,2,0.075555,0.040125,0.165291,0.183774,1.466639,0.004761,1.461878,0.102490,0.142569
488,2,0.053405,0.166726,0.151225,0.289516,1.322195,0.267585,1.551813,0.140537,0.162201
610,2,0.075555,0.134423,0.318561,0.131935,1.239478,0.004761,1.234718,0.050776,0.143337
487,2,0.052757,0.166726,0.448853,0.253456,1.384173,0.205607,1.551813,0.141580,0.198252
12,0,0.098966,0.037990,0.029541,0.118004,1.530289,0.254303,1.275986,0.156600,0.044376
628,3,0.052757,0.052315,0.229221,0.240956,1.232477,0.205607,1.438084,0.043098,0.085935
638,2,0.049894,0.043910,0.325267,0.249389,1.527275,0.321874,1.205402,0.122540,0.091551
26,0,0.120015,0.037990,0.019413,0.127509,1.551059,0.275073,1.275986,0.160300,0.053467
105,0,0.137983,0.064612,0.405422,0.359989,1.498469,0.272163,1.226305,0.141803,0.130285
462,0,0.047430,0.166726,0.004706,0.087360,1.420022,0.131790,1.551813,0.156263,0.194328
238,1,0.055546,0.036703,0.317060,0.485233,1.342428,0.265027,1.534137,0.106068,0.046828
654,3,0.067474,0.082457,0.118801,0.205320,1.495796,0.309194,1.336602,0.078690,0.077087
614,2,0.066841,0.134423,0.143011,0.133258,1.514363,0.392512,1.234718,0.051358,0.142089
524,2,0.069576,0.061257,0.305998,0.397827,1.473655,0.264359,1.209297,0.191721,0.065811
613,2,0.065316,0.134423,0.111012,0.143269,1.454626,0.219909,1.234718,0.055767,0.132640
593,2,0.165470,0.055014,0.452219,0.193702,1.349859,0.271228,1.520506,0.125713,0.114975
682,2,0.165470,0.054594,0.485119,0.114937,1.517905,0.271228,1.352459,0.094018,0.121593
29,0,0.120015,0.079057,0.018706,0.180463,1.521991,0.275073,1.246918,0.196961,0.045701
48,0,0.163036,0.052691,0.095917,0.218143,1.532468,0.261005,1.271463,0.181900,0.068049
61,1,0.163036,0.052315,0.294965,0.488939,1.177079,0.261005,1.438084,0.182858,0.038911
599,3,0.052757,0.040060,0.227205,0.296520,1.090985,0.205607,1.296592,0.045071,0.086245
175,0,0.114796,0.052691,0.080317,0.169653,1.538321,0.266858,1.271463,0.162767,0.021731
174,0,0.114796,0.079057,0.102574,0.150509,1.513775,0.266858,1.246918,0.184229,0.017309
43,0,0.163036,0.037990,0.110911,0.145782,1.536991,0.261005,1.275986,0.167412,0.070945
577,2,0.075555,0.040308,0.146678,0.227052,1.463838,0.004761,1.459077,0.121104,0.142476
788,3,0.165470,0.046934,0.008251,0.058735,1.552222,0.271228,1.280994,0.187152,0.007629
727,2,0.165470,0.046666,0.444714,0.063210,1.302529,0.271228,1.567836,0.132943,0.113465
612,2,0.053405,0.134423,0.323879,0.075428,1.502303,0.267585,1.234718,0.025893,0.196673
15,0,0.098966,0.079057,0.067325,0.171537,1.501221,0.254303,1.246918,0.193167,0.037241
583,2,0.165470,0.040308,0.461046,0.252943,1.411288,0.271228,1.459077,0.117210,0.116750
647,2,0.165470,0.040125,0.479690,0.205976,1.408487,0.271228,1.461878,0.099248,0.120501
550,3,0.165470,0.038000,0.004662,0.469165,1.548403,0.271228,1.321961,0.174794,0.010209
728,2,0.049894,0.046666,0.056251,0.149189,1.251883,0.321874,1.567836,0.132560,0.027484
783,3,0.058292,0.062270,0.247807,0.027806,1.560865,0.273224,1.307504,0.134988,0.030438
557,2,0.165470,0.036656,0.412399,0.333166,1.323588,0.271228,1.546777,0.164074,0.106964
499,3,0.080035,0.087443,0.009046,0.394078,1.423419,0.292293,1.425881,0.180516,0.113529
59,0,0.163036,0.036656,0.084687,0.489363,1.333811,0.261005,1.546777,0.192752,0.065881
744,2,0.165470,0.035151,0.441541,0.064318,1.183723,0.271228,1.454950,0.136000,0.112827
354,0,0.048889,0.120185,0.487197,0.024362,1.230511,0.000000,1.230511,0.002804,0.125000
51,1,0.163036,0.035017,0.300732,0.114995,1.297920,0.261005,1.558925,0.177286,0.040024
383,0,0.048889,0.040125,0.294599,0.412359,1.461878,0.000000,1.461878,0.195402,0.125000
98,0,0.137983,0.045856,0.360130,0.252523,1.506492,0.272163,1.234328,0.185429,0.121158
495,3,0.075555,0.087443,0.381239,0.367877,1.430641,0.004761,1.425881,0.175438,0.139452
655,3,0.080035,0.082457,0.119558,0.192560,1.512697,0.292293,1.336602,0.074714,0.089493
775,3,0.053405,0.062270,0.444077,0.030136,1.566503,0.267585,1.307504,0.134178,0.032688
30,0,0.120015,0.052691,0.004568,0.199701,1.546537,0.275073,1.271463,0.174623,0.050433
38,1,0.120015,0.052315,0.444188,0.462111,1.163010,0.275073,1.438084,0.178065,0.065496
706,2,0.066841,0.091665,0.030307,0.056026,1.172745,0.392512,1.565257,0.108748,0.092311
651,3,0.075555,0.082457,0.497792,0.141781,1.341363,0.004761,1.336602,0.058889,0.138868
705,2,0.065316,0.091665,0.057519,0.043433,1.345349,0.219909,1.565257,0.108636,0.104904
746,2,0.069576,0.035151,0.052932,0.183319,1.190592,0.264359,1.454950,0.154417,0.005371
108,0,0.137983,0.040040,0.393874,0.404106,1.509516,0.272163,1.237353,0.152926,0.127958
498,3,0.067474,0.087443,0.009573,0.405612,1.406518,0.309194,1.425881,0.182752,0.102117
215,0,0.055546,0.036381,0.287817,0.058944,1.551687,0.265027,1.324879,0.156834,0.083642
530,3,0.080035,0.074865,0.053660,0.353236,1.559943,0.292293,1.289357,0.137785,0.103821
96,0,0.137983,0.037990,0.357819,0.197795,1.548149,0.272163,1.275986,0.187655,0.120692
91,0,0.137983,0.036381,0.375671,0.100857,1.544550,0.272163,1.324879,0.170460,0.124290
707,2,0.058292,0.091665,0.376633,0.021468,1.292034,0.273224,1.565257,0.108058,0.169803
16,0,0.098966,0.052691,0.044382,0.190426,1.525766,0.254303,1.271463,0.170964,0.041574
526,3,0.075555,0.074865,0.432582,0.316403,1.294118,0.004761,1.289357,0.124096,0.139195
103,1,0.137983,0.035017,0.058780,0.163958,1.286761,0.272163,1.558925,0.178158,0.008935
514,3,0.080035,0.069140,0.073685,0.369273,1.554167,0.292293,1.295133,0.118618,0.099467
501,3,0.058292,0.087443,0.186140,0.465337,1.442488,0.273224,1.425881,0.194327,0.043026
704,2,0.053405,0.091665,0.184910,0.020592,1.297672,0.267585,1.565257,0.108066,0.168927
73,0,0.099811,0.052691,0.290888,0.261717,1.547048,0.275584,1.271463,0.199094,0.109672
510,3,0.075555,0.069140,0.453028,0.328089,1.299894,0.004761,1.295133,0.103651,0.139092
529,3,0.067474,0.074865,0.052092,0.365163,1.543042,0.309194,1.289357,0.142218,0.092367
500,3,0.053405,0.087443,0.382091,0.463278,1.448127,0.267585,1.425881,0.193927,0.045064
81,0,0.099811,0.040040,0.342599,0.395974,1.512937,0.275584,1.237353,0.149355,0.120280
497,3,0.052757,0.087443,0.087655,0.399978,1.510105,0.205607,1.425881,0.181660,0.107692
37,0,0.120015,0.036656,0.013673,0.470205,1.319742,0.275073,1.546777,0.192113,0.046728
471,0,0.047430,0.091665,0.058090,0.460379,1.444545,0.131790,1.565257,0.103334,0.199632
693,2,0.075555,0.062822,0.285352,0.087386,1.207789,0.004761,1.203028,0.017567,0.143171
769,3,0.067474,0.046479,0.112238,0.008938,1.495893,0.309194,1.336506,0.084940,0.078590
33,1,0.120015,0.035017,0.445474,0.089258,1.283852,0.275073,1.558925,0.176828,0.065758
513,3,0.067474,0.069140,0.072227,0.381447,1.537265,0.309194,1.295133,0.123042,0.087755
70,0,0.099811,0.045856,0.308877,0.244263,1.509913,0.275584,1.234328,0.181791,0.113362
372,1,0.048889,0.087443,0.310166,0.187051,1.425881,0.000000,1.425881,0.050946,0.125000
653,3,0.052757,0.082457,0.197358,0.191183,1.542209,0.205607,1.336602,0.074284,0.090832
181,0,0.114796,0.036656,0.109683,0.439364,1.327958,0.266858,1.546777,0.191084,0.015897
519,2,0.075555,0.061257,0.420131,0.314391,1.214058,0.004761,1.209297,0.152344,0.143846
663,2,0.066841,0.068414,0.037536,0.149958,1.229759,0.392512,1.519322,0.115426,0.090234
532,3,0.058292,0.074865,0.217846,0.423280,1.562580,0.273224,1.289357,0.163817,0.036554
787,3,0.058292,0.073568,0.230878,0.072264,1.543735,0.273224,1.324634,0.151277,0.033894
432,1,0.054966,0.074865,0.047689,0.193452,1.552219,0.262862,1.289357,0.093213,0.199259
476,2,0.065316,0.064612,0.331543,0.490678,1.446214,0.219909,1.226305,0.270925,0.168939
697,2,0.066841,0.062822,0.111986,0.098094,1.546052,0.392512,1.203028,0.022698,0.133178
531,3,0.053405,0.074865,0.414174,0.421088,1.556942,0.267585,1.289357,0.163002,0.038658
358,0,0.048889,0.079057,0.369590,0.000871,1.246918,0.000000,1.246918,0.120410,0.125000
528,3,0.052757,0.074865,0.131356,0.356199,1.494964,0.205607,1.289357,0.138887,0.100976
559,2,0.069576,0.036656,0.059014,0.446743,1.330457,0.264359,1.546777,0.160283,0.006577
516,3,0.058292,0.069140,0.238470,0.439038,1.568357,0.273224,1.295133,0.143971,0.032344
696,2,0.065316,0.062822,0.080083,0.104127,1.422937,0.219909,1.203028,0.025588,0.127548
676,2,0.075555,0.054594,0.167504,0.093432,1.357220,0.004761,1.352459,0.100278,0.142580
522,2,0.066841,0.061257,0.238335,0.286997,1.539784,0.392512,1.209297,0.139416,0.169467
712,2,0.075555,0.054263,0.247865,0.041776,1.232856,0.004761,1.228096,0.019918,0.142983
664,2,0.058292,0.068414,0.363288,0.073004,1.349047,0.273224,1.519322,0.120899,0.167079
68,0,0.099811,0.037990,0.306121,0.189540,1.551571,0.275584,1.275986,0.184443,0.112797
521,2,0.065316,0.061257,0.207575,0.309378,1.429205,0.219909,1.209297,0.149979,0.148534
375,1,0.048889,0.074865,0.483061,0.270776,1.289357,0.000000,1.289357,0.121950,0.125000
63,0,0.099811,0.036381,0.323426,0.092666,1.541129,0.275584,1.324879,0.167797,0.116347
22,0,0.098966,0.036656,0.065918,0.460981,1.340513,0.254303,1.546777,0.191805,0.037507
515,3,0.053405,0.069140,0.434779,0.436751,1.562718,0.267585,1.295133,0.143140,0.034544
512,3,0.052757,0.069140,0.151454,0.370916,1.500740,0.205607,1.295133,0.119215,0.097887
662,2,0.053405,0.068414,0.171655,0.073804,1.354686,0.267585,1.519322,0.120842,0.166281
76,1,0.099811,0.035017,0.152974,0.153166,1.283340,0.275584,1.558925,0.177965,0.001856
772,3,0.080035,0.046479,0.112995,0.021565,1.512794,0.292293,1.336506,0.080995,0.090920
698,2,0.058292,0.062822,0.481550,0.035898,1.476252,0.273224,1.203028,0.007101,0.191220
591,2,0.066841,0.055014,0.046629,0.221090,1.228575,0.392512,1.520506,0.123826,0.087623
680,2,0.066841,0.054594,0.007062,0.138102,1.396621,0.392512,1.352459,0.087275,0.098987
716,2,0.066841,0.054263,0.076236,0.063098,1.520985,0.392512,1.228096,0.010326,0.122911
373,1,0.048889,0.069140,0.497652,0.263705,1.295133,0.000000,1.295133,0.136541,0.125000
679,2,0.065316,0.054594,0.038403,0.128814,1.569225,0.219909,1.352459,0.089979,0.108051
715,2,0.065316,0.054263,0.043923,0.064496,1.448004,0.219909,1.228096,0.009698,0.121595
565,3,0.080035,0.042837,0.096299,0.344153,1.539011,0.292293,1.310288,0.096975,0.094550
695,2,0.053405,0.062822,0.290315,0.037235,1.470613,0.267585,1.203028,0.006461,0.189972
470,0,0.047430,0.068414,0.001691,0.398247,1.387531,0.131790,1.519322,0.159285,0.194025
634,2,0.075555,0.043910,0.363715,0.193679,1.210163,0.004761,1.205402,0.095929,0.143563
366,0,0.048889,0.064612,0.470521,0.088720,1.226305,0.000000,1.226305,0.019479,0.125000
561,3,0.075555,0.042837,0.475502,0.298171,1.315049,0.004761,1.310288,0.081178,0.138980
592,2,0.058292,0.055014,0.354675,0.143290,1.347863,0.273224,1.520506,0.129187,0.165321
681,2,0.058292,0.054594,0.376301,0.065608,1.515910,0.273224,1.352459,0.108378,0.169735
717,2,0.058292,0.054263,0.447707,0.002134,1.501319,0.273224,1.228096,0.039667,0.184312
770,3,0.067474,0.046934,0.047126,0.046802,1.551404,0.309194,1.280994,0.146947,0.093505
523,2,0.049894,0.061257,0.377861,0.356913,1.531171,0.321874,1.209297,0.172412,0.104077
547,3,0.080035,0.038000,0.055430,0.351871,1.527338,0.292293,1.321961,0.136091,0.103436
725,2,0.066841,0.046666,0.056360,0.091846,1.181244,0.392512,1.567836,0.132815,0.084828
760,2,0.075555,0.040580,0.277102,0.035298,1.224205,0.004761,1.219444,0.009317,0.143129
374,0,0.048889,0.061257,0.323862,0.299194,1.209297,0.000000,1.209297,0.166139,0.125000
597,3,0.075555,0.040060,0.491803,0.241812,1.291831,0.004761,1.296592,0.064878,0.138898
152,1,0.083229,0.035017,0.078786,0.203496,1.263315,0.295610,1.558925,0.178862,0.048470
622,3,0.080035,0.036703,0.046795,0.226473,1.315163,0.292293,1.534137,0.144356,0.105314
464,0,0.047430,0.061257,0.031371,0.222233,1.077507,0.131790,1.209297,0.129818,0.196978
222,0,0.055546,0.045856,0.277325,0.210579,1.499355,0.265027,1.234328,0.166955,0.081569
590,2,0.053405,0.055014,0.163053,0.144049,1.353502,0.267585,1.520506,0.129135,0.164563
482,3,0.075555,0.038478,0.360574,0.483619,1.264475,0.004761,1.259714,0.196103,0.139555
503,2,0.075555,0.038459,0.339839,0.367805,1.236126,0.004761,1.231365,0.072053,0.143444
601,2,0.075555,0.038438,0.287401,0.243975,1.221687,0.004761,1.216926,0.019617,0.143181
678,2,0.053405,0.054594,0.184840,0.066450,1.521548,0.267585,1.352459,0.108133,0.168913
225,0,0.055546,0.052691,0.257703,0.228239,1.536490,0.265027,1.271463,0.185884,0.077693
589,2,0.052757,0.055014,0.459081,0.108743,1.415480,0.205607,1.520506,0.131568,0.199824
637,2,0.066841,0.043910,0.185343,0.182236,1.543679,0.392512,1.205402,0.090463,0.154247
543,3,0.075555,0.038000,0.432766,0.314966,1.326722,0.004761,1.321961,0.123913,0.139194
714,2,0.053405,0.054263,0.256415,0.000966,1.495681,0.267585,1.228096,0.039138,0.183204
239,1,0.055546,0.052315,0.235944,0.497120,1.173056,0.265027,1.438084,0.184320,0.030803
564,3,0.067474,0.042837,0.095106,0.356609,1.522110,0.309194,1.310288,0.101254,0.082514
636,2,0.065316,0.043910,0.154179,0.197769,1.425310,0.219909,1.205402,0.097882,0.139745
570,2,0.075555,0.036400,0.333973,0.246854,1.293595,0.004761,1.288835,0.066187,0.143414
755,2,0.075555,0.036390,0.230839,0.017341,1.312042,0.004761,1.316803,0.036944,0.142898
739,2,0.075555,0.035151,0.136393,0.034519,1.450190,0.004761,1.454950,0.131388,0.142424
782,3,0.058292,0.046934,0.212316,0.011458,1.554218,0.273224,1.280994,0.169139,0.037683
763,2,0.066841,0.040580,0.103990,0.022252,1.529636,0.392512,1.219444,0.015311,0.130882
726,2,0.058292,0.046666,0.350536,0.012219,1.300533,0.273224,1.567836,0.133170,0.164476
581,2,0.066841,0.040308,0.035231,0.278963,1.290004,0.392512,1.459077,0.113296,0.090896
645,2,0.066841,0.040125,0.016185,0.230257,1.287202,0.392512,1.461878,0.095703,0.096366
480,2,0.066841,0.040040,0.339490,0.434311,1.511728,0.392512,1.237353,0.232859,0.198519
467,0,0.047430,0.055014,0.005699,0.343811,1.388716,0.131790,1.520506,0.166545,0.193297
762,2,0.065316,0.040580,0.071898,0.017266,1.439353,0.219909,1.219444,0.017602,0.126201
580,2,0.065316,0.040308,0.064295,0.265988,1.462607,0.219909,1.459077,0.115248,0.103788
644,2,0.065316,0.040125,0.045841,0.219734,1.459806,0.219909,1.461878,0.097239,0.106826
479,2,0.065316,0.040040,0.308441,0.469667,1.457261,0.219909,1.237353,0.248386,0.165136
361,0,0.048889,0.052691,0.387847,0.016064,1.271463,0.000000,1.271463,0.102154,0.125000
382,1,0.048889,0.052315,0.193776,0.402066,1.438084,0.000000,1.438084,0.167336,0.125000
506,2,0.066841,0.038459,0.163143,0.363107,1.517716,0.392512,1.231365,0.069956,0.147871
605,2,0.066841,0.038438,0.113731,0.254108,1.532154,0.392512,1.216926,0.024310,0.133679
546,3,0.067474,0.038000,0.054380,0.363837,1.510437,0.309194,1.321961,0.140039,0.091843
505,2,0.065316,0.038459,0.131327,0.375722,1.451273,0.219909,1.231365,0.075587,0.135983
604,2,0.065316,0.038438,0.081738,0.260355,1.436835,0.219909,1.216926,0.027204,0.127821
774,3,0.053405,0.046934,0.408664,0.009294,1.548579,0.267585,1.280994,0.168314,0.039758
621,3,0.067474,0.036703,0.049187,0.238764,1.298261,0.309194,1.534137,0.144985,0.093033
724,2,0.053405,0.046666,0.158871,0.012966,1.306171,0.267585,1.567836,0.133166,0.163728
723,2,0.052757,0.046666,0.457286,0.022892,1.368150,0.205607,1.567836,0.133326,0.199548
573,2,0.066841,0.036400,0.157829,0.243801,1.460246,0.392512,1.288835,0.065047,0.146345
767,3,0.052757,0.046479,0.190803,0.022509,1.542112,0.205607,1.336506,0.080700,0.091840
572,2,0.065316,0.036400,0.125068,0.255668,1.508743,0.219909,1.288835,0.069481,0.134953
742,2,0.066841,0.035151,0.064946,0.094990,1.062438,0.392512,1.454950,0.140747,0.082362
582,2,0.058292,0.040308,0.359333,0.203104,1.409292,0.273224,1.459077,0.124706,0.166272
646,2,0.058292,0.040125,0.378212,0.156051,1.406491,0.273224,1.461878,0.106539,0.170126
563,3,0.052757,0.042837,0.174123,0.344305,1.515895,0.205607,1.310288,0.097027,0.094403
357,0,0.048889,0.045856,0.419445,0.008322,1.234328,0.000000,1.234328,0.070556,0.125000
784,3,0.058292,0.038453,0.197472,0.016470,1.569466,0.273224,1.298903,0.183423,0.040713
606,2,0.058292,0.038438,0.484364,0.192134,1.490150,0.273224,1.216926,0.004394,0.191794
472,0,0.047430,0.046666,0.025569,0.480266,1.436046,0.131790,1.567836,0.135570,0.196402
549,3,0.058292,0.038000,0.222642,0.421911,1.546407,0.273224,1.321961,0.159202,0.035575
359,1,0.048889,0.044875,0.348191,0.001913,1.300393,0.000000,1.300393,0.012920,0.125000
363,0,0.048889,0.044445,0.458228,0.022583,1.308789,0.000000,1.308789,0.031772,0.125000
430,1,0.054966,0.039606,0.034193,0.054384,1.556121,0.262862,1.293259,0.014255,0.183169
579,2,0.053405,0.040308,0.167768,0.203876,1.414931,0.267585,1.459077,0.124589,0.165505
624,3,0.058292,0.036703,0.234234,0.298632,1.334232,0.273224,1.534137,0.148048,0.033209
556,2,0.058292,0.036656,0.316664,0.282553,1.321592,0.273224,1.546777,0.165764,0.157562
643,2,0.053405,0.040125,0.186624,0.156913,1.412130,0.267585,1.461878,0.106413,0.169269
730,2,0.052757,0.040545,0.394774,0.026760,1.181193,0.205607,1.386800,0.194511,0.189941
431,1,0.054966,0.038478,0.002012,0.076979,1.522576,0.262862,1.259714,0.048435,0.190134
220,0,0.055546,0.037990,0.272751,0.155946,1.541013,0.265027,1.275986,0.171368,0.080666
468,0,0.047430,0.043910,0.032957,0.368489,1.073611,0.131790,1.205402,0.193575,0.190588
433,1,0.054966,0.038000,0.022636,0.231706,1.556769,0.262862,1.321961,0.069009,0.194327
743,2,0.058292,0.035151,0.356144,0.011166,1.181727,0.273224,1.454950,0.127774,0.165621
776,3,0.053405,0.038453,0.393771,0.018565,1.566488,0.267585,1.298903,0.182669,0.042732
603,2,0.053405,0.038438,0.293106,0.193483,1.484511,0.267585,1.216926,0.003770,0.190529
237,0,0.055546,0.036656,0.250225,0.499701,1.329788,0.265027,1.546777,0.193098,0.076216
548,3,0.053405,0.038000,0.418874,0.419697,1.552046,0.267585,1.321961,0.158471,0.037720
545,3,0.052757,0.038000,0.133254,0.354712,1.527568,0.205607,1.321961,0.137028,0.100684
623,3,0.053405,0.036703,0.429812,0.296303,1.339871,0.267585,1.534137,0.147928,0.035536
367,1,0.048889,0.040067,0.305989,0.127916,1.264612,0.000000,1.264612,0.055123,0.125000
555,2,0.053405,0.036656,0.125077,0.283135,1.327230,0.267585,1.546777,0.165744,0.156980
369,0,0.048889,0.040040,0.454729,0.136199,1.237353,0.000000,1.237353,0.035271,0.125000
228,1,0.055546,0.035017,0.243091,0.122805,1.293898,0.265027,1.558925,0.177425,0.032215
368,1,0.048889,0.039606,0.397483,0.114867,1.293259,0.000000,1.293259,0.036372,0.125000
620,3,0.052757,0.036703,0.125587,0.229927,1.401849,0.205607,1.534137,0.144533,0.101862
554,2,0.052757,0.036656,0.422893,0.245841,1.389209,0.205607,1.546777,0.166989,0.194263
469,0,0.047430,0.040125,0.024962,0.345575,1.330088,0.131790,1.461878,0.185649,0.191383
741,2,0.053405,0.035151,0.164335,0.011973,1.187365,0.267585,1.454950,0.127899,0.164819
370,1,0.048889,0.038478,0.437475,0.145398,1.259714,0.000000,1.259714,0.076363,0.125000
377,1,0.048889,0.038000,0.453730,0.303257,1.321961,0.000000,1.321961,0.092619,0.125000
558,2,0.049894,0.036656,0.026076,0.419862,1.272942,0.321874,1.546777,0.161180,0.020296
463,0,0.047430,0.038459,0.035565,0.194635,1.099575,0.131790,1.231365,0.196160,0.190329
379,0,0.048889,0.036400,0.310342,0.374696,1.288835,0.000000,1.288835,0.179659,0.125000
745,2,0.049894,0.035151,0.037884,0.154646,1.133077,0.321874,1.454950,0.149979,0.023109
465,0,0.047430,0.036656,0.023458,0.231870,1.414987,0.131790,1.546777,0.184158,0.191532
466,0,0.047430,0.036400,0.008468,0.302085,1.157044,0.131790,1.288835,0.152527,0.194702
