388,3,0.662717,0.725102,0.007753,0.000353,1.452616,0.088985,1.541601,0.073337,0.034961
64,1,0.064779,0.225275,0.004161,0.001032,1.415351,0.120031,1.295320,0.043517,0.027073
222,3,0.062254,0.811863,0.166049,0.003573,1.567714,0.020204,1.553674,0.046233,0.070096
387,3,0.727283,0.725102,0.009819,0.009250,1.458537,0.083064,1.541601,0.073715,0.044378
390,3,0.062254,0.725102,0.137549,0.034499,1.561805,0.020204,1.541601,0.074726,0.069620
329,0,0.616261,0.110006,0.013946,0.001414,1.467654,0.098908,1.566562,0.101817,0.120255
73,1,0.689104,0.225275,0.155836,0.032721,1.177924,0.117396,1.295320,0.031455,0.004806
231,1,0.688601,0.035000,0.013471,0.002751,1.462130,0.108666,1.570796,0.098889,0.028916
7,1,0.257956,0.225275,0.293060,0.031392,1.415137,0.119817,1.295320,0.031939,0.003526
219,3,0.727283,0.811863,0.037962,0.024093,1.470610,0.083064,1.553674,0.045560,0.042591
76,1,0.688601,0.225275,0.139370,0.046912,1.186653,0.108666,1.295320,0.026288,0.018461
225,3,0.055481,0.811863,0.498141,0.140087,1.321678,0.231996,1.553674,0.042720,0.073399
220,3,0.662717,0.811863,0.035876,0.033637,1.464689,0.088985,1.553674,0.045326,0.033043
212,1,0.688601,0.811863,0.046610,0.004549,1.479252,0.108666,1.553674,0.065913,0.026162
228,3,0.048524,0.811863,0.209741,0.147160,1.255001,0.298673,1.553674,0.042546,0.080471
81,1,0.689104,0.065484,0.116877,0.005502,1.183566,0.117396,1.300962,0.007225,0.008295
224,3,0.246680,0.811863,0.014869,0.078473,1.229703,0.323971,1.553674,0.044228,0.011794
221,3,0.167234,0.811863,0.434503,0.158748,1.193457,0.360217,1.553674,0.042263,0.092058
223,3,0.067452,0.811863,0.086555,0.066268,1.225940,0.327734,1.553674,0.044527,0.000411
82,1,0.689104,0.811863,0.057457,0.007999,1.470523,0.117396,1.553674,0.066220,0.013616
180,1,0.688601,0.065484,0.100647,0.008535,1.192296,0.108666,1.300962,0.012200,0.021676
393,3,0.055481,0.725102,0.470939,0.103867,1.309605,0.231996,1.541601,0.069185,0.068682
106,1,0.689104,0.081385,0.081853,0.365645,1.282773,0.117396,1.400169,0.041999,0.011431
397,3,0.048524,0.725102,0.182096,0.109534,1.242928,0.298673,1.541601,0.068958,0.074346
93,1,0.689104,0.046097,0.139321,0.195360,1.229144,0.117396,1.346540,0.015058,0.006285
902,3,0.727283,0.057443,0.122930,0.052751,1.329243,0.083064,1.246179,0.039133,0.037215
46,1,0.051543,0.811863,0.135185,0.038994,1.430368,0.123306,1.553674,0.066979,0.017374
229,3,0.066830,0.811863,0.261134,0.180639,1.204840,0.348834,1.553674,0.041727,0.113945
389,3,0.167234,0.725102,0.406408,0.119808,1.181384,0.360217,1.541601,0.068546,0.084615
215,1,0.616261,0.811863,0.134574,0.043534,1.489010,0.098908,1.553674,0.064959,0.065141
916,3,0.662717,0.057443,0.116373,0.042566,1.335164,0.088985,1.246179,0.034838,0.027553
218,3,0.126842,0.811863,0.111776,0.045660,1.498791,0.054884,1.553674,0.047266,0.112302
12,1,0.257956,0.811863,0.193677,0.027270,1.433857,0.119817,1.553674,0.066692,0.005651
103,1,0.689104,0.037232,0.199119,0.363364,1.229707,0.117396,1.347102,0.074428,0.000929
568,2,0.727283,0.054951,0.041660,0.350402,1.530125,0.083064,1.528403,0.133466,0.088355
237,1,0.688601,0.725102,0.005581,0.110560,1.491325,0.108666,1.541601,0.106812,0.029578
553,2,0.727283,0.366685,0.004354,0.042152,1.509464,0.083064,1.549065,0.087684,0.091261
392,3,0.246680,0.725102,0.043891,0.040011,1.217630,0.323971,1.541601,0.071742,0.004854
80,1,0.689104,0.060230,0.079651,0.010310,1.207145,0.117396,1.324541,0.044185,0.011628
241,1,0.688601,0.046097,0.123942,0.181555,1.237874,0.108666,1.346540,0.010954,0.019742
254,1,0.688601,0.081385,0.067643,0.352466,1.291503,0.108666,1.400169,0.045005,0.024416
901,3,0.727283,0.050111,0.034694,0.000658,1.425191,0.083064,1.508255,0.048819,0.042798
226,3,0.049597,0.811863,0.339126,0.196106,1.151302,0.402372,1.553674,0.041348,0.129410
498,2,0.727283,0.383388,0.021506,0.058711,1.505067,0.083064,1.553461,0.113378,0.089630
398,3,0.066830,0.725102,0.233528,0.142041,1.192767,0.348834,1.541601,0.067656,0.106839
251,1,0.688601,0.037232,0.183553,0.349142,1.238436,0.108666,1.347102,0.070201,0.014794
122,1,0.060320,0.811863,0.181601,0.011400,1.402711,0.150963,1.553674,0.066303,0.010216
89,1,0.689104,0.725102,0.016079,0.122822,1.482596,0.117396,1.541601,0.107303,0.017322
903,3,0.662717,0.050111,0.033181,0.010085,1.419271,0.088985,1.508255,0.048010,0.033227
391,3,0.067452,0.725102,0.057259,0.027613,1.213867,0.327734,1.541601,0.072239,0.007539
36,0,0.257956,0.366685,0.272050,0.472627,1.472711,0.119817,1.549065,0.115145,0.072472
555,2,0.662717,0.366685,0.071789,0.047830,1.503543,0.088985,1.549065,0.087507,0.085583
386,3,0.126842,0.725102,0.082513,0.078421,1.486717,0.054884,1.541601,0.076485,0.113522
148,1,0.688601,0.060230,0.064013,0.023763,1.215874,0.108666,1.324541,0.048613,0.024717
395,3,0.049597,0.725102,0.311143,0.156375,1.139229,0.402372,1.541601,0.067082,0.121167
646,2,0.727283,0.041685,0.011466,0.285793,1.554417,0.083064,1.504111,0.080559,0.091713
500,2,0.662717,0.383388,0.045964,0.064521,1.499147,0.088985,1.553461,0.113236,0.083821
78,1,0.616261,0.225275,0.210692,0.089513,1.196412,0.098908,1.295320,0.010780,0.059448
227,3,0.092855,0.811863,0.353906,0.208614,1.191429,0.362246,1.553674,0.041042,0.141916
570,2,0.662717,0.054951,0.026017,0.356303,1.524205,0.088985,1.528403,0.133125,0.082459
331,1,0.616261,0.725102,0.094065,0.071950,1.501084,0.098908,1.541601,0.105265,0.068170
585,2,0.727283,0.036590,0.056997,0.363534,1.552222,0.083064,1.506306,0.148751,0.087384
396,3,0.092855,0.725102,0.326634,0.169877,1.179355,0.362246,1.541601,0.066541,0.134662
49,1,0.051543,0.725102,0.092991,0.161441,1.418294,0.123306,1.541601,0.108849,0.021280
19,1,0.257956,0.725102,0.151673,0.149685,1.421784,0.119817,1.541601,0.108378,0.009530
648,2,0.662717,0.041685,0.079279,0.291425,1.548496,0.088985,1.504111,0.080046,0.086094
355,1,0.616261,0.121644,0.057090,0.389169,1.491360,0.098908,1.551325,0.142056,0.070936
83,1,0.689104,0.035000,0.024553,0.015104,1.453401,0.117396,1.570796,0.098889,0.016563
383,1,0.051295,0.725102,0.316942,0.023556,1.494295,0.105696,1.541601,0.101441,0.163631
932,3,0.246680,0.038907,0.036729,0.002686,1.084867,0.323971,1.408838,0.004666,0.024126
33,0,0.257956,0.383388,0.252094,0.439051,1.468314,0.119817,1.553461,0.134950,0.070630
931,3,0.246680,0.061142,0.007514,0.027040,1.563201,0.323971,1.254421,0.023041,0.017138
586,2,0.662717,0.036590,0.010937,0.369507,1.546301,0.088985,1.506306,0.148220,0.081425
174,0,0.184492,0.366685,0.091966,0.404983,1.429704,0.162824,1.549065,0.113037,0.004847
361,1,0.616261,0.043363,0.106111,0.494985,1.521347,0.098908,1.521337,0.093280,0.067270
127,1,0.060320,0.725102,0.139642,0.134702,1.390638,0.150963,1.541601,0.107778,0.005447
394,3,0.060688,0.725102,0.485481,0.183078,1.142806,0.398795,1.541601,0.066012,0.147857
745,3,0.727283,0.043363,0.043040,0.253104,1.438273,0.083064,1.521337,0.040495,0.042270
630,3,0.727283,0.121644,0.036256,0.271156,1.468261,0.083064,1.551325,0.119433,0.047280
746,3,0.662717,0.043363,0.041371,0.262718,1.432353,0.088985,1.521337,0.039854,0.032668
631,3,0.662717,0.121644,0.038276,0.280339,1.462340,0.088985,1.551325,0.119168,0.038100
84,1,0.689104,0.045267,0.044266,0.077475,1.321642,0.117396,1.439038,0.079317,0.014797
6,0,0.257956,0.081736,0.366103,0.056658,1.412438,0.119817,1.292621,0.021807,0.081157
100,1,0.689104,0.041165,0.048226,0.285763,1.264845,0.117396,1.382241,0.075385,0.014443
216,1,0.051295,0.811863,0.355980,0.138928,1.482222,0.105696,1.553674,0.062623,0.160518
18,0,0.257956,0.245859,0.255455,0.208918,1.403453,0.119817,1.283635,0.131614,0.070940
338,0,0.616261,0.045026,0.001053,0.115682,1.523028,0.098908,1.519657,0.088863,0.121229
930,3,0.246680,0.057443,0.043563,0.013631,1.570150,0.323971,1.246179,0.011144,0.025760
182,1,0.616261,0.065484,0.172416,0.050672,1.202054,0.098908,1.300962,0.027305,0.062310
349,1,0.616261,0.081385,0.145340,0.311950,1.301261,0.098908,1.400169,0.054246,0.064336
748,3,0.062254,0.043363,0.169926,0.225178,1.541542,0.020204,1.521337,0.042357,0.070161
260,1,0.688601,0.121644,0.031160,0.427500,1.481601,0.108666,1.551325,0.143165,0.032614
244,0,0.688601,0.045026,0.016978,0.148359,1.513269,0.108666,1.519657,0.086539,0.088596
22,0,0.257956,0.253195,0.251663,0.249390,1.421270,0.119817,1.301453,0.135377,0.070590
42,1,0.051543,0.225275,0.239163,0.019683,1.418626,0.123306,1.295320,0.036204,0.007746
214,1,0.088015,0.811863,0.036776,0.039631,1.381638,0.206281,1.553674,0.065054,0.061238
340,1,0.616261,0.095000,0.065278,0.183014,1.473627,0.098908,1.569057,0.133909,0.070324
345,1,0.616261,0.037232,0.257807,0.306950,1.248194,0.098908,1.347102,0.057660,0.055924
872,2,0.069740,0.218403,0.121714,0.038021,1.445109,0.402966,1.293518,0.034757,0.008415
69,0,0.184492,0.081736,0.208279,0.007929,1.455445,0.162824,1.292621,0.001734,0.019034
563,2,0.069740,0.366685,0.007469,0.163313,1.189562,0.402966,1.549065,0.083909,0.029876
332,0,0.616261,0.069597,0.008152,0.021049,1.192796,0.098908,1.291704,0.079854,0.121906
232,1,0.688601,0.045267,0.030862,0.064690,1.330371,0.108666,1.439038,0.081573,0.027470
11,1,0.257956,0.065484,0.256642,0.013889,1.420779,0.119817,1.300962,0.004203,0.000163
335,1,0.616261,0.046097,0.198417,0.139884,1.247632,0.098908,1.346540,0.001434,0.060366
733,2,0.662717,0.186614,0.179053,0.069636,1.366971,0.088985,1.277987,0.019325,0.092899
158,0,0.184492,0.245859,0.099269,0.140911,1.446460,0.162824,1.283635,0.105831,0.005738
248,1,0.688601,0.041165,0.033793,0.272746,1.273574,0.108666,1.382241,0.078658,0.027226
171,0,0.184492,0.383388,0.071456,0.370755,1.425307,0.162824,1.553461,0.133278,0.002345
863,2,0.662717,0.218403,0.162712,0.124712,1.382503,0.088985,1.293518,0.003051,0.091785
112,1,0.689104,0.121644,0.020393,0.439529,1.472872,0.117396,1.551325,0.143513,0.020588
162,0,0.184492,0.253195,0.093831,0.181412,1.464278,0.162824,1.301453,0.111196,0.005075
330,0,0.616261,0.245859,0.033516,0.005915,1.184727,0.098908,1.283635,0.054605,0.123804
496,2,0.064778,0.383388,0.153584,0.002602,1.502976,0.085155,1.553461,0.114879,0.150926
34,1,0.257956,0.081385,0.221934,0.380334,1.519986,0.119817,1.400169,0.038649,0.003042
551,2,0.064778,0.366685,0.178964,0.019210,1.507373,0.085155,1.549065,0.089594,0.152573
359,1,0.616261,0.037247,0.318665,0.493160,1.258637,0.098908,1.357545,0.118214,0.051372
23,1,0.257956,0.046097,0.277344,0.199678,1.466357,0.119817,1.346540,0.016342,0.002075
633,3,0.062254,0.121644,0.092206,0.249568,1.570063,0.020204,1.551325,0.120058,0.068863
814,3,0.727283,0.038000,0.015740,0.159429,1.405626,0.083064,1.322562,0.067757,0.044000
246,1,0.688601,0.095000,0.022029,0.221482,1.463869,0.108666,1.569057,0.134080,0.031855
742,2,0.069740,0.186614,0.139601,0.152346,1.460640,0.402966,1.277987,0.051187,0.013716
96,0,0.689104,0.045026,0.006784,0.155900,1.504540,0.117396,1.519657,0.086002,0.081066
905,3,0.062254,0.050111,0.161159,0.026790,1.528460,0.020204,1.508255,0.051122,0.070015
29,0,0.257956,0.053976,0.355801,0.372043,1.283094,0.119817,1.402911,0.032031,0.080206
876,2,0.727283,0.035346,0.020248,0.057363,1.535013,0.083064,1.451949,0.112124,0.089709
731,2,0.727283,0.186614,0.109657,0.064387,1.361051,0.083064,1.277987,0.017303,0.097925
183,1,0.054068,0.811863,0.408402,0.051338,1.393274,0.160400,1.553674,0.064767,0.072943
74,1,0.060320,0.225275,0.274394,0.049304,1.446283,0.150963,1.295320,0.025417,0.020762
815,3,0.662717,0.038000,0.010237,0.168927,1.411547,0.088985,1.322562,0.070862,0.034792
758,2,0.727283,0.062255,0.151881,0.172115,1.406213,0.083064,1.323149,0.059377,0.100595
31,1,0.257956,0.037232,0.333917,0.356830,1.466920,0.119817,1.347102,0.072486,0.007299
861,2,0.727283,0.218403,0.093403,0.130028,1.376582,0.083064,1.293518,0.001107,0.096897
15,0,0.257956,0.045958,0.358388,0.189925,1.435556,0.119817,1.315739,0.029464,0.080445
513,2,0.727283,0.061130,0.162051,0.384916,1.372694,0.083064,1.289630,0.069512,0.101239
449,3,0.062254,0.095000,0.081740,0.482980,1.552331,0.020204,1.569057,0.130521,0.068688
455,2,0.662717,0.228471,0.259711,0.302294,1.378132,0.088985,1.289148,0.099651,0.098400
760,2,0.662717,0.062255,0.220914,0.177109,1.412134,0.088985,1.323149,0.061014,0.095754
155,0,0.184492,0.045958,0.198690,0.125256,1.478563,0.162824,1.315739,0.007727,0.017864
14,1,0.257956,0.045267,0.184772,0.098934,1.558855,0.119817,1.439038,0.075529,0.006473
10,1,0.257956,0.060230,0.221374,0.005150,1.444358,0.119817,1.324541,0.039204,0.003093
384,3,0.064778,0.725102,0.493295,0.069633,1.456446,0.085155,1.541601,0.076133,0.104739
98,1,0.689104,0.095000,0.010946,0.233595,1.455139,0.117396,1.569057,0.134134,0.019742
508,2,0.069740,0.383388,0.036137,0.186735,1.185165,0.402966,1.553461,0.110244,0.038373
868,2,0.081709,0.218403,0.017920,0.069266,1.461829,0.386245,1.293518,0.023329,0.038464
515,2,0.662717,0.061130,0.231302,0.389888,1.378615,0.088985,1.289630,0.071359,0.096463
878,2,0.662717,0.035346,0.048005,0.063153,1.540933,0.088985,1.451949,0.111202,0.083960
0,0,0.069455,0.081736,0.036111,0.018844,1.433228,0.140607,1.292621,0.008023,0.044783
527,2,0.727283,0.038444,0.035308,0.373000,1.524963,0.083064,1.441899,0.127135,0.088756
750,3,0.246680,0.043363,0.007000,0.309122,1.197366,0.323971,1.521337,0.036759,0.013678
453,2,0.727283,0.228471,0.190497,0.297465,1.372212,0.083064,1.289148,0.097856,0.103038
907,3,0.246680,0.050111,0.014841,0.055195,1.184285,0.323971,1.508255,0.044201,0.011800
358,1,0.616261,0.043259,0.367926,0.498731,1.177655,0.098908,1.276563,0.167231,0.047688
68,0,0.056260,0.081736,0.002477,0.030767,1.443375,0.150755,1.292621,0.010060,0.002937
85,0,0.689104,0.045958,0.123736,0.012186,1.198343,0.117396,1.315739,0.030278,0.091554
65,1,0.064779,0.065484,0.040636,0.045738,1.420993,0.120031,1.300962,0.007210,0.030539
660,2,0.727283,0.038440,0.001742,0.281711,1.522631,0.083064,1.439567,0.090383,0.091089
77,1,0.088015,0.225275,0.118503,0.078185,1.089039,0.206281,1.295320,0.014903,0.048550
66,1,0.064779,0.046097,0.021960,0.231318,1.466571,0.120031,1.346540,0.025748,0.028770
70,0,0.054068,0.081736,0.381787,0.002103,1.453021,0.160400,1.292621,0.001917,0.028669
152,1,0.184492,0.811863,0.455781,0.062853,1.390850,0.162824,1.553674,0.064486,0.084457
16,0,0.257956,0.036398,0.340576,0.190797,1.424817,0.119817,1.305000,0.047139,0.078800
566,2,0.126842,0.054951,0.478643,0.296497,1.558306,0.054884,1.528403,0.136583,0.142208
917,3,0.167234,0.057443,0.457233,0.089863,1.535196,0.360217,1.246179,0.020999,0.098080
88,0,0.689104,0.245859,0.021804,0.048965,1.166240,0.117396,1.283635,0.070969,0.082422
347,0,0.616261,0.383388,0.042594,0.250277,1.454553,0.098908,1.553461,0.130328,0.118112
71,0,0.078912,0.081736,0.307865,0.026409,1.463452,0.170832,1.292621,0.008471,0.001256
156,0,0.184492,0.036398,0.181956,0.125523,1.467824,0.162824,1.305000,0.024239,0.015823
921,3,0.067452,0.057443,0.150406,0.002424,1.567679,0.327734,1.246179,0.015870,0.015126
235,0,0.688601,0.110006,0.001341,0.034367,1.457896,0.108666,1.566562,0.102111,0.087296
17,0,0.257956,0.110006,0.283741,0.195218,1.455213,0.119817,1.566562,0.103543,0.073552
738,2,0.081709,0.186614,0.035090,0.121379,1.477361,0.386245,1.277987,0.039258,0.043363
448,3,0.126842,0.095000,0.028185,0.435880,1.514174,0.054884,1.569057,0.130731,0.115788
67,1,0.064779,0.037232,0.034637,0.388336,1.467134,0.120031,1.347102,0.081851,0.023414
529,2,0.662717,0.038444,0.033034,0.378868,1.530884,0.088985,1.441899,0.126125,0.082938
5,0,0.257956,0.041216,0.327338,0.042829,1.418472,0.119817,1.298655,0.060277,0.077578
62,0,0.184492,0.041216,0.169338,0.022911,1.461479,0.162824,1.298655,0.036690,0.014284
558,2,0.117605,0.366685,0.006473,0.074148,1.214577,0.377951,1.549065,0.086687,0.059269
92,0,0.689104,0.253195,0.013571,0.091393,1.184057,0.117396,1.301453,0.079176,0.081682
168,0,0.184492,0.053976,0.158589,0.303843,1.240086,0.162824,1.402911,0.047296,0.012973
463,2,0.069740,0.228471,0.218225,0.366207,1.449479,0.402966,1.289148,0.123411,0.037021
1,0,0.069455,0.045958,0.044930,0.152115,1.456345,0.140607,1.315739,0.016755,0.043856
233,0,0.688601,0.045958,0.136962,0.004952,1.207072,0.108666,1.315739,0.032710,0.098556
141,0,0.060320,0.366685,0.485028,0.472559,1.441565,0.150963,1.549065,0.115143,0.072405
45,1,0.051543,0.065484,0.202673,0.025592,1.424268,0.123306,1.300962,0.000007,0.011125
51,1,0.051543,0.046097,0.222636,0.211323,1.469847,0.123306,1.346540,0.019804,0.009277
662,2,0.662717,0.038440,0.069909,0.287396,1.528552,0.088985,1.439567,0.089380,0.085455
904,3,0.167234,0.050111,0.439815,0.137023,1.148038,0.360217,1.508255,0.037294,0.093466
86,0,0.689104,0.036398,0.107626,0.015767,1.187604,0.117396,1.305000,0.014283,0.090112
747,3,0.167234,0.043363,0.446202,0.390704,1.161120,0.360217,1.521337,0.031318,0.095158
351,0,0.616261,0.366685,0.021319,0.280399,1.450157,0.098908,1.549065,0.109156,0.119703
318,1,0.088015,0.725102,0.004353,0.072498,1.393711,0.206281,1.541601,0.105287,0.067623
236,0,0.688601,0.245859,0.035718,0.040905,1.174969,0.108666,1.283635,0.067912,0.090152
890,2,0.727283,0.039602,0.138021,0.028681,1.371831,0.083064,1.288767,0.045566,0.099719
190,1,0.054068,0.725102,0.367366,0.072117,1.381201,0.160400,1.541601,0.105272,0.068004
186,0,0.054068,0.045958,0.372492,0.135266,1.476139,0.160400,1.315739,0.011091,0.027551
923,3,0.067452,0.038907,0.135626,0.010203,1.081104,0.327734,1.408838,0.001890,0.011529
947,2,0.069740,0.057461,0.078923,0.038957,1.444514,0.402966,1.294113,0.004550,0.004269
541,2,0.727283,0.098664,0.260751,0.319308,1.363834,0.083064,1.280770,0.167860,0.107481
101,0,0.689104,0.228471,0.090739,0.228598,1.171752,0.117396,1.289148,0.182639,0.072349
501,2,0.167234,0.383388,0.193160,0.029803,1.227914,0.360217,1.553461,0.114086,0.118533
256,0,0.688601,0.366685,0.006826,0.313490,1.440398,0.108666,1.549065,0.110187,0.086621
94,0,0.689104,0.260533,0.037766,0.134498,1.160640,0.117396,1.278036,0.130028,0.077095
105,0,0.689104,0.383388,0.039083,0.291419,1.436066,0.117396,1.553461,0.131335,0.076977
90,0,0.689104,0.069597,0.003606,0.064442,1.174309,0.117396,1.291704,0.095801,0.080182
87,0,0.689104,0.110006,0.009808,0.042057,1.449166,0.117396,1.566562,0.102179,0.079607
253,0,0.688601,0.383388,0.027905,0.283524,1.444795,0.108666,1.553461,0.131142,0.084871
255,0,0.688601,0.098664,0.010117,0.319049,1.172103,0.108666,1.280770,0.113460,0.086348
238,0,0.688601,0.069597,0.010695,0.056232,1.183038,0.108666,1.291704,0.092784,0.088075
543,2,0.662717,0.098664,0.329919,0.323787,1.369754,0.088985,1.280770,0.169570,0.103189
556,2,0.167234,0.366685,0.220234,0.007743,1.232311,0.360217,1.549065,0.088757,0.125706
249,0,0.688601,0.228471,0.076411,0.219751,1.180481,0.108666,1.289148,0.179350,0.080845
242,0,0.688601,0.260533,0.023491,0.125994,1.169369,0.108666,1.278036,0.126755,0.085238
552,2,0.186481,0.366685,0.073195,0.040437,1.220253,0.372275,1.549065,0.087737,0.092975
240,0,0.688601,0.253195,0.027271,0.083332,1.192787,0.108666,1.301453,0.076308,0.089451
269,1,0.078912,0.725102,0.429906,0.036527,1.370769,0.170832,1.541601,0.103847,0.103578
24,0,0.257956,0.260533,0.199202,0.283686,1.397853,0.119817,1.278036,0.187440,0.065746
377,2,0.662717,0.245859,0.370940,0.447420,1.372620,0.088985,1.283635,0.210421,0.105987
159,1,0.184492,0.725102,0.414910,0.060644,1.378777,0.162824,1.541601,0.104813,0.079472
336,0,0.616261,0.260533,0.025199,0.090301,1.179128,0.098908,1.278036,0.113019,0.119413
334,0,0.616261,0.253195,0.024190,0.048412,1.202545,0.098908,1.301453,0.063886,0.123106
385,3,0.096481,0.725102,0.045296,0.076090,1.405871,0.135730,1.541601,0.076392,0.111193
830,2,0.727283,0.077104,0.091202,0.059958,1.398549,0.083064,1.481613,0.182836,0.085221
405,2,0.727283,0.253195,0.275780,0.391996,1.384517,0.083064,1.301453,0.182836,0.108432
407,2,0.662717,0.253195,0.344807,0.396383,1.390438,0.088985,1.301453,0.184396,0.104204
426,2,0.727283,0.260533,0.250636,0.352865,1.361100,0.083064,1.278036,0.157782,0.106841
343,0,0.616261,0.228471,0.078404,0.183735,1.190240,0.098908,1.289148,0.165961,0.115433
428,2,0.662717,0.260533,0.319834,0.357398,1.367020,0.088985,1.278036,0.159526,0.102501
497,2,0.186481,0.383388,0.100612,0.062850,1.215856,0.372275,1.553461,0.113277,0.085492
217,3,0.096481,0.811863,0.074800,0.041524,1.417945,0.135730,1.553674,0.047165,0.108166
107,0,0.689104,0.098664,0.024326,0.327448,1.163374,0.117396,1.280770,0.116666,0.078300
108,0,0.689104,0.366685,0.018061,0.321250,1.431669,0.117396,1.549065,0.110429,0.078863
831,2,0.662717,0.077104,0.024766,0.066201,1.392629,0.088985,1.481613,0.183583,0.079003
213,1,0.078912,0.811863,0.470461,0.087185,1.382842,0.170832,1.553674,0.063890,0.108784
350,0,0.616261,0.098664,0.012016,0.283510,1.181862,0.098908,1.280770,0.099895,0.120400
375,2,0.727283,0.245859,0.301839,0.443150,1.366699,0.083064,1.283635,0.208802,0.110080
56,1,0.051543,0.037232,0.279208,0.368461,1.470409,0.123306,1.347102,0.075943,0.004039
918,3,0.167234,0.061142,0.421659,0.048221,1.526954,0.360217,1.254421,0.054279,0.088656
927,2,0.069740,0.056573,0.135951,0.010662,1.432193,0.402966,1.306434,0.047835,0.012635
787,2,0.727283,0.037986,0.140450,0.167797,1.355090,0.083064,1.272026,0.047987,0.099872
945,3,0.048524,0.038907,0.275517,0.074476,1.110165,0.298673,1.408838,0.020294,0.095046
892,2,0.662717,0.039602,0.207315,0.033776,1.377751,0.088985,1.288767,0.047471,0.094827
284,0,0.078912,0.366685,0.185151,0.385634,1.421696,0.170832,1.549065,0.112435,0.014497
26,0,0.257956,0.045026,0.312705,0.313414,1.399840,0.119817,1.519657,0.074799,0.076226
629,3,0.126842,0.121644,0.037525,0.203022,1.496441,0.054884,1.551325,0.121405,0.115398
91,0,0.689104,0.036401,0.080028,0.082595,1.175696,0.117396,1.293092,0.013121,0.087640
783,2,0.069740,0.039616,0.097551,0.274555,1.425418,0.402966,1.313209,0.012561,0.001253
265,0,0.078912,0.045958,0.297737,0.106750,1.486570,0.170832,1.315739,0.001507,0.000044
716,2,0.727283,0.036381,0.123773,0.214020,1.408382,0.083064,1.325318,0.031369,0.098817
929,2,0.069740,0.037599,0.105053,0.003214,1.379967,0.402966,1.358660,0.019452,0.003476
867,2,0.056635,0.218403,0.030740,0.080788,1.429197,0.418877,1.293518,0.019115,0.049544
206,0,0.054068,0.366685,0.268885,0.415219,1.432128,0.160400,1.549065,0.113356,0.015081
583,2,0.126842,0.036590,0.461631,0.309299,1.561190,0.054884,1.506306,0.153569,0.141499
789,2,0.662717,0.037986,0.209854,0.172898,1.361011,0.088985,1.272026,0.050000,0.095000
922,3,0.067452,0.061142,0.114260,0.038412,1.559438,0.327734,1.254421,0.018321,0.006330
601,2,0.727283,0.035350,0.115055,0.353167,1.493958,0.083064,1.410894,0.022682,0.098266
935,3,0.048524,0.057443,0.237614,0.077812,1.544852,0.298673,1.246179,0.015917,0.086648
503,2,0.117605,0.383388,0.021308,0.096755,1.210181,0.377951,1.553461,0.112447,0.051592
718,2,0.662717,0.036381,0.192826,0.219154,1.414302,0.088985,1.325318,0.033041,0.093839
99,0,0.689104,0.053976,0.023787,0.206894,1.520306,0.117396,1.402911,0.068995,0.082600
612,2,0.069740,0.035350,0.129157,0.441952,1.327733,0.402966,1.410894,0.041594,0.010621
928,2,0.081709,0.037599,0.004339,0.028548,1.396687,0.386245,1.358660,0.010472,0.034510
915,2,0.069740,0.048103,0.146458,0.028526,1.411280,0.402966,1.327347,0.057487,0.015749
161,0,0.184492,0.036401,0.154568,0.186717,1.455916,0.162824,1.293092,0.051263,0.012483
801,2,0.727283,0.039177,0.172090,0.138207,1.388261,0.083064,1.305197,0.079514,0.101873
603,2,0.662717,0.035350,0.183520,0.358295,1.499879,0.088985,1.410894,0.023774,0.093204
467,2,0.727283,0.037572,0.166036,0.454441,1.390680,0.083064,1.307616,0.073482,0.101490
3,0,0.069455,0.053976,0.069281,0.332573,1.262304,0.140607,1.402911,0.040865,0.041296
675,2,0.727283,0.048102,0.203405,0.241357,1.413622,0.083064,1.330558,0.110719,0.103854
2,0,0.069455,0.036398,0.062120,0.152704,1.445607,0.140607,1.305000,0.033775,0.042049
852,3,0.126842,0.037265,0.004328,0.006083,1.457100,0.054884,1.402216,0.163172,0.117143
21,0,0.257956,0.036401,0.311977,0.252939,1.412909,0.119817,1.293092,0.075521,0.076159
30,1,0.257956,0.041165,0.190183,0.306552,1.502058,0.119817,1.382241,0.070159,0.005973
58,1,0.051543,0.081385,0.166402,0.391947,1.523475,0.123306,1.400169,0.036000,0.014483
772,2,0.727283,0.039616,0.071627,0.177064,1.396273,0.083064,1.313209,0.020593,0.095519
149,0,0.056260,0.045958,0.007980,0.102551,1.466493,0.150755,1.315739,0.000095,0.004107
234,0,0.688601,0.036398,0.121026,0.008434,1.196334,0.108666,1.305000,0.016873,0.097233
487,2,0.727283,0.055352,0.299491,0.400835,1.327273,0.083064,1.244209,0.206462,0.109931
803,2,0.662717,0.039177,0.241213,0.143113,1.394182,0.088985,1.305197,0.081230,0.097139
726,2,0.069740,0.036381,0.148202,0.299149,1.413309,0.402966,1.325318,0.059089,0.016266
469,2,0.662717,0.037572,0.235157,0.459377,1.396600,0.088985,1.307616,0.075199,0.096726
187,0,0.054068,0.036398,0.355601,0.135570,1.465400,0.160400,1.305000,0.027764,0.025518
774,2,0.662717,0.039616,0.140818,0.182471,1.402194,0.088985,1.313209,0.018754,0.090291
48,1,0.051543,0.045267,0.128634,0.110543,1.562344,0.123306,1.439038,0.073480,0.017980
677,2,0.662717,0.048102,0.272342,0.246087,1.419543,0.088985,1.330558,0.112230,0.099262
44,1,0.051543,0.060230,0.167037,0.016714,1.447847,0.123306,1.324541,0.035370,0.014424
95,0,0.689104,0.058613,0.009733,0.137993,1.208737,0.117396,1.326132,0.102104,0.079613
243,0,0.688601,0.058613,0.003991,0.129843,1.217466,0.108666,1.326132,0.099454,0.087518
266,0,0.078912,0.036398,0.281300,0.106890,1.475832,0.170832,1.305000,0.017702,0.002154
768,2,0.069740,0.062255,0.176469,0.250466,1.415478,0.402966,1.323149,0.085054,0.024644
239,0,0.688601,0.036401,0.093653,0.074982,1.184426,0.108666,1.293092,0.010332,0.094961
700,3,0.727283,0.037247,0.030385,0.289946,1.440609,0.083064,1.357545,0.113575,0.046908
753,3,0.048524,0.043363,0.220637,0.378417,1.222664,0.298673,1.521337,0.032137,0.082886
937,3,0.055481,0.061142,0.493473,0.031315,1.486417,0.231996,1.254421,0.047261,0.072590
737,2,0.056635,0.186614,0.047760,0.109428,1.444729,0.418877,1.277987,0.034654,0.054805
138,0,0.060320,0.383388,0.465002,0.438550,1.437168,0.150963,1.553461,0.134937,0.070129
900,2,0.069740,0.039602,0.166554,0.109946,1.449860,0.402966,1.288767,0.075947,0.021706
910,3,0.048524,0.050111,0.214176,0.124988,1.209582,0.298673,1.508255,0.038310,0.081454
130,1,0.060320,0.046097,0.259953,0.182193,1.497503,0.150963,1.346540,0.011144,0.019121
200,0,0.054068,0.053976,0.338217,0.314445,1.242511,0.160400,1.402911,0.044923,0.023425
63,0,0.054068,0.041216,0.342894,0.012846,1.459055,0.160400,1.298655,0.040306,0.023988
121,1,0.060320,0.065484,0.238227,0.003408,1.451925,0.150963,1.300962,0.010332,0.016652
104,0,0.689104,0.055352,0.023911,0.295574,1.126813,0.117396,1.244209,0.116253,0.078337
252,0,0.688601,0.055352,0.009240,0.287036,1.135543,0.108666,1.244209,0.112588,0.086421
797,2,0.069740,0.037986,0.170726,0.248338,1.466600,0.402966,1.272026,0.079778,0.022942
109,0,0.689104,0.054951,0.084273,0.334060,1.411007,0.117396,1.528403,0.176219,0.072928
257,0,0.688601,0.054951,0.072781,0.325835,1.419737,0.108666,1.528403,0.175743,0.081146
701,3,0.662717,0.037247,0.035277,0.299168,1.446530,0.088985,1.357545,0.116181,0.037896
247,0,0.688601,0.053976,0.032956,0.199465,1.511577,0.108666,1.402911,0.070658,0.089923
636,3,0.246680,0.121644,0.092972,0.311566,1.227354,0.323971,1.551325,0.118264,0.006880
150,0,0.056260,0.036398,0.024358,0.102928,1.455755,0.150755,1.305000,0.016312,0.005976
460,2,0.081709,0.228471,0.113963,0.336223,1.466200,0.386245,1.289148,0.112265,0.065816
157,0,0.184492,0.110006,0.102196,0.127760,1.412206,0.162824,1.566562,0.102942,0.006095
136,1,0.060320,0.037232,0.316387,0.338123,1.498065,0.150963,1.347102,0.066926,0.025535
943,3,0.048524,0.061142,0.201988,0.037801,1.553094,0.298673,1.254421,0.049954,0.078754
72,0,0.089877,0.081736,0.119232,0.072477,1.453184,0.160563,1.292621,0.025264,0.043058
268,0,0.078912,0.245859,0.199248,0.121693,1.454467,0.170832,1.283635,0.098545,0.012687
97,0,0.689104,0.037992,0.032314,0.167471,1.160473,0.117396,1.277868,0.060516,0.083365
523,2,0.069740,0.061130,0.190108,0.460460,1.448996,0.402966,1.289630,0.097583,0.028687
572,2,0.062254,0.054951,0.493931,0.380750,1.508198,0.020204,1.528403,0.131712,0.058035
749,3,0.067452,0.043363,0.093899,0.296805,1.193603,0.327734,1.521337,0.037580,0.001376
489,2,0.662717,0.055352,0.368826,0.405154,1.333194,0.088985,1.244209,0.208316,0.105842
40,0,0.184492,0.039615,0.132222,0.036854,1.470130,0.162824,1.307306,0.073314,0.009757
281,0,0.078912,0.383388,0.164481,0.351256,1.417299,0.170832,1.553461,0.132800,0.017150
362,0,0.616261,0.062255,0.084477,0.471726,1.224241,0.098908,1.323149,0.172004,0.114979
203,0,0.054068,0.383388,0.248447,0.381032,1.427731,0.160400,1.553461,0.133529,0.012621
326,1,0.616261,0.045267,0.110816,0.024892,1.340130,0.098908,1.439038,0.088598,0.066918
4,0,0.257956,0.039615,0.290859,0.029904,1.427123,0.119817,1.307306,0.096479,0.074209
272,0,0.078912,0.253195,0.193345,0.162195,1.472285,0.170832,1.301453,0.104361,0.013445
632,3,0.167234,0.121644,0.355679,0.389640,1.191108,0.360217,1.551325,0.116006,0.071175
163,0,0.184492,0.260533,0.043776,0.213941,1.440860,0.162824,1.278036,0.160600,0.001032
820,3,0.246680,0.038000,0.056032,0.206826,1.495059,0.323971,1.322562,0.083250,0.001951
348,0,0.616261,0.061130,0.108337,0.267805,1.190722,0.098908,1.289630,0.195746,0.113195
425,2,0.186481,0.260533,0.167990,0.298602,1.491282,0.372275,1.278036,0.136899,0.158796
906,3,0.067452,0.050111,0.085791,0.042773,1.180522,0.327734,1.508255,0.045250,0.000597
165,0,0.184492,0.045026,0.125863,0.246074,1.356832,0.162824,1.519657,0.079588,0.008982
689,3,0.727283,0.043259,0.074006,0.296695,1.359627,0.083064,1.276563,0.157070,0.049669
139,1,0.060320,0.081385,0.205830,0.364084,1.551132,0.150963,1.400169,0.042355,0.012970
946,3,0.066830,0.038907,0.336130,0.113198,1.060004,0.348834,1.408838,0.028713,0.133252
936,3,0.066830,0.057443,0.274115,0.110109,1.546579,0.348834,1.246179,0.029535,0.117287
114,0,0.689104,0.048102,0.033534,0.450785,1.213163,0.117396,1.330558,0.125822,0.077474
262,0,0.688601,0.048102,0.019882,0.442480,1.221892,0.108666,1.330558,0.123168,0.085537
926,2,0.081709,0.056573,0.032594,0.041705,1.448914,0.386245,1.306434,0.036945,0.042652
616,2,0.727283,0.036395,0.211231,0.325257,1.357859,0.083064,1.274795,0.118517,0.104349
192,0,0.054068,0.036401,0.328042,0.196823,1.453492,0.160400,1.293092,0.054965,0.022201
779,2,0.081709,0.039616,0.005744,0.242918,1.442138,0.386245,1.313209,0.001802,0.031843
337,0,0.616261,0.058613,0.000548,0.095026,1.227224,0.098908,1.326132,0.088135,0.121283
189,0,0.054068,0.245859,0.272588,0.151120,1.444035,0.160400,1.283635,0.109701,0.015526
404,2,0.186481,0.253195,0.194485,0.332235,1.467864,0.372275,1.301453,0.161578,0.166027
342,1,0.616261,0.041165,0.110591,0.232313,1.283333,0.098908,1.382241,0.088822,0.066934
322,1,0.088015,0.037232,0.166843,0.322213,1.140822,0.206281,1.347102,0.062196,0.041045
271,0,0.078912,0.036401,0.254239,0.167882,1.463924,0.170832,1.293092,0.044364,0.005628
866,2,0.117605,0.218403,0.105112,0.119318,1.470124,0.377951,1.293518,0.005024,0.086597
754,3,0.066830,0.043363,0.273784,0.412776,1.172503,0.348834,1.521337,0.029845,0.117202
911,3,0.066830,0.050111,0.267854,0.159278,1.159421,0.348834,1.508255,0.035415,0.115675
278,0,0.078912,0.053976,0.246755,0.283999,1.232079,0.170832,1.402911,0.051737,0.006589
618,2,0.662717,0.036395,0.280517,0.329996,1.363780,0.088985,1.274795,0.120372,0.099819
913,2,0.081709,0.048103,0.043980,0.002540,1.428000,0.386245,1.327347,0.047493,0.045896
245,0,0.688601,0.037992,0.046279,0.159462,1.169202,0.108666,1.277868,0.057416,0.091029
565,2,0.064778,0.054951,0.131376,0.289215,1.528034,0.085155,1.528403,0.137004,0.149484
811,2,0.069740,0.039177,0.198342,0.211518,1.433429,0.402966,1.305197,0.105147,0.031128
374,2,0.186481,0.245859,0.218635,0.377920,1.485682,0.372275,1.283635,0.184072,0.172618
346,0,0.616261,0.055352,0.009196,0.250923,1.145301,0.098908,1.244209,0.097086,0.120611
120,1,0.060320,0.060230,0.203606,0.011424,1.475504,0.150963,1.324541,0.044553,0.012717
193,0,0.054068,0.253195,0.267398,0.191608,1.461853,0.160400,1.301453,0.114823,0.014902
352,0,0.616261,0.054951,0.086275,0.292104,1.429495,0.098908,1.528403,0.173793,0.114845
608,2,0.081709,0.035350,0.030304,0.410166,1.344453,0.386245,1.410894,0.034823,0.041999
341,0,0.616261,0.053976,0.010061,0.166877,1.501819,0.098908,1.402911,0.077952,0.122049
656,2,0.069740,0.041685,0.007810,0.403127,1.234515,0.402966,1.504111,0.069876,0.025347
643,2,0.064778,0.041685,0.182438,0.224565,1.552326,0.085155,1.504111,0.086134,0.152798
853,3,0.727283,0.037265,0.095340,0.073177,1.485280,0.083064,1.402216,0.178333,0.051019
480,3,0.727283,0.037232,0.101068,0.468977,1.430166,0.083064,1.347102,0.184041,0.051381
670,2,0.069740,0.038440,0.008043,0.399111,1.299060,0.402966,1.439567,0.069661,0.025278
291,0,0.089877,0.045958,0.107736,0.060852,1.476302,0.160563,1.315739,0.013921,0.044460
582,2,0.064778,0.036590,0.114135,0.302417,1.550131,0.085155,1.506306,0.154180,0.148365
113,0,0.689104,0.041685,0.055287,0.406999,1.386716,0.117396,1.504111,0.147433,0.075525
261,0,0.688601,0.041685,0.043558,0.398933,1.395445,0.108666,1.504111,0.146699,0.083572
151,0,0.056260,0.036401,0.051410,0.164314,1.443847,0.150755,1.293092,0.043057,0.009059
429,2,0.167234,0.260533,0.449555,0.269708,1.503340,0.360217,1.278036,0.125780,0.186460
846,3,0.727283,0.035978,0.108059,0.113211,1.416877,0.083064,1.333813,0.191008,0.051823
13,1,0.257956,0.035000,0.161235,0.040313,1.450979,0.119817,1.570796,0.098889,0.008647
39,1,0.257956,0.121644,0.115297,0.473013,1.431508,0.119817,1.551325,0.144482,0.012889
723,2,0.081709,0.036381,0.045592,0.268121,1.430029,0.386245,1.325318,0.048985,0.046355
55,1,0.051543,0.041165,0.134927,0.318185,1.505547,0.123306,1.382241,0.067235,0.017397
690,3,0.662717,0.043259,0.079878,0.305819,1.365547,0.088985,1.276563,0.160598,0.040937
562,2,0.092855,0.366685,0.378589,0.055794,1.230282,0.362246,1.549065,0.087258,0.077619
408,2,0.167234,0.253195,0.476900,0.303517,1.479922,0.360217,1.301453,0.151362,0.193704
507,2,0.092855,0.383388,0.351159,0.078021,1.225886,0.362246,1.553461,0.112905,0.070323
729,2,0.061904,0.186614,0.019550,0.011484,1.498980,0.364626,1.277987,0.011923,0.170558
28,1,0.257956,0.095000,0.125581,0.265276,1.449240,0.119817,1.569057,0.134275,0.011939
306,0,0.089877,0.366685,0.018891,0.340215,1.431965,0.160563,1.549065,0.111020,0.059903
452,2,0.186481,0.228471,0.109534,0.256018,1.480170,0.372275,1.289148,0.082449,0.142841
944,3,0.066830,0.061142,0.238696,0.068754,1.538337,0.348834,1.254421,0.062802,0.108169
102,0,0.689104,0.037572,0.096467,0.260722,1.190220,0.117396,1.307616,0.188327,0.071836
250,0,0.688601,0.037572,0.082355,0.251901,1.198950,0.108666,1.307616,0.185259,0.080351
357,0,0.616261,0.048102,0.024169,0.407508,1.231650,0.098908,1.330558,0.111993,0.119490
765,2,0.081709,0.062255,0.073704,0.219813,1.432198,0.386245,1.323149,0.075009,0.054358
304,0,0.089877,0.383388,0.039840,0.305940,1.427568,0.160563,1.553461,0.131691,0.062458
111,0,0.689104,0.036395,0.085549,0.394508,1.157399,0.117396,1.274795,0.177485,0.072814
259,0,0.688601,0.036395,0.071042,0.385641,1.166129,0.108666,1.274795,0.174014,0.081291
897,2,0.081709,0.039602,0.062340,0.079300,1.466581,0.386245,1.288767,0.064491,0.051123
294,0,0.089877,0.245859,0.011207,0.076276,1.444198,0.160563,1.283635,0.081325,0.056233
327,0,0.616261,0.045958,0.132668,0.028804,1.216831,0.098908,1.315739,0.044056,0.131220
110,0,0.689104,0.035350,0.041521,0.345893,1.293498,0.117396,1.410894,0.133758,0.076758
258,0,0.688601,0.035350,0.028792,0.337749,1.302228,0.108666,1.410894,0.132024,0.084798
794,2,0.081709,0.037986,0.065831,0.217794,1.483321,0.386245,1.272026,0.067722,0.052117
292,0,0.089877,0.036398,0.091987,0.061054,1.465563,0.160563,1.305000,0.001619,0.046381
736,2,0.117605,0.186614,0.121290,0.071539,1.485655,0.377951,1.277987,0.020058,0.091078
860,2,0.186481,0.218403,0.014128,0.150715,1.475799,0.372275,1.293518,0.006459,0.116790
41,0,0.054068,0.039615,0.305893,0.026729,1.467706,0.160400,1.307306,0.076828,0.019535
778,2,0.056635,0.039616,0.007902,0.231976,1.409506,0.418877,1.313209,0.001919,0.042423
435,2,0.069740,0.260533,0.278389,0.407163,1.460591,0.402966,1.278036,0.178677,0.054854
197,0,0.054068,0.045026,0.303840,0.256395,1.359257,0.160400,1.519657,0.078854,0.019288
116,0,0.184492,0.043709,0.106657,0.010626,1.466296,0.162824,1.303471,0.098540,0.006639
854,3,0.662717,0.037265,0.099696,0.082035,1.491201,0.088985,1.402216,0.180334,0.042289
481,3,0.662717,0.037232,0.106069,0.477858,1.436087,0.088985,1.347102,0.186680,0.042724
126,0,0.060320,0.245859,0.468529,0.208490,1.434598,0.150963,1.283635,0.131452,0.070530
319,1,0.088015,0.046097,0.104825,0.149826,1.140260,0.206281,1.346540,0.001522,0.050674
933,3,0.049597,0.057443,0.345242,0.124787,1.493041,0.402372,1.246179,0.035724,0.131212
559,2,0.055481,0.366685,0.238290,0.069474,1.360532,0.231996,1.549065,0.086832,0.063942
166,0,0.184492,0.037992,0.108230,0.261721,1.440693,0.162824,1.277868,0.096988,0.006831
925,2,0.056635,0.056573,0.045693,0.053633,1.416281,0.418877,1.306434,0.032768,0.054166
847,3,0.662717,0.035978,0.113205,0.122073,1.422798,0.088985,1.333813,0.193788,0.043210
908,3,0.049597,0.050111,0.347056,0.175381,1.105884,0.402372,1.508255,0.034056,0.131746
297,0,0.089877,0.253195,0.004189,0.116910,1.462016,0.160563,1.301453,0.088252,0.057089
751,3,0.049597,0.043363,0.352813,0.429036,1.118965,0.402372,1.521337,0.028761,0.133442
520,2,0.081709,0.061130,0.085911,0.430112,1.465717,0.386245,1.289630,0.086306,0.057833
129,0,0.060320,0.253195,0.464740,0.248881,1.452416,0.150963,1.301453,0.135196,0.070099
356,0,0.616261,0.041685,0.055969,0.365315,1.405203,0.098908,1.504111,0.143638,0.117111
833,2,0.062254,0.077104,0.439635,0.086342,1.501818,0.020204,1.481613,0.185994,0.058942
125,0,0.060320,0.110006,0.496762,0.195405,1.424067,0.150963,1.566562,0.103545,0.073739
8,0,0.257956,0.043709,0.264701,0.056955,1.423288,0.119817,1.303471,0.122438,0.071794
502,2,0.079642,0.383388,0.175437,0.037585,1.207880,0.380251,1.553461,0.113895,0.110753
459,2,0.056635,0.228471,0.127147,0.322172,1.433567,0.418877,1.289148,0.107041,0.079311
456,2,0.167234,0.228471,0.391548,0.226600,1.492228,0.360217,1.289148,0.071513,0.171092
869,2,0.055481,0.218403,0.335004,0.113201,1.525514,0.231996,1.293518,0.007261,0.080715
685,2,0.069740,0.048102,0.227382,0.307400,1.408068,0.402966,1.330558,0.131822,0.039735
75,1,0.054068,0.225275,0.476620,0.112075,1.455720,0.160400,1.295320,0.002566,0.081154
934,3,0.092855,0.057443,0.354438,0.136220,1.533168,0.362246,1.246179,0.040544,0.142058
909,3,0.092855,0.050111,0.362505,0.187863,1.146010,0.362246,1.508255,0.033002,0.144203
607,2,0.056635,0.035350,0.045111,0.398022,1.311821,0.418877,1.410894,0.032237,0.053986
752,3,0.092855,0.043363,0.367912,0.441251,1.159092,0.362246,1.521337,0.027946,0.145642
912,2,0.056635,0.048103,0.057503,0.014819,1.395368,0.418877,1.327347,0.043542,0.057814
816,3,0.167234,0.038000,0.364865,0.280739,1.458813,0.360217,1.322562,0.107411,0.073609
339,0,0.616261,0.037992,0.044338,0.124369,1.178960,0.098908,1.277868,0.043836,0.124613
344,0,0.616261,0.037572,0.085281,0.216094,1.208708,0.098908,1.307616,0.172805,0.114919
27,0,0.257956,0.037992,0.263905,0.329529,1.397685,0.119817,1.277868,0.123228,0.071720
886,2,0.069740,0.035346,0.016835,0.180600,1.286678,0.402966,1.451949,0.092513,0.032652
188,0,0.054068,0.110006,0.279343,0.138005,1.414630,0.160400,1.566562,0.103034,0.016339
557,2,0.079642,0.366685,0.202764,0.015048,1.212277,0.380251,1.549065,0.088528,0.118375
864,2,0.167234,0.218403,0.296378,0.180963,1.487857,0.360217,1.293518,0.017522,0.145879
333,0,0.616261,0.036401,0.090688,0.040549,1.194184,0.098908,1.293092,0.002284,0.128080
328,0,0.616261,0.036398,0.117351,0.025745,1.206092,0.098908,1.305000,0.028815,0.130074
354,0,0.616261,0.036395,0.072256,0.349443,1.175887,0.098908,1.274795,0.159844,0.115893
360,0,0.616261,0.036381,0.112359,0.459379,1.226410,0.098908,1.325318,0.199747,0.112894
722,2,0.056635,0.036381,0.059074,0.255804,1.397397,0.418877,1.325318,0.044975,0.058299
181,1,0.088015,0.065484,0.078213,0.042882,1.094682,0.206281,1.300962,0.024515,0.054805
353,0,0.616261,0.035350,0.036982,0.303576,1.311986,0.098908,1.410894,0.124744,0.118532
474,2,0.081709,0.037572,0.088737,0.498832,1.447731,0.386245,1.307616,0.088921,0.058637
135,1,0.060320,0.041165,0.173740,0.290977,1.533204,0.150963,1.382241,0.074074,0.009322
37,0,0.257956,0.054951,0.202404,0.473161,1.493372,0.119817,1.528403,0.184262,0.066041
941,3,0.049597,0.061142,0.309811,0.082018,1.484800,0.402372,1.254421,0.068307,0.120774
739,2,0.055481,0.186614,0.351277,0.079416,1.509982,0.231996,1.277987,0.023093,0.083537
124,1,0.060320,0.045267,0.169509,0.083483,1.551592,0.150963,1.439038,0.078256,0.008842
637,3,0.055481,0.121644,0.422489,0.378741,1.319329,0.231996,1.551325,0.116321,0.060279
275,0,0.078912,0.045026,0.217087,0.226668,1.348825,0.170832,1.519657,0.080969,0.010397
509,2,0.066830,0.383388,0.465102,0.058124,1.239297,0.348834,1.553461,0.113392,0.090216
296,0,0.089877,0.036401,0.065640,0.122159,1.453655,0.160563,1.293092,0.027615,0.049594
635,3,0.079642,0.121644,0.467411,0.409239,1.171074,0.380251,1.551325,0.115439,0.090770
730,2,0.186481,0.186614,0.029631,0.040254,1.491331,0.372275,1.277987,0.008007,0.121029
312,0,0.058835,0.045958,0.030599,0.043537,1.512035,0.196296,1.315739,0.019741,0.061216
808,2,0.081709,0.039177,0.094822,0.181216,1.450150,0.386245,1.305197,0.094552,0.060369
818,3,0.067452,0.038000,0.049659,0.195130,1.491296,0.327734,1.322562,0.079427,0.009389
641,3,0.048524,0.121644,0.132616,0.381844,1.252652,0.298673,1.551325,0.116231,0.063381
446,3,0.064778,0.095000,0.438526,0.443375,1.483902,0.085155,1.569057,0.130697,0.108293
896,2,0.056635,0.039602,0.075274,0.066615,1.433949,0.418877,1.288767,0.059749,0.063300
504,2,0.055481,0.383388,0.211767,0.089004,1.356135,0.231996,1.553461,0.112636,0.059342
764,2,0.056635,0.062255,0.087316,0.206754,1.399566,0.418877,1.323149,0.070729,0.067018
588,2,0.062254,0.036590,0.479481,0.392706,1.486102,0.020204,1.506306,0.146159,0.058277
431,2,0.117605,0.260533,0.259722,0.329289,1.485606,0.377951,1.278036,0.148709,0.129414
267,0,0.078912,0.110006,0.194959,0.108427,1.404199,0.170832,1.566562,0.102770,0.013238
564,2,0.066830,0.366685,0.492277,0.036200,1.243694,0.348834,1.549065,0.087869,0.097212
505,2,0.060688,0.383388,0.236801,0.066914,1.189336,0.398795,1.553461,0.113177,0.081428
793,2,0.056635,0.037986,0.078498,0.205044,1.450689,0.418877,1.272026,0.062689,0.064296
942,3,0.092855,0.061142,0.319183,0.094547,1.524926,0.362246,1.254421,0.073508,0.132680
371,0,0.056517,0.045958,0.023462,0.022487,1.499140,0.183401,1.315739,0.026816,0.081586
642,3,0.066830,0.121644,0.182748,0.412235,1.202491,0.348834,1.551325,0.115352,0.093766
626,2,0.069740,0.036395,0.240030,0.388928,1.463832,0.402966,1.274795,0.143441,0.043484
537,2,0.069740,0.038444,0.030796,0.499607,1.296728,0.402966,1.441899,0.105338,0.036790
821,3,0.055481,0.038000,0.435486,0.269315,1.554558,0.231996,1.322562,0.103677,0.062533
410,2,0.117605,0.253195,0.285297,0.362875,1.462189,0.377951,1.301453,0.172477,0.136497
47,1,0.051543,0.035000,0.103029,0.052018,1.447490,0.123306,1.570796,0.098889,0.020351
920,3,0.167234,0.046456,0.346282,0.023822,1.501375,0.360217,1.280000,0.124797,0.068686
160,0,0.184492,0.069597,0.077199,0.151018,1.454529,0.162824,1.291704,0.127610,0.003046
421,1,0.051295,0.043363,0.331542,0.399669,1.514559,0.105696,1.521337,0.086923,0.162467
734,2,0.167234,0.186614,0.311279,0.010176,1.503389,0.360217,1.277987,0.003581,0.149827
560,2,0.060688,0.366685,0.264550,0.043858,1.193733,0.398795,1.549065,0.087630,0.089554
379,2,0.117605,0.245859,0.310208,0.408400,1.480006,0.377951,1.283635,0.195628,0.143396
433,2,0.081709,0.260533,0.173602,0.377987,1.477312,0.386245,1.278036,0.167449,0.082789
825,3,0.048524,0.038000,0.144526,0.272912,1.520357,0.298673,1.322562,0.104852,0.066021
117,0,0.054068,0.043709,0.280250,0.000551,1.463871,0.160400,1.303471,0.102138,0.016449
198,0,0.054068,0.037992,0.281468,0.271924,1.438268,0.160400,1.277868,0.100936,0.016595
313,0,0.058835,0.036398,0.015171,0.043324,1.501296,0.196296,1.305000,0.004603,0.063491
276,0,0.078912,0.037992,0.208358,0.242548,1.448700,0.170832,1.277868,0.089568,0.011518
519,2,0.056635,0.061130,0.098977,0.416801,1.433085,0.418877,1.289630,0.081360,0.070617
118,0,0.078912,0.043709,0.206119,0.029753,1.474303,0.170832,1.303471,0.091775,0.011805
871,2,0.092855,0.218403,0.470946,0.135527,1.485829,0.362246,1.293518,0.000905,0.102185
20,0,0.257956,0.069597,0.234101,0.219595,1.411522,0.119817,1.291704,0.152805,0.068968
506,2,0.049597,0.383388,0.421164,0.039160,1.185759,0.402372,1.553461,0.113857,0.109177
554,2,0.047418,0.366685,0.009159,0.050061,1.465231,0.127297,1.549065,0.087437,0.083352
862,2,0.047418,0.218403,0.100274,0.125047,1.420815,0.127297,1.293518,0.002928,0.092106
499,2,0.047418,0.383388,0.016783,0.067483,1.460834,0.127297,1.553461,0.113163,0.080859
458,2,0.117605,0.228471,0.200811,0.286987,1.474494,0.377951,1.289148,0.093961,0.113100
323,1,0.088015,0.081385,0.049006,0.317020,1.193888,0.206281,1.400169,0.053090,0.059340
640,3,0.092855,0.121644,0.275272,0.439477,1.189079,0.362246,1.551325,0.114564,0.121000
164,0,0.184492,0.058613,0.075054,0.222955,1.488957,0.162824,1.326132,0.129727,0.002784
706,3,0.246680,0.037247,0.099741,0.329248,1.460076,0.323971,1.357545,0.124680,0.008499
413,2,0.069740,0.253195,0.301671,0.440428,1.437174,0.402966,1.301453,0.200064,0.061755
561,2,0.049597,0.366685,0.448742,0.016120,1.190156,0.402372,1.549065,0.088495,0.117301
420,1,0.051295,0.121644,0.278881,0.293417,1.484571,0.105696,1.551325,0.139286,0.166665
25,0,0.257956,0.058613,0.234972,0.291282,1.445949,0.119817,1.326132,0.151941,0.069049
639,3,0.049597,0.121644,0.259034,0.424288,1.148953,0.402372,1.551325,0.115003,0.105815
461,2,0.055481,0.228471,0.430421,0.303478,1.521143,0.231996,1.289148,0.100092,0.097263
473,2,0.056635,0.037572,0.102150,0.485408,1.415099,0.418877,1.307616,0.084252,0.071596
298,0,0.089877,0.260533,0.043914,0.149266,1.438599,0.160563,1.278036,0.135711,0.062955
123,1,0.060320,0.035000,0.148635,0.025197,1.419833,0.150963,1.570796,0.098889,0.006469
874,2,0.126842,0.035346,0.494606,0.003914,1.506832,0.054884,1.451949,0.120644,0.142874
732,2,0.047418,0.186614,0.116497,0.068837,1.405284,0.127297,1.277987,0.019017,0.093665
682,2,0.081709,0.048102,0.124732,0.277380,1.424789,0.386245,1.330558,0.122229,0.068881
35,0,0.257956,0.098664,0.212211,0.479039,1.400587,0.119817,1.280770,0.174529,0.066947
819,3,0.079642,0.038000,0.469603,0.299071,1.438780,0.380251,1.322562,0.113403,0.091381
173,0,0.184492,0.098664,0.056473,0.409708,1.443594,0.162824,1.280770,0.148065,0.000518
807,2,0.056635,0.039177,0.108239,0.167635,1.417518,0.418877,1.305197,0.089804,0.073475
302,0,0.089877,0.053976,0.030306,0.236003,1.242348,0.160563,1.402911,0.062480,0.053903
939,3,0.055481,0.046456,0.417579,0.014173,1.511996,0.231996,1.280000,0.121098,0.059427
580,2,0.069740,0.054951,0.053116,0.482287,1.210224,0.402966,1.528403,0.125841,0.043406
873,2,0.064778,0.035346,0.146575,0.003948,1.537104,0.085155,1.451949,0.121862,0.150471
744,3,0.126842,0.043363,0.113881,0.183072,1.466454,0.054884,1.521337,0.045165,0.112215
741,2,0.092855,0.186614,0.486775,0.055539,1.501360,0.362246,1.277987,0.013895,0.106395
364,0,0.074111,0.036398,0.032560,0.001582,1.495427,0.190427,1.305000,0.019491,0.104434
430,2,0.079642,0.260533,0.435058,0.273146,1.483306,0.380251,1.278036,0.127103,0.183168
314,0,0.058835,0.036401,0.010853,0.103725,1.489388,0.196296,1.293092,0.020862,0.067320
273,0,0.078912,0.260533,0.143918,0.194349,1.448867,0.170832,1.278036,0.153060,0.019790
627,3,0.064778,0.121644,0.448078,0.210749,1.466170,0.085155,1.551325,0.121181,0.107673
412,2,0.081709,0.253195,0.197722,0.411482,1.453894,0.386245,1.301453,0.189767,0.089652
952,3,0.048524,0.046456,0.126441,0.016866,1.562919,0.298673,1.280000,0.122131,0.062013
634,3,0.067452,0.121644,0.008218,0.298970,1.223591,0.327734,1.551325,0.118629,0.019473
826,3,0.066830,0.038000,0.183863,0.301826,1.470196,0.348834,1.322562,0.114304,0.094053
115,0,0.060320,0.043709,0.477728,0.056728,1.454434,0.150963,1.303471,0.122358,0.071576
409,2,0.079642,0.253195,0.462353,0.306549,1.459889,0.380251,1.301453,0.152441,0.190782
940,3,0.060688,0.061142,0.472011,0.106366,1.488376,0.398795,1.254421,0.078414,0.143912
442,2,0.126842,0.045026,0.481031,0.476672,1.464773,0.054884,1.519657,0.134198,0.142308
381,2,0.081709,0.245859,0.223848,0.456703,1.471712,0.386245,1.283635,0.213940,0.097087
454,2,0.047418,0.228471,0.196643,0.299206,1.416445,0.127297,1.289148,0.098504,0.101366
133,0,0.060320,0.037992,0.476945,0.329284,1.428831,0.150963,1.277868,0.123133,0.071486
378,2,0.079642,0.245859,0.485894,0.352126,1.477706,0.380251,1.283635,0.174293,0.197348
368,0,0.074111,0.253195,0.054733,0.054868,1.491880,0.190427,1.301453,0.066183,0.116884
777,2,0.117605,0.039616,0.083220,0.192561,1.450433,0.377951,1.313209,0.015322,0.080534
177,1,0.184492,0.121644,0.377280,0.385221,1.388501,0.162824,1.551325,0.141942,0.074882
54,1,0.051543,0.095000,0.067317,0.276995,1.445751,0.123306,1.569057,0.134327,0.023657
365,0,0.074111,0.245859,0.046218,0.014324,1.474062,0.190427,1.283635,0.057822,0.115669
172,1,0.184492,0.081385,0.461280,0.290847,1.562993,0.162824,1.400169,0.059059,0.085127
424,2,0.064778,0.260533,0.402956,0.289918,1.363191,0.085155,1.278036,0.133558,0.167110
623,2,0.081709,0.036395,0.135109,0.359271,1.480552,0.386245,1.274795,0.131831,0.071834
457,2,0.079642,0.228471,0.376900,0.230917,1.472194,0.380251,1.289148,0.073118,0.166946
382,2,0.069740,0.245859,0.328557,0.485244,1.454991,0.402966,1.283635,0.224761,0.069724
914,2,0.055481,0.048103,0.362848,0.043393,1.559343,0.231996,1.327347,0.034350,0.085544
403,2,0.064778,0.253195,0.430030,0.329288,1.386608,0.085155,1.301453,0.160530,0.168867
131,0,0.060320,0.260533,0.412529,0.282035,1.428999,0.150963,1.278036,0.186805,0.064165
638,3,0.060688,0.121644,0.433106,0.450998,1.152530,0.398795,1.551325,0.114231,0.132519
780,2,0.055481,0.039616,0.313100,0.196304,1.545205,0.231996,1.313209,0.014050,0.076916
702,3,0.167234,0.037247,0.324349,0.402281,1.423830,0.360217,1.357545,0.145315,0.062875
301,0,0.089877,0.037992,0.020703,0.197032,1.438431,0.160563,1.277868,0.071955,0.055075
609,2,0.055481,0.035350,0.354016,0.367606,1.498703,0.231996,1.410894,0.025757,0.084012
194,1,0.054068,0.046097,0.466520,0.119808,1.506940,0.160400,1.346540,0.007403,0.079938
836,2,0.246680,0.077104,0.487661,0.015356,1.157642,0.323971,1.481613,0.173822,0.160213
270,0,0.078912,0.069597,0.176961,0.131676,1.462536,0.170832,1.291704,0.120504,0.015548
865,2,0.079642,0.218403,0.281525,0.175207,1.467824,0.380251,1.293518,0.015416,0.140344
373,2,0.064778,0.245859,0.454519,0.380175,1.368791,0.085155,1.283635,0.184927,0.170456
724,2,0.055481,0.036381,0.364280,0.227452,1.557314,0.231996,1.325318,0.035743,0.085792
432,2,0.056635,0.260533,0.186830,0.362383,1.444679,0.418877,1.278036,0.161444,0.097729
191,0,0.054068,0.069597,0.250634,0.161253,1.452104,0.160400,1.291704,0.131370,0.012884
195,0,0.054068,0.260533,0.217003,0.224247,1.438436,0.160400,1.278036,0.164566,0.008836
372,0,0.056517,0.036398,0.038590,0.022424,1.488401,0.183401,1.305000,0.011942,0.083673
317,1,0.088015,0.045267,0.013076,0.026909,1.232757,0.206281,1.439038,0.088242,0.064918
924,3,0.079642,0.046456,0.449925,0.041775,1.481342,0.380251,1.280000,0.131670,0.085892
434,2,0.055481,0.260533,0.489446,0.352178,1.510031,0.231996,1.278036,0.157517,0.107499
61,1,0.051543,0.121644,0.056742,0.484764,1.428019,0.123306,1.551325,0.144822,0.024636
766,2,0.055481,0.062255,0.392044,0.182419,1.555145,0.231996,1.323149,0.062754,0.090607
411,2,0.056635,0.253195,0.211544,0.395189,1.421262,0.418877,1.301453,0.183971,0.105355
524,2,0.064778,0.038444,0.130706,0.311803,1.527054,0.085155,1.441899,0.137671,0.149441
606,2,0.117605,0.035350,0.125510,0.359265,1.352748,0.377951,1.410894,0.023981,0.092246
823,3,0.049597,0.038000,0.255828,0.312985,1.416658,0.402372,1.322562,0.117951,0.104871
898,2,0.055481,0.039602,0.378934,0.040539,1.520762,0.231996,1.288767,0.050000,0.088333
52,0,0.051543,0.260533,0.459199,0.295627,1.401342,0.123306,1.278036,0.192035,0.077179
525,2,0.126842,0.038444,0.478809,0.319090,1.496783,0.054884,1.441899,0.136417,0.142215
550,2,0.069740,0.098664,0.288178,0.371205,1.457857,0.402966,1.280770,0.187669,0.057756
540,2,0.186481,0.098664,0.178102,0.262871,1.488548,0.372275,1.280770,0.146318,0.161556
647,2,0.047418,0.041685,0.016796,0.293439,1.510184,0.127297,1.504111,0.079863,0.084085
380,2,0.056635,0.245859,0.237378,0.439764,1.439080,0.418877,1.283635,0.207519,0.113327
795,2,0.055481,0.037986,0.381572,0.179399,1.504022,0.231996,1.272026,0.052566,0.088791
450,2,0.064778,0.228471,0.343719,0.234750,1.374303,0.085155,1.289148,0.074542,0.163265
596,2,0.069740,0.036590,0.065037,0.498157,1.232320,0.402966,1.506306,0.136791,0.046939
134,1,0.060320,0.095000,0.112900,0.250930,1.418094,0.150963,1.569057,0.134211,0.002408
721,2,0.117605,0.036381,0.134896,0.218116,1.438324,0.377951,1.325318,0.032703,0.094846
196,0,0.054068,0.058613,0.248938,0.233159,1.486532,0.160400,1.326132,0.133044,0.012680
427,2,0.047418,0.260533,0.256310,0.352596,1.405333,0.127297,1.278036,0.157678,0.107099
451,2,0.061904,0.228471,0.100139,0.204655,1.487819,0.364626,1.289148,0.063355,0.192167
167,1,0.184492,0.095000,0.385447,0.177459,1.406233,0.162824,1.569057,0.133884,0.075878
274,0,0.078912,0.058613,0.173968,0.203656,1.496964,0.170832,1.326132,0.123453,0.015932
462,2,0.060688,0.228471,0.448986,0.255263,1.453650,0.398795,1.289148,0.082168,0.143566
953,3,0.066830,0.046456,0.164071,0.044973,1.512758,0.348834,1.280000,0.132894,0.088957
521,2,0.055481,0.061130,0.402496,0.394098,1.521626,0.231996,1.289630,0.072924,0.092420
658,2,0.064778,0.038440,0.167317,0.220444,1.524722,0.085155,1.439567,0.101197,0.151817
651,2,0.117605,0.041685,0.015965,0.315670,1.259530,0.377951,1.504111,0.077839,0.061905
858,2,0.064778,0.218403,0.247066,0.192520,1.378673,0.085155,1.293518,0.021748,0.156993
406,2,0.047418,0.253195,0.281279,0.390890,1.428750,0.127297,1.301453,0.182442,0.109498
681,2,0.056635,0.048102,0.138751,0.262949,1.392157,0.418877,1.330558,0.117618,0.082892
859,2,0.061904,0.218403,0.005137,0.202593,1.483449,0.364626,1.293518,0.025432,0.166680
735,2,0.079642,0.186614,0.296567,0.015698,1.483355,0.380251,1.277987,0.001453,0.144539
870,2,0.060688,0.218403,0.353240,0.149401,1.449279,0.398795,1.293518,0.005979,0.115527
204,1,0.054068,0.081385,0.416806,0.302187,1.560569,0.160400,1.400169,0.056473,0.073955
376,2,0.047418,0.245859,0.307101,0.441170,1.410933,0.127297,1.283635,0.208051,0.111979
763,2,0.117605,0.062255,0.162871,0.170054,1.440493,0.377951,1.323149,0.058702,0.102593
544,2,0.167234,0.098664,0.459752,0.234060,1.500606,0.360217,1.280770,0.135320,0.189162
32,0,0.257956,0.055352,0.204863,0.448313,1.364026,0.119817,1.244209,0.181821,0.066269
300,0,0.089877,0.045026,0.008234,0.180405,1.359094,0.160563,1.519657,0.084259,0.056596
144,1,0.060320,0.121644,0.102925,0.458847,1.400362,0.150963,1.551325,0.144072,0.001274
9,0,0.257956,0.054966,0.197680,0.052570,1.427644,0.119817,1.307827,0.188950,0.065605
895,2,0.117605,0.039602,0.149127,0.029651,1.474875,0.377951,1.288767,0.045929,0.098787
170,0,0.184492,0.055352,0.052691,0.378376,1.407033,0.162824,1.244209,0.151799,0.000056
293,0,0.089877,0.110006,0.010120,0.062830,1.414467,0.160563,1.566562,0.102364,0.058833
60,0,0.051543,0.054951,0.466345,0.484971,1.489883,0.123306,1.528403,0.184945,0.077840
824,3,0.092855,0.038000,0.266659,0.327259,1.456785,0.362246,1.322562,0.122617,0.118709
665,2,0.117605,0.038440,0.008474,0.313252,1.324075,0.377951,1.439567,0.084816,0.059826
727,2,0.073853,0.186614,0.072779,0.042049,1.515656,0.347950,1.277987,0.023698,0.199821
792,2,0.117605,0.037986,0.151528,0.168238,1.491616,0.377951,1.272026,0.048160,0.099452
79,1,0.051295,0.225275,0.392447,0.191550,1.189623,0.105696,1.295320,0.026363,0.157611
38,0,0.257956,0.035350,0.221853,0.492370,1.530711,0.119817,1.410894,0.164960,0.067837
416,1,0.051295,0.095000,0.284718,0.087138,1.466839,0.105696,1.569057,0.133482,0.166200
817,3,0.062254,0.038000,0.153248,0.132733,1.302358,0.020204,1.322562,0.059031,0.069883
475,2,0.055481,0.037572,0.406192,0.463173,1.539612,0.231996,1.307616,0.076519,0.093061
829,2,0.186481,0.077104,0.177978,0.080886,1.109338,0.372275,1.481613,0.185341,0.064376
707,3,0.055481,0.037247,0.394882,0.394725,1.552051,0.231996,1.357545,0.143181,0.055491
728,2,0.064778,0.186614,0.262015,0.001692,1.363142,0.085155,1.277987,0.006855,0.157963
704,3,0.067452,0.037247,0.005387,0.317314,1.456313,0.327734,1.357545,0.121308,0.020162
518,2,0.117605,0.061130,0.172795,0.380644,1.474012,0.377951,1.289630,0.067924,0.105341
759,2,0.047418,0.062255,0.158189,0.175132,1.450446,0.127297,1.323149,0.060366,0.097671
809,2,0.055481,0.039177,0.412167,0.146265,1.537193,0.231996,1.305197,0.082332,0.094097
711,3,0.048524,0.037247,0.103945,0.396297,1.485374,0.298673,1.357545,0.143625,0.057028
740,2,0.060688,0.186614,0.368839,0.041229,1.464811,0.398795,1.277987,0.008382,0.120095
176,0,0.184492,0.035350,0.054136,0.423885,1.567874,0.162824,1.410894,0.150372,0.000232
717,2,0.047418,0.036381,0.130249,0.217971,1.452615,0.127297,1.325318,0.032656,0.094986
602,2,0.047418,0.035350,0.121096,0.357380,1.538191,0.127297,1.410894,0.023579,0.094107
877,2,0.047418,0.035346,0.014342,0.066039,1.562347,0.127297,1.451949,0.110743,0.081094
283,0,0.078912,0.098664,0.156543,0.390205,1.451601,0.170832,1.280770,0.140621,0.018169
891,2,0.047418,0.039602,0.144584,0.032175,1.416064,0.127297,1.288767,0.046873,0.096364
694,3,0.246680,0.043259,0.146679,0.327989,1.541059,0.323971,1.276563,0.169170,0.019720
832,2,0.167234,0.077104,0.121514,0.045570,1.121396,0.360217,1.481613,0.181113,0.099552
514,2,0.047418,0.061130,0.168419,0.387607,1.416927,0.127297,1.289630,0.070512,0.098654
622,2,0.056635,0.036395,0.148082,0.344692,1.447920,0.418877,1.274795,0.126124,0.085771
788,2,0.047418,0.037986,0.147069,0.171221,1.399323,0.127297,1.272026,0.049338,0.096602
950,3,0.049597,0.046456,0.235294,0.055268,1.459220,0.402372,1.280000,0.136835,0.098822
153,0,0.184492,0.037557,0.027328,0.022984,1.461602,0.162824,1.298777,0.176844,0.003040
128,0,0.060320,0.069597,0.447257,0.218704,1.442667,0.150963,1.291704,0.152478,0.068112
178,0,0.184492,0.041685,0.050154,0.482446,1.474657,0.162824,1.504111,0.154303,0.000253
757,2,0.186481,0.062255,0.073049,0.138808,1.446168,0.372275,1.323149,0.048462,0.132883
569,2,0.047418,0.054951,0.036705,0.359820,1.485892,0.127297,1.528403,0.132922,0.078945
205,0,0.054068,0.098664,0.229744,0.419991,1.441170,0.160400,1.280770,0.151990,0.010370
512,2,0.186481,0.061130,0.081539,0.349553,1.479687,0.372275,1.289630,0.056371,0.135200
132,0,0.060320,0.058613,0.448085,0.290414,1.477095,0.150963,1.326132,0.151659,0.068206
628,3,0.096481,0.121644,0.000239,0.202565,1.415595,0.135730,1.551325,0.121418,0.115856
857,3,0.246680,0.037265,0.162974,0.100982,1.415405,0.323971,1.402216,0.184615,0.023616
484,3,0.246680,0.037232,0.170705,0.495563,1.470519,0.323971,1.347102,0.191943,0.025464
437,2,0.186481,0.058613,0.151164,0.490312,1.443185,0.372275,1.326132,0.121226,0.154203
849,3,0.246680,0.035978,0.178092,0.138515,1.483809,0.323971,1.333813,0.198945,0.027230
316,0,0.058835,0.053976,0.057990,0.215342,1.206615,0.196296,1.402911,0.067104,0.074271
546,2,0.117605,0.098664,0.269738,0.293521,1.482872,0.377951,1.280770,0.158017,0.132188
652,2,0.055481,0.041685,0.247199,0.312081,1.405485,0.231996,1.504111,0.078165,0.065486
773,2,0.047418,0.039616,0.078510,0.182756,1.440506,0.127297,1.313209,0.018657,0.090015
363,0,0.074111,0.045958,0.047352,0.001066,1.506165,0.190427,1.315739,0.034019,0.102322
486,2,0.186481,0.055352,0.212916,0.336271,1.525108,0.372275,1.244209,0.178746,0.171057
315,0,0.058835,0.037992,0.055191,0.177404,1.474164,0.196296,1.277868,0.064359,0.073859
295,0,0.089877,0.069597,0.011664,0.086453,1.452267,0.160563,1.291704,0.103888,0.059022
567,2,0.186481,0.054951,0.121750,0.359043,1.240914,0.372275,1.528403,0.132967,0.079722
324,1,0.088015,0.121644,0.041857,0.386658,1.383987,0.206281,1.551325,0.141983,0.073446
145,0,0.184492,0.054966,0.039541,0.017027,1.470652,0.162824,1.307827,0.164781,0.001549
175,0,0.184492,0.054951,0.023893,0.403594,1.450365,0.162824,1.528403,0.180239,0.003459
761,2,0.167234,0.062255,0.356460,0.108982,1.458226,0.360217,1.323149,0.038687,0.161796
881,2,0.117605,0.035346,0.014709,0.093909,1.311693,0.377951,1.451949,0.106308,0.053422
468,2,0.047418,0.037572,0.172309,0.456992,1.434913,0.127297,1.307616,0.074369,0.099028
705,3,0.079642,0.037247,0.429804,0.420090,1.403796,0.380251,1.357545,0.150347,0.080280
516,2,0.167234,0.061130,0.363583,0.319895,1.491745,0.360217,1.289630,0.045351,0.163683
321,1,0.088015,0.041165,0.013008,0.234355,1.175960,0.206281,1.382241,0.088309,0.064928
472,2,0.117605,0.037572,0.176847,0.449290,1.456026,0.377951,1.307616,0.071690,0.106463
438,2,0.167234,0.058613,0.434552,0.461150,1.455243,0.360217,1.326132,0.111745,0.182485
528,2,0.047418,0.038444,0.029278,0.382175,1.569196,0.127297,1.441899,0.125556,0.079659
802,2,0.047418,0.039177,0.178325,0.140557,1.432494,0.127297,1.305197,0.080336,0.099606
782,2,0.092855,0.039616,0.449525,0.176063,1.466138,0.362246,1.313209,0.020933,0.096487
674,2,0.186481,0.048102,0.124650,0.196950,1.438759,0.372275,1.330558,0.096529,0.146967
288,1,0.078912,0.121644,0.391940,0.361394,1.380493,0.170832,1.551325,0.141253,0.098705
490,2,0.167234,0.055352,0.493112,0.307814,1.537166,0.360217,1.244209,0.166530,0.198000
571,2,0.167234,0.054951,0.170941,0.326087,1.252972,0.360217,1.528403,0.134872,0.112647
951,3,0.092855,0.046456,0.245375,0.070117,1.499347,0.362246,1.280000,0.142518,0.113048
828,2,0.126842,0.077104,0.438980,0.004446,1.426730,0.054884,1.481613,0.176184,0.140555
666,2,0.055481,0.038440,0.239569,0.308876,1.470030,0.231996,1.439567,0.085588,0.064163
919,3,0.167234,0.053106,0.269459,0.000434,1.566536,0.360217,1.214839,0.196667,0.048333
154,1,0.184492,0.045267,0.428773,0.010520,1.539731,0.162824,1.439038,0.091135,0.081163
661,2,0.047418,0.038440,0.007604,0.289668,1.566864,0.127297,1.439567,0.088979,0.083202
822,3,0.060688,0.038000,0.420311,0.337638,1.420235,0.398795,1.322562,0.126010,0.128772
806,2,0.117605,0.039177,0.182831,0.131733,1.458445,0.377951,1.305197,0.077251,0.108121
179,1,0.184492,0.043363,0.427528,0.481227,1.358513,0.162824,1.521337,0.092362,0.081011
447,3,0.096481,0.095000,0.009565,0.434847,1.433328,0.135730,1.569057,0.130735,0.116821
645,2,0.186481,0.041685,0.065811,0.282508,1.265206,0.372275,1.504111,0.080858,0.094991
712,3,0.066830,0.037247,0.144379,0.423781,1.435213,0.348834,1.357545,0.151391,0.083888
835,2,0.117605,0.077104,0.104363,0.116818,1.103662,0.377951,1.481613,0.189643,0.028589
305,0,0.089877,0.098664,0.031424,0.345053,1.441333,0.160563,1.280770,0.123386,0.061432
548,2,0.081709,0.098664,0.183468,0.342148,1.474578,0.386245,1.280770,0.176578,0.085596
325,1,0.088015,0.043363,0.007823,0.496523,1.413975,0.206281,1.521337,0.093383,0.065734
169,1,0.184492,0.041165,0.427466,0.217987,1.545065,0.162824,1.382241,0.092423,0.081003
678,2,0.167234,0.048102,0.408244,0.167544,1.450817,0.360217,1.330558,0.087132,0.175515
771,2,0.186481,0.039616,0.007067,0.161003,1.456108,0.372275,1.313209,0.026054,0.111049
889,2,0.186481,0.039602,0.057816,0.001736,1.480551,0.372275,1.288767,0.034271,0.128724
800,2,0.186481,0.039177,0.092281,0.100633,1.464120,0.372275,1.305197,0.066377,0.138132
526,2,0.186481,0.038444,0.114190,0.380030,1.327418,0.372275,1.441899,0.125925,0.081785
659,2,0.186481,0.038440,0.076237,0.280646,1.329750,0.372275,1.439567,0.090571,0.092144
444,2,0.186481,0.037992,0.233833,0.463193,1.491449,0.372275,1.277868,0.198229,0.176766
786,2,0.186481,0.037986,0.059532,0.137101,1.497291,0.372275,1.272026,0.035870,0.129193
50,0,0.051543,0.069597,0.494317,0.231518,1.415011,0.123306,1.291704,0.157186,0.080430
466,2,0.186481,0.037572,0.086361,0.418159,1.461701,0.372275,1.307616,0.060863,0.136516
320,1,0.088015,0.095000,0.033596,0.181174,1.366255,0.206281,1.569057,0.133901,0.072163
584,2,0.186481,0.036590,0.137550,0.375535,1.263011,0.372275,1.506306,0.147684,0.075410
615,2,0.186481,0.036395,0.128998,0.279434,1.494522,0.372275,1.274795,0.100579,0.148153
715,2,0.186481,0.036381,0.045168,0.186740,1.444000,0.372275,1.325318,0.022486,0.125272
53,0,0.051543,0.058613,0.495714,0.303151,1.449439,0.123306,1.326132,0.155800,0.080559
683,2,0.055481,0.048102,0.442845,0.245927,1.562554,0.231996,1.330558,0.112179,0.099417
691,3,0.167234,0.043259,0.269459,0.399099,1.504813,0.360217,1.276563,0.196667,0.048333
600,2,0.186481,0.035350,0.039483,0.327382,1.358423,0.372275,1.410894,0.017189,0.123719
875,2,0.186481,0.035346,0.098737,0.061095,1.317369,0.372275,1.451949,0.111530,0.086003
299,0,0.089877,0.058613,0.016645,0.158599,1.486695,0.160563,1.326132,0.108804,0.059629
545,2,0.079642,0.098664,0.445260,0.237345,1.480572,0.380251,1.280770,0.136574,0.186014
280,0,0.078912,0.055352,0.153751,0.358747,1.415041,0.170832,1.244209,0.143372,0.018528
649,2,0.167234,0.041685,0.225544,0.250311,1.277264,0.360217,1.504111,0.083790,0.127113
532,2,0.117605,0.038444,0.029730,0.412831,1.321743,0.377951,1.441899,0.120278,0.049259
775,2,0.167234,0.039616,0.276176,0.130517,1.468166,0.360217,1.313209,0.036422,0.140527
893,2,0.167234,0.039602,0.339809,0.031415,1.492609,0.360217,1.288767,0.023109,0.157385
277,1,0.078912,0.095000,0.399527,0.153659,1.398226,0.170832,1.569057,0.133778,0.099679
804,2,0.167234,0.039177,0.374992,0.071023,1.476178,0.360217,1.305197,0.056024,0.166706
530,2,0.167234,0.038444,0.174598,0.347931,1.339476,0.360217,1.441899,0.131451,0.113616
209,1,0.054068,0.121644,0.329880,0.396614,1.390925,0.160400,1.551325,0.142271,0.063493
663,2,0.167234,0.038440,0.212306,0.248906,1.341808,0.360217,1.439567,0.096174,0.123606
790,2,0.167234,0.037986,0.340871,0.107291,1.509349,0.360217,1.272026,0.024103,0.157666
470,2,0.167234,0.037572,0.369135,0.388494,1.473759,0.360217,1.307616,0.050545,0.165154
611,2,0.092855,0.035350,0.493861,0.343022,1.368453,0.362246,1.410894,0.020521,0.108280
587,2,0.167234,0.036590,0.154126,0.342680,1.275069,0.360217,1.506306,0.150603,0.108192
619,2,0.167234,0.036395,0.410391,0.250215,1.506580,0.360217,1.274795,0.089141,0.176084
719,2,0.167234,0.036381,0.328676,0.156666,1.456057,0.360217,1.325318,0.012694,0.154435
840,2,0.092855,0.077104,0.271736,0.096126,1.119368,0.362246,1.481613,0.187166,0.049197
604,2,0.167234,0.035350,0.326527,0.296843,1.370481,0.360217,1.410894,0.010684,0.153866
879,2,0.167234,0.035346,0.190443,0.029063,1.329427,0.360217,1.451949,0.116628,0.117813
208,0,0.054068,0.035350,0.229182,0.434086,1.570298,0.160400,1.410894,0.152545,0.010302
574,2,0.117605,0.054951,0.041285,0.392738,1.235239,0.377951,1.528403,0.131018,0.046058
202,0,0.054068,0.055352,0.225438,0.388723,1.404609,0.160400,1.244209,0.156240,0.009852
539,2,0.064778,0.098664,0.413276,0.256375,1.365925,0.085155,1.280770,0.143838,0.167780
492,2,0.117605,0.055352,0.306095,0.366692,1.519433,0.377951,1.244209,0.191805,0.142257
851,3,0.096481,0.037265,0.041622,0.003073,1.537946,0.135730,1.402216,0.162492,0.120110
655,2,0.092855,0.041685,0.386914,0.297700,1.275236,0.362246,1.504111,0.079475,0.079833
185,1,0.054068,0.045267,0.383708,0.021811,1.542155,0.160400,1.439038,0.089142,0.069971
282,1,0.078912,0.081385,0.469825,0.266919,1.570592,0.170832,1.400169,0.064517,0.108703
140,0,0.060320,0.098664,0.425476,0.477672,1.431733,0.150963,1.280770,0.174007,0.065637
210,0,0.054068,0.041685,0.226455,0.492698,1.477081,0.160400,1.504111,0.155236,0.009974
834,2,0.079642,0.077104,0.101817,0.054941,1.101362,0.380251,1.481613,0.182235,0.090218
676,2,0.047418,0.048102,0.209380,0.242659,1.457856,0.127297,1.330558,0.111135,0.102590
201,1,0.054068,0.041165,0.383258,0.229276,1.542641,0.160400,1.382241,0.089585,0.069917
263,1,0.088015,0.035000,0.002201,0.034941,1.364516,0.206281,1.570796,0.098889,0.066607
547,2,0.056635,0.098664,0.196788,0.326279,1.441946,0.418877,1.280770,0.170521,0.100801
549,2,0.055481,0.098664,0.499365,0.317493,1.512765,0.231996,1.280770,0.167167,0.109220
688,3,0.126842,0.043259,0.028555,0.227624,1.331446,0.054884,1.276563,0.130361,0.115772
680,2,0.117605,0.048102,0.214250,0.228000,1.433083,0.377951,1.330558,0.106450,0.116822
59,0,0.051543,0.098664,0.472248,0.490978,1.404076,0.123306,1.280770,0.179086,0.078387
709,3,0.049597,0.037247,0.216511,0.433400,1.381675,0.402372,1.357545,0.154108,0.093288
199,1,0.054068,0.095000,0.338327,0.188828,1.408657,0.160400,1.569057,0.133935,0.064509
624,2,0.055481,0.036395,0.450851,0.328964,1.506791,0.231996,1.274795,0.119968,0.100806
211,1,0.054068,0.043363,0.379665,0.492768,1.360937,0.160400,1.521337,0.093132,0.069484
813,3,0.126842,0.038000,0.114283,0.089088,1.377446,0.054884,1.322562,0.044763,0.112198
542,2,0.047418,0.098664,0.266342,0.318701,1.408067,0.127297,1.280770,0.167628,0.108063
699,3,0.126842,0.037247,0.064867,0.221031,1.412429,0.054884,1.357545,0.094103,0.114258
479,3,0.126842,0.037232,0.005133,0.401484,1.401986,0.054884,1.347102,0.163979,0.117176
842,2,0.066830,0.077104,0.389310,0.074532,1.132779,0.348834,1.481613,0.184580,0.070705
366,0,0.074111,0.069597,0.069776,0.024038,1.482131,0.190427,1.291704,0.080953,0.119031
845,3,0.126842,0.035978,0.010991,0.045719,1.388697,0.054884,1.333813,0.169836,0.117421
578,2,0.092855,0.054951,0.330623,0.373918,1.250944,0.362246,1.528403,0.132107,0.064861
827,2,0.064778,0.077104,0.092823,0.002163,1.396458,0.085155,1.481613,0.175412,0.146982
669,2,0.092855,0.038440,0.377850,0.295499,1.339780,0.362246,1.439567,0.087949,0.077422
286,0,0.078912,0.035350,0.150837,0.404502,1.559867,0.170832,1.410894,0.146243,0.018902
303,0,0.089877,0.055352,0.031935,0.313364,1.404772,0.160563,1.244209,0.123890,0.061494
307,0,0.089877,0.054951,0.085258,0.338995,1.452627,0.160563,1.528403,0.176504,0.067998
762,2,0.079642,0.062255,0.341527,0.113848,1.438193,0.380251,1.323149,0.040282,0.157080
445,2,0.117605,0.037992,0.325665,0.493591,1.485774,0.377951,1.277868,0.209992,0.147676
517,2,0.079642,0.061130,0.348885,0.324634,1.471712,0.380251,1.289630,0.047112,0.159132
838,2,0.060688,0.077104,0.157616,0.087049,1.082818,0.398795,1.481613,0.186079,0.058238
590,2,0.117605,0.036590,0.056013,0.409041,1.257335,0.377951,1.506306,0.144708,0.041979
621,2,0.117605,0.036395,0.220924,0.310276,1.488847,0.377951,1.274795,0.112652,0.118670
439,2,0.079642,0.058613,0.419802,0.464833,1.435210,0.380251,1.326132,0.112942,0.178913
494,2,0.081709,0.055352,0.222279,0.414873,1.511138,0.386245,1.244209,0.212488,0.096641
143,0,0.060320,0.035350,0.434876,0.491223,1.561857,0.150963,1.410894,0.164716,0.066705
837,2,0.055481,0.077104,0.134766,0.099349,1.249617,0.231996,1.481613,0.187552,0.045987
419,1,0.051295,0.081385,0.341748,0.213176,1.294473,0.105696,1.400169,0.076775,0.161653
882,2,0.055481,0.035346,0.217143,0.087007,1.457648,0.231996,1.451949,0.107406,0.060274
367,0,0.074111,0.036401,0.007313,0.061379,1.483519,0.190427,1.293092,0.005349,0.108043
491,2,0.079642,0.055352,0.478814,0.310588,1.517133,0.380251,1.244209,0.167721,0.195373
311,0,0.089877,0.048102,0.038938,0.466365,1.491121,0.160563,1.330558,0.130800,0.062348
573,2,0.079642,0.054951,0.153341,0.334152,1.232939,0.380251,1.528403,0.134406,0.104590
147,0,0.078912,0.054966,0.138920,0.036569,1.478659,0.170832,1.307827,0.157985,0.020432
285,0,0.078912,0.054951,0.117493,0.383853,1.442358,0.170832,1.528403,0.179098,0.023182
743,3,0.096481,0.043363,0.077108,0.187363,1.385608,0.135730,1.521337,0.044879,0.107929
687,3,0.096481,0.043259,0.008792,0.226611,1.412292,0.135730,1.276563,0.129970,0.116741
948,3,0.060688,0.046456,0.398348,0.079817,1.462797,0.398795,1.280000,0.146230,0.122341
839,2,0.049597,0.077104,0.346410,0.058016,1.079241,0.402372,1.481613,0.182603,0.087155
755,2,0.064778,0.062255,0.308016,0.109857,1.408304,0.085155,1.323149,0.038974,0.160948
841,2,0.048524,0.077104,0.446689,0.069484,1.182940,0.298673,1.481613,0.183976,0.075732
617,2,0.047418,0.036395,0.217238,0.326308,1.402092,0.127297,1.274795,0.118928,0.103345
370,0,0.074111,0.053976,0.065893,0.170501,1.212484,0.190427,1.402911,0.077141,0.118476
510,2,0.064778,0.061130,0.315296,0.322251,1.374785,0.085155,1.289630,0.046226,0.161421
756,2,0.061904,0.062255,0.066043,0.087085,1.453818,0.364626,1.323149,0.031510,0.183026
812,3,0.096481,0.038000,0.075817,0.093354,1.458292,0.135730,1.322562,0.046158,0.108062
310,0,0.089877,0.041685,0.056812,0.418021,1.476918,0.160563,1.504111,0.148437,0.064528
495,2,0.069740,0.055352,0.328492,0.443323,1.494418,0.402966,1.244209,0.224702,0.069705
679,2,0.079642,0.048102,0.393404,0.171629,1.430783,0.380251,1.330558,0.088438,0.171550
767,2,0.060688,0.062255,0.412387,0.138844,1.419648,0.398795,1.323149,0.048474,0.132848
511,2,0.061904,0.061130,0.072168,0.298045,1.487337,0.364626,1.289630,0.037231,0.184668
698,3,0.096481,0.037247,0.027068,0.222255,1.493275,0.135730,1.357545,0.094449,0.113063
478,3,0.096481,0.037232,0.042202,0.398414,1.482832,0.135730,1.347102,0.163066,0.120169
436,2,0.064778,0.058613,0.386592,0.478099,1.411287,0.085155,1.326132,0.117255,0.166048
522,2,0.060688,0.061130,0.420906,0.349405,1.453167,0.398795,1.289630,0.056316,0.135342
536,2,0.092855,0.038444,0.339918,0.394605,1.337448,0.362246,1.441899,0.123416,0.067333
844,3,0.096481,0.035978,0.047948,0.042285,1.469543,0.135730,1.333813,0.168759,0.120759
581,2,0.066830,0.054951,0.443951,0.353989,1.264355,0.348834,1.528403,0.133259,0.084771
710,3,0.092855,0.037247,0.228275,0.448965,1.421802,0.362246,1.357545,0.158506,0.108500
264,1,0.078912,0.045267,0.438556,0.013215,1.531723,0.170832,1.439038,0.095324,0.104689
594,2,0.092855,0.036590,0.315353,0.390178,1.273041,0.362246,1.506306,0.146384,0.060799
485,2,0.064778,0.055352,0.448758,0.337301,1.329364,0.085155,1.244209,0.179188,0.170083
440,2,0.060688,0.058613,0.490824,0.488647,1.416665,0.398795,1.326132,0.120685,0.155818
885,2,0.092855,0.035346,0.355137,0.075821,1.327398,0.362246,1.451949,0.109186,0.071381
290,1,0.078912,0.043363,0.443208,0.456922,1.350505,0.170832,1.521337,0.090741,0.105286
309,0,0.089877,0.036395,0.088107,0.399183,1.435358,0.160563,1.274795,0.179315,0.068345
650,2,0.079642,0.041685,0.208569,0.257446,1.257230,0.380251,1.504111,0.083140,0.119994
308,0,0.089877,0.035350,0.044927,0.359750,1.570135,0.160563,1.410894,0.136710,0.063079
137,0,0.060320,0.055352,0.418238,0.446776,1.395172,0.150963,1.244209,0.181162,0.064814
576,2,0.060688,0.054951,0.215589,0.363553,1.214394,0.398795,1.528403,0.132706,0.075216
289,0,0.078912,0.041685,0.144461,0.462934,1.466649,0.170832,1.504111,0.152526,0.019720
119,0,0.060320,0.054966,0.410949,0.050893,1.458790,0.150963,1.307827,0.188367,0.063986
142,0,0.060320,0.054951,0.415194,0.471586,1.462227,0.150963,1.528403,0.184171,0.064468
279,1,0.078912,0.041165,0.435450,0.194275,1.553072,0.170832,1.382241,0.098384,0.104290
776,2,0.079642,0.039616,0.261122,0.136592,1.448133,0.380251,1.313209,0.034356,0.134653
894,2,0.079642,0.039602,0.325080,0.026320,1.472575,0.380251,1.288767,0.025015,0.152492
805,2,0.079642,0.039177,0.360209,0.075598,1.456145,0.380251,1.305197,0.057624,0.162291
493,2,0.056635,0.055352,0.234909,0.398053,1.478506,0.418877,1.244209,0.205268,0.112565
531,2,0.079642,0.038444,0.157971,0.355731,1.319443,0.380251,1.441899,0.130108,0.105881
664,2,0.079642,0.038440,0.195899,0.256115,1.321775,0.380251,1.439567,0.094901,0.116460
791,2,0.079642,0.037986,0.326255,0.112365,1.489316,0.380251,1.272026,0.026106,0.152820
672,2,0.064778,0.048102,0.360053,0.179070,1.415714,0.085155,1.330558,0.090815,0.164326
471,2,0.079642,0.037572,0.354331,0.393159,1.453726,0.380251,1.307616,0.052167,0.160651
575,2,0.055481,0.054951,0.192284,0.382824,1.381194,0.231996,1.528403,0.131592,0.055963
230,0,0.078912,0.037557,0.126960,0.003353,1.469609,0.170832,1.298777,0.169770,0.021967
589,2,0.079642,0.036590,0.136684,0.350947,1.255035,0.380251,1.506306,0.149869,0.099943
146,0,0.054068,0.054966,0.213166,0.006794,1.468227,0.160400,1.307827,0.168352,0.008375
207,0,0.054068,0.054951,0.200519,0.413916,1.452790,0.160400,1.528403,0.180836,0.006852
620,2,0.079642,0.036395,0.395860,0.254242,1.486547,0.380251,1.274795,0.090717,0.172235
720,2,0.079642,0.036381,0.313662,0.161954,1.436024,0.380251,1.325318,0.014416,0.149308
673,2,0.061904,0.048102,0.118038,0.145450,1.446408,0.364626,1.330558,0.080072,0.196966
287,0,0.078912,0.036395,0.099465,0.444006,1.445627,0.170832,1.274795,0.196862,0.025497
938,3,0.055481,0.053106,0.341021,0.002216,1.446835,0.231996,1.214839,0.195581,0.046150
605,2,0.079642,0.035350,0.310882,0.302247,1.350448,0.380251,1.410894,0.011835,0.148532
880,2,0.079642,0.035346,0.173791,0.036634,1.309393,0.380251,1.451949,0.115423,0.110294
693,3,0.067452,0.043259,0.040282,0.315917,1.537296,0.327734,1.276563,0.164502,0.031273
684,2,0.060688,0.048102,0.464207,0.195862,1.412239,0.398795,1.330558,0.096181,0.148023
441,2,0.064778,0.045026,0.134721,0.469268,1.434502,0.085155,1.519657,0.133672,0.149701
57,0,0.051543,0.055352,0.464292,0.460334,1.367515,0.123306,1.244209,0.186982,0.077650
43,0,0.051543,0.054966,0.458147,0.064455,1.431134,0.123306,1.307827,0.193080,0.077081
369,0,0.074111,0.037992,0.036245,0.135202,1.468295,0.190427,1.277868,0.048028,0.114246
686,3,0.064778,0.043259,0.435899,0.235260,1.361718,0.085155,1.276563,0.133314,0.108464
657,2,0.066830,0.041685,0.499348,0.278456,1.288647,0.348834,1.504111,0.081227,0.099032
577,2,0.049597,0.054951,0.398942,0.336112,1.210818,0.402372,1.528403,0.134292,0.102631
579,2,0.048524,0.054951,0.499613,0.351298,1.314517,0.298673,1.528403,0.133414,0.087460
400,1,0.063055,0.043259,0.068387,0.363858,1.440393,0.163830,1.276563,0.115078,0.176765
488,2,0.047418,0.055352,0.304670,0.398919,1.371506,0.127297,1.244209,0.205640,0.111745
692,3,0.062254,0.043259,0.062744,0.277153,1.256358,0.020204,1.276563,0.149513,0.068371
949,3,0.048524,0.053106,0.050119,0.003326,1.513512,0.298673,1.214839,0.195058,0.045098
538,2,0.066830,0.038444,0.450878,0.375221,1.350859,0.348834,1.441899,0.126753,0.086554
671,2,0.066830,0.038440,0.488618,0.276484,1.353191,0.348834,1.439567,0.091306,0.096270
644,2,0.061904,0.041685,0.059598,0.228026,1.272855,0.364626,1.504111,0.085819,0.149345
769,2,0.064778,0.039616,0.226984,0.114836,1.398364,0.085155,1.313209,0.041754,0.155689
888,2,0.064778,0.039602,0.291128,0.033985,1.373922,0.085155,1.288767,0.022149,0.159852
798,2,0.064778,0.039177,0.326782,0.075728,1.390352,0.085155,1.305197,0.057669,0.162166
856,3,0.067452,0.037265,0.058608,0.088688,1.411642,0.327734,1.402216,0.181837,0.035732
483,3,0.067452,0.037232,0.065445,0.483323,1.466756,0.327734,1.347102,0.188305,0.037396
653,2,0.060688,0.041685,0.272222,0.285705,1.238686,0.398795,1.504111,0.080567,0.091801
443,2,0.064778,0.037992,0.470024,0.468735,1.363023,0.085155,1.277868,0.200374,0.171463
784,2,0.064778,0.037986,0.292155,0.104933,1.357181,0.085155,1.272026,0.023172,0.159919
597,2,0.066830,0.036590,0.428092,0.370245,1.286452,0.348834,1.506306,0.148154,0.080689
770,2,0.061904,0.039616,0.014591,0.108913,1.463758,0.364626,1.313209,0.043768,0.161416
464,2,0.064778,0.037572,0.320851,0.391988,1.392771,0.085155,1.307616,0.051760,0.161781
850,3,0.064778,0.037265,0.404402,0.012815,1.487371,0.085155,1.402216,0.164693,0.110508
697,3,0.064778,0.037247,0.472879,0.229416,1.442701,0.085155,1.357545,0.096473,0.106064
477,3,0.064778,0.037232,0.403104,0.408238,1.432258,0.085155,1.347102,0.165987,0.110592
799,2,0.061904,0.039177,0.084083,0.049100,1.471770,0.364626,1.305197,0.048359,0.187862
402,1,0.063055,0.038000,0.113305,0.497466,1.486393,0.163830,1.322562,0.159385,0.182315
781,2,0.060688,0.039616,0.332089,0.162778,1.429588,0.398795,1.313209,0.025451,0.109333
899,2,0.060688,0.039602,0.397108,0.001419,1.454031,0.398795,1.288767,0.034407,0.128373
887,2,0.066830,0.035346,0.466313,0.056538,1.340810,0.348834,1.451949,0.112255,0.090528
695,3,0.055481,0.043259,0.340826,0.396782,1.508558,0.231996,1.276563,0.195771,0.046116
613,2,0.064778,0.036395,0.363124,0.262307,1.359950,0.085155,1.274795,0.093875,0.164525
713,2,0.064778,0.036381,0.280054,0.151821,1.410473,0.085155,1.325318,0.011116,0.159134
810,2,0.060688,0.039177,0.431689,0.100252,1.437600,0.398795,1.305197,0.066244,0.138500
414,1,0.051295,0.046097,0.387575,0.039749,1.240844,0.105696,1.346540,0.031208,0.158000
401,1,0.063055,0.037247,0.035990,0.368951,1.521376,0.163830,1.357545,0.083119,0.172761
399,1,0.063055,0.037232,0.023689,0.194659,1.510933,0.163830,1.347102,0.024283,0.165390
785,2,0.061904,0.037986,0.048923,0.085547,1.504941,0.364626,1.272026,0.015520,0.178435
843,3,0.064778,0.035978,0.397153,0.052348,1.418968,0.085155,1.333813,0.171915,0.110978
534,2,0.060688,0.038444,0.223743,0.384247,1.300898,0.398795,1.441899,0.125199,0.077604
667,2,0.060688,0.038440,0.262001,0.284013,1.303230,0.398795,1.439567,0.089977,0.088808
465,2,0.061904,0.037572,0.078265,0.366587,1.469351,0.364626,1.307616,0.042926,0.186303
855,3,0.062254,0.037265,0.037802,0.055993,1.382012,0.020204,1.402216,0.174450,0.067955
703,3,0.062254,0.037247,0.105102,0.267261,1.337341,0.020204,1.357545,0.107165,0.069079
482,3,0.062254,0.037232,0.033240,0.452054,1.326898,0.020204,1.347102,0.179010,0.067878
598,2,0.064778,0.035350,0.278501,0.291609,1.496049,0.085155,1.410894,0.009569,0.159033
796,2,0.060688,0.037986,0.398837,0.137429,1.470771,0.398795,1.272026,0.035999,0.128880
476,2,0.060688,0.037572,0.425748,0.417906,1.435181,0.398795,1.307616,0.060775,0.136761
423,1,0.061019,0.037247,0.046642,0.343984,1.534228,0.176683,1.357545,0.076065,0.197161
422,1,0.061019,0.037232,0.013369,0.170262,1.523785,0.176683,1.347102,0.017031,0.189173
708,3,0.060688,0.037247,0.382156,0.458276,1.385252,0.398795,1.357545,0.161137,0.117599
614,2,0.061904,0.036395,0.118534,0.228232,1.502172,0.364626,1.274795,0.080536,0.197099
714,2,0.061904,0.036381,0.038295,0.134855,1.451649,0.364626,1.325318,0.005592,0.175585
848,3,0.062254,0.035978,0.026386,0.096810,1.313609,0.020204,1.333813,0.185863,0.067764
592,2,0.060688,0.036590,0.199786,0.380368,1.236491,0.398795,1.506306,0.147255,0.070588
625,2,0.060688,0.036395,0.468485,0.278259,1.468002,0.398795,1.274795,0.100119,0.149276
725,2,0.060688,0.036381,0.384387,0.187383,1.417480,0.398795,1.325318,0.022696,0.124648
599,2,0.061904,0.035350,0.038704,0.274730,1.366073,0.364626,1.410894,0.005973,0.175695
610,2,0.060688,0.035350,0.378586,0.328162,1.331903,0.398795,1.410894,0.017355,0.122949
883,2,0.060688,0.035346,0.239261,0.064977,1.290849,0.398795,1.451949,0.110912,0.082148
533,2,0.055481,0.038444,0.202404,0.404301,1.467698,0.231996,1.441899,0.121746,0.057718
417,1,0.051295,0.041165,0.304483,0.132840,1.276544,0.105696,1.382241,0.113829,0.164624
696,3,0.048524,0.043259,0.049831,0.395652,1.566357,0.298673,1.276563,0.195334,0.045035
654,2,0.049597,0.041685,0.454660,0.258398,1.235109,0.402372,1.504111,0.083053,0.119045
591,2,0.055481,0.036590,0.177754,0.397551,1.403290,0.231996,1.506306,0.145729,0.053443
184,0,0.054068,0.037557,0.200805,0.033292,1.459177,0.160400,1.298777,0.180554,0.006887
415,1,0.051295,0.039009,0.251414,0.035098,1.309192,0.105696,1.203495,0.166597,0.168855
418,1,0.051295,0.037232,0.447103,0.207108,1.241406,0.105696,1.347102,0.027983,0.153254
535,2,0.049597,0.038444,0.403834,0.357556,1.297322,0.402372,1.441899,0.129794,0.104072
668,2,0.049597,0.038440,0.441998,0.257271,1.299654,0.402372,1.439567,0.094697,0.115315
593,2,0.049597,0.036590,0.382221,0.353191,1.232914,0.402372,1.506306,0.149670,0.097705
595,2,0.048524,0.036590,0.483878,0.366953,1.336613,0.298673,1.506306,0.148447,0.083973
884,2,0.049597,0.035346,0.419730,0.038184,1.287272,0.402372,1.451949,0.115176,0.108754
