2,0,0.811931,0.765868,0.003915,0.013199,1.566342,0.040431,1.525911,0.000536,0.083396
16,2,0.709623,0.765868,0.001432,0.002932,1.381366,0.144545,1.525911,0.049203,0.035765
0,1,0.055696,0.881612,0.014182,0.100587,1.512673,0.116169,1.512750,0.062155,0.036973
1,1,0.811931,0.881612,0.022557,0.006511,1.472319,0.040431,1.512750,0.069690,0.057061
12,3,0.709623,0.881612,0.007206,0.001241,1.484298,0.144545,1.512750,0.140626,0.042281
8,0,0.811931,0.058334,0.051198,0.321437,1.530495,0.040431,1.570667,0.047778,0.081897
6,0,0.811931,0.088372,0.067178,0.298647,1.544637,0.040431,1.556525,0.063743,0.081390
3,0,0.811931,0.043459,0.023291,0.124349,1.545204,0.040431,1.504773,0.019896,0.082782
4,0,0.811931,0.343334,0.144328,0.199390,1.530195,0.040431,1.570626,0.140824,0.078944
5,0,0.811931,0.048442,0.174044,0.202313,1.557933,0.040431,1.517503,0.170514,0.078002
13,1,0.095580,0.881612,0.368524,0.115483,1.541364,0.028614,1.512750,0.079437,0.178692
7,0,0.811931,0.223363,0.200461,0.324523,1.519285,0.040431,1.559716,0.196907,0.077164
42,2,0.709623,0.036818,0.023086,0.001988,1.512829,0.144545,1.484219,0.072947,0.033155
11,0,0.811931,0.064991,0.134775,0.474176,1.514031,0.040431,1.554461,0.131280,0.079247
29,3,0.709623,0.042153,0.231553,0.344880,1.127259,0.144545,1.271804,0.081361,0.066677
20,2,0.056653,0.765868,0.010039,0.070336,1.337603,0.188308,1.525911,0.053418,0.031859
9,0,0.811931,0.068516,0.148632,0.352105,1.537658,0.040431,1.497228,0.145124,0.078807
19,2,0.082444,0.765868,0.021318,0.066451,1.301936,0.223975,1.525911,0.053176,0.027978
32,2,0.709623,0.287058,0.087510,0.093636,1.375487,0.144545,1.520032,0.036449,0.045177
17,0,0.095580,0.765868,0.351568,0.063115,1.497297,0.028614,1.525911,0.005287,0.159626
44,0,0.095580,0.343334,0.216152,0.115542,1.542352,0.028614,1.570626,0.140637,0.162791
10,0,0.811931,0.041697,0.035381,0.416490,1.479386,0.040431,1.519817,0.031975,0.082398
38,2,0.709623,0.053732,0.018689,0.072580,1.326399,0.144545,1.470944,0.031669,0.037691
80,2,0.082444,0.287058,0.066581,0.035320,1.296057,0.223975,1.520032,0.032433,0.013061
14,3,0.082941,0.881612,0.108222,0.206230,1.520722,0.108120,1.512750,0.124223,0.162411
24,2,0.709623,0.058334,0.002612,0.402412,1.426122,0.144545,1.570667,0.047778,0.035921
26,2,0.709623,0.041697,0.072341,0.316923,1.477231,0.144545,1.519817,0.021439,0.043528
18,2,0.047474,0.765868,0.398462,0.006405,1.301189,0.224722,1.525911,0.048649,0.044652
34,2,0.709623,0.105159,0.021355,0.051603,1.457392,0.144545,1.539656,0.071232,0.033344
47,0,0.095580,0.223363,0.161210,0.237606,1.553263,0.028614,1.559716,0.195553,0.164076
41,3,0.709623,0.040542,0.062855,0.090203,1.527905,0.144545,1.383360,0.085556,0.048333
81,2,0.056653,0.287058,0.077107,0.029062,1.331724,0.188308,1.520032,0.032002,0.019311
22,2,0.709623,0.088372,0.029697,0.399244,1.411980,0.144545,1.556525,0.079493,0.032436
28,2,0.709623,0.044990,0.003066,0.231328,1.431737,0.144545,1.565311,0.052967,0.035351
37,2,0.709623,0.045024,0.013220,0.092453,1.406230,0.144545,1.550775,0.063166,0.034230
27,2,0.709623,0.064991,0.062430,0.252844,1.442586,0.144545,1.554461,0.111890,0.028875
31,2,0.709623,0.048322,0.040571,0.197177,1.448332,0.144545,1.548715,0.090258,0.031253
15,3,0.047474,0.881612,0.280449,0.034061,1.404120,0.224722,1.512750,0.143444,0.077443
39,2,0.709623,0.036703,0.036170,0.071689,1.389596,0.144545,1.534140,0.085901,0.031732
52,0,0.095580,0.064991,0.227555,0.390884,1.558517,0.028614,1.554461,0.129241,0.162525
40,2,0.709623,0.061818,0.078734,0.051197,1.385835,0.144545,1.530380,0.128024,0.027102
55,0,0.095580,0.048322,0.244525,0.461314,1.564263,0.028614,1.548715,0.112278,0.162128
46,0,0.095580,0.088372,0.291488,0.218997,1.527911,0.028614,1.556525,0.065339,0.161031
48,0,0.095580,0.058334,0.309057,0.242713,1.542052,0.028614,1.570667,0.047778,0.160620
53,0,0.095580,0.044990,0.297596,0.427460,1.547667,0.028614,1.565311,0.059233,0.160888
67,2,0.082444,0.041697,0.059391,0.374810,1.397801,0.223975,1.519817,0.025428,0.014281
21,2,0.709623,0.343334,0.089881,0.252445,1.426422,0.144545,1.570626,0.139054,0.025890
68,2,0.056653,0.041697,0.070827,0.380752,1.433468,0.188308,1.519817,0.025838,0.020216
51,0,0.095580,0.041697,0.330234,0.338660,1.548431,0.028614,1.519817,0.026612,0.160125
33,2,0.709623,0.036614,0.061518,0.141309,1.372789,0.144545,1.517334,0.110988,0.028974
23,2,0.709623,0.223363,0.135721,0.254103,1.437332,0.144545,1.559716,0.184412,0.020905
79,2,0.047474,0.287058,0.486795,0.107977,1.295310,0.224722,1.520032,0.037437,0.059500
36,2,0.709623,0.038308,0.071046,0.117102,1.439397,0.144545,1.557650,0.120417,0.027938
92,2,0.082444,0.053732,0.008081,0.136324,1.246969,0.223975,1.470944,0.040268,0.025729
62,2,0.082444,0.058334,0.015779,0.465370,1.346692,0.223975,1.570667,0.047778,0.027037
84,2,0.082444,0.105159,0.037073,0.115630,1.377962,0.223975,1.539656,0.068526,0.030652
93,2,0.056653,0.053732,0.003165,0.140631,1.282636,0.188308,1.470944,0.040849,0.030013
63,2,0.056653,0.058334,0.004414,0.469364,1.382359,0.188308,1.570667,0.047778,0.031031
72,2,0.082444,0.044990,0.020527,0.294523,1.352307,0.223975,1.565311,0.052405,0.027843
85,2,0.056653,0.105159,0.025232,0.119037,1.413629,0.188308,1.539656,0.068382,0.034058
30,2,0.709623,0.051773,0.114394,0.210643,1.356753,0.144545,1.501298,0.163310,0.023224
73,2,0.056653,0.044990,0.008983,0.298386,1.387974,0.188308,1.565311,0.052370,0.031706
58,2,0.082444,0.088372,0.049673,0.464478,1.332550,0.223975,1.556525,0.080800,0.032791
89,2,0.082444,0.045024,0.033481,0.156739,1.326800,0.223975,1.550775,0.065026,0.030042
35,2,0.709623,0.046005,0.119455,0.118559,1.270936,0.144545,1.415481,0.168318,0.022674
100,2,0.082444,0.036818,0.033949,0.065462,1.433399,0.223975,1.484219,0.065482,0.030122
90,2,0.056653,0.045024,0.021923,0.160278,1.362468,0.188308,1.550775,0.065129,0.033580
101,2,0.056653,0.036818,0.021868,0.068925,1.469066,0.188308,1.484219,0.065075,0.033572
59,2,0.056653,0.088372,0.037937,0.467579,1.368218,0.188308,1.556525,0.080862,0.035891
25,2,0.709623,0.038760,0.327601,0.422816,1.253613,0.144545,1.109068,0.274008,0.071284
77,2,0.082444,0.048322,0.057292,0.262532,1.368902,0.223975,1.548715,0.088222,0.034084
45,0,0.095580,0.048442,0.179968,0.116547,1.488889,0.028614,1.517503,0.176804,0.163637
95,2,0.082444,0.036703,0.058378,0.137736,1.310166,0.223975,1.534140,0.089280,0.034268
78,2,0.056653,0.048322,0.045342,0.265408,1.404570,0.188308,1.548715,0.088132,0.036959
96,2,0.056653,0.036703,0.046661,0.140620,1.345833,0.188308,1.534140,0.089427,0.037150
66,2,0.047474,0.041697,0.469455,0.303848,1.397054,0.224722,1.519817,0.020538,0.056585
70,2,0.082444,0.064991,0.079911,0.319654,1.363156,0.223975,1.554461,0.110255,0.037923
91,2,0.047474,0.053732,0.417294,0.062403,1.246222,0.224722,1.470944,0.030296,0.047818
98,3,0.047474,0.040542,0.330117,0.128331,1.533510,0.224722,1.383360,0.095039,0.085792
43,0,0.095580,0.043459,0.329890,0.046834,1.476159,0.028614,1.504773,0.026955,0.160133
54,0,0.095580,0.051773,0.260348,0.454358,1.472684,0.028614,1.501298,0.096464,0.161758
50,0,0.095580,0.068516,0.203216,0.267581,1.468613,0.028614,1.497228,0.153567,0.163094
49,0,0.095580,0.038760,0.188629,0.281782,1.137683,0.028614,1.109068,0.168148,0.163435
74,3,0.082941,0.042153,0.224174,0.115020,1.163684,0.108120,1.271804,0.008954,0.152977
