605,2,0.472961,0.081500,0.002892,0.001327,1.505732,0.013658,1.519390,0.043856,0.024544
13,2,0.472961,0.886978,0.006109,0.008242,1.550806,0.013658,1.537148,0.047092,0.024609
394,3,0.375031,0.203009,0.001082,0.003687,1.503571,0.002961,1.500611,0.007907,0.028447
0,0,0.379097,0.886978,0.069912,0.003169,1.550549,0.013402,1.537148,0.023881,0.016179
46,1,0.256200,0.647996,0.008033,0.013130,1.554430,0.014138,1.568568,0.006874,0.012881
45,1,0.256200,0.106791,0.009667,0.008993,1.519480,0.014138,1.533618,0.005236,0.012914
1,0,0.110016,0.886978,0.023679,0.033580,1.544853,0.007706,1.537148,0.024673,0.014270
27,2,0.167133,0.886978,0.318996,0.034773,1.507908,0.029240,1.537148,0.047783,0.001911
30,1,0.379097,0.647996,0.468074,0.025051,1.555166,0.013402,1.568568,0.006898,0.000956
117,3,0.472961,0.647996,0.463037,0.220257,1.554910,0.013658,1.568568,0.005109,0.005750
719,2,0.167133,0.081500,0.314043,0.027619,1.548630,0.029240,1.519390,0.042832,0.001713
3,0,0.054147,0.886978,0.410784,0.025333,1.525987,0.078458,1.537148,0.024459,0.006026
2,0,0.444157,0.886978,0.015245,0.055348,1.556869,0.019722,1.537148,0.025240,0.036027
29,1,0.379097,0.106791,0.469401,0.020935,1.520216,0.013402,1.533618,0.005571,0.000980
130,3,0.375031,0.647996,0.012160,0.197629,1.570063,0.002961,1.568568,0.005154,0.028378
129,3,0.098183,0.647996,0.364693,0.237009,1.508963,0.059605,1.568568,0.005075,0.011003
70,1,0.039010,0.647996,0.377403,0.001215,1.534624,0.038400,1.568568,0.006850,0.024907
21,2,0.279999,0.886978,0.026251,0.025212,1.531348,0.005799,1.537148,0.046222,0.058035
131,3,0.167133,0.647996,0.456910,0.190175,1.543784,0.029240,1.568568,0.005169,0.035831
101,1,0.082988,0.647996,0.022199,0.015197,1.567157,0.005867,1.568568,0.006817,0.041188
381,3,0.472961,0.203009,0.477275,0.019353,1.486952,0.013658,1.500611,0.009127,0.005465
395,3,0.167133,0.203009,0.469573,0.011597,1.529851,0.029240,1.500611,0.007489,0.036338
714,2,0.279999,0.081500,0.025194,0.032220,1.525189,0.005799,1.519390,0.045164,0.058045
127,3,0.159113,0.647996,0.398014,0.186954,1.536393,0.032175,1.568568,0.005176,0.039053
25,2,0.036104,0.886978,0.106095,0.034248,1.555230,0.049215,1.537148,0.045987,0.067065
397,3,0.240127,0.203009,0.176822,0.016314,1.565175,0.064564,1.500611,0.007239,0.041044
26,2,0.098183,0.886978,0.479801,0.031532,1.544840,0.059605,1.537148,0.046058,0.064351
581,3,0.769004,0.056508,0.001319,0.004580,1.470107,0.005085,1.475191,0.080702,0.174295
43,1,0.379097,0.050734,0.439353,0.224464,1.542071,0.013402,1.528669,0.035616,0.000419
634,3,0.374998,0.078667,0.413002,0.047517,1.569427,0.001369,1.570796,0.132000,0.083816
571,3,0.374998,0.057352,0.352002,0.087334,1.569397,0.001369,1.570766,0.193000,0.083979
118,3,0.655991,0.647996,0.225526,0.033558,1.570598,0.002426,1.568568,0.005483,0.192449
445,3,0.374998,0.157342,0.446869,0.474261,1.568657,0.001369,1.570026,0.098133,0.083726
126,3,0.296010,0.647996,0.016728,0.138890,1.570471,0.002554,1.568568,0.005272,0.087116
435,3,0.655991,0.157342,0.132767,0.365910,1.569141,0.002426,1.570026,0.098241,0.192077
128,3,0.379999,0.647996,0.014800,0.162962,1.570286,0.002739,1.568568,0.005224,0.063044
125,3,0.045005,0.647996,0.249687,0.118890,1.570247,0.002777,1.568568,0.005312,0.107116
444,3,0.296010,0.157342,0.076137,0.471242,1.569013,0.002554,1.570026,0.098136,0.086744
114,1,0.043000,0.647996,0.050417,0.132001,1.568568,0.000000,1.568568,0.006583,0.158000
446,3,0.379999,0.157342,0.078104,0.495439,1.568828,0.002739,1.570026,0.098111,0.062548
562,3,0.655991,0.057352,0.038010,0.020384,1.568400,0.002426,1.570766,0.193000,0.191698
625,3,0.655991,0.078667,0.099009,0.060609,1.568370,0.002426,1.570796,0.132000,0.191942
633,3,0.296010,0.078667,0.110001,0.044725,1.568243,0.002554,1.570796,0.132000,0.086609
573,3,0.379999,0.057352,0.172992,0.109272,1.568088,0.002739,1.570766,0.193000,0.062041
636,3,0.379999,0.078667,0.111992,0.068966,1.568058,0.002739,1.570796,0.132000,0.062367
575,3,0.375031,0.057352,0.199995,0.143939,1.567866,0.002961,1.570766,0.193000,0.027375
638,3,0.375031,0.078667,0.138995,0.103633,1.567835,0.002961,1.570796,0.132000,0.027700
120,3,0.099995,0.647996,0.229608,0.076369,1.569087,0.003937,1.568568,0.005397,0.149637
119,3,0.769004,0.647996,0.076560,0.051109,1.567940,0.005085,1.568568,0.005448,0.174897
370,3,0.655991,0.080000,0.079491,0.471467,1.565959,0.002426,1.568385,0.151518,0.191864
279,3,0.655991,0.053330,0.107490,0.494028,1.565928,0.002426,1.568355,0.123518,0.191976
436,3,0.769004,0.157342,0.016218,0.383832,1.566482,0.005085,1.570026,0.098223,0.174154
563,3,0.769004,0.057352,0.110996,0.002083,1.565742,0.005085,1.570766,0.193000,0.173395
626,3,0.769004,0.078667,0.049995,0.042551,1.565711,0.005085,1.570796,0.132000,0.173884
298,1,0.148004,0.157342,0.069812,0.046724,1.563637,0.006388,1.570026,0.098812,0.137952
371,3,0.769004,0.080000,0.069550,0.489604,1.563301,0.005085,1.568385,0.151555,0.173727
487,3,0.769004,0.100127,0.030219,0.324757,1.566224,0.005085,1.561140,0.051788,0.174526
499,3,0.375031,0.100127,0.057611,0.471156,1.564100,0.002961,1.561140,0.050615,0.028135
110,1,0.148004,0.647996,0.022384,0.112815,1.562180,0.006388,1.568568,0.006622,0.138814
302,1,0.148004,0.238452,0.045696,0.066633,1.566421,0.006388,1.560033,0.074696,0.138178
498,3,0.379999,0.100127,0.030888,0.436489,1.563878,0.002739,1.561140,0.050893,0.062800
495,3,0.296010,0.100127,0.029087,0.412355,1.563693,0.002554,1.561140,0.051086,0.086933
486,3,0.655991,0.100127,0.179078,0.307019,1.563566,0.002426,1.561140,0.051930,0.192263
181,1,0.221034,0.238452,0.045051,0.138284,1.569597,0.011963,1.560033,0.074050,0.066532
471,3,0.374998,0.238452,0.464195,0.373108,1.561402,0.001369,1.560033,0.080807,0.083680
42,1,0.379097,0.238452,0.401517,0.205108,1.568158,0.013402,1.560033,0.073448,0.000288
460,3,0.472961,0.238452,0.386641,0.449514,1.567902,0.013658,1.560033,0.081496,0.007279
603,3,0.472961,0.083964,0.292648,0.098219,1.568430,0.013658,1.559505,0.175479,0.009161
686,3,0.374998,0.083964,0.370197,0.023445,1.560874,0.001369,1.559505,0.174805,0.083931
496,3,0.374998,0.100127,0.493942,0.415688,1.559771,0.001369,1.561140,0.051060,0.083600
57,1,0.256200,0.238452,0.058683,0.193273,1.567422,0.014138,1.560033,0.073555,0.011546
290,1,0.127047,0.238452,0.425202,0.051956,1.567384,0.014176,1.560033,0.074828,0.152854
31,1,0.379097,0.053330,0.352863,0.161867,1.559836,0.013402,1.568355,0.122098,0.001197
35,1,0.379097,0.080000,0.324861,0.158394,1.559805,0.013402,1.568385,0.150097,0.001720
177,1,0.221034,0.157342,0.069886,0.118573,1.558062,0.011963,1.570026,0.098884,0.066101
461,3,0.655991,0.238452,0.151179,0.264629,1.557606,0.002426,1.560033,0.079830,0.192151
470,3,0.296010,0.238452,0.058780,0.369973,1.557479,0.002554,1.560033,0.080779,0.086814
51,1,0.256200,0.080000,0.135255,0.146660,1.559069,0.014138,1.568385,0.150120,0.010014
473,3,0.379999,0.238452,0.060990,0.394150,1.557294,0.002739,1.560033,0.080997,0.062639
475,3,0.375031,0.238452,0.088304,0.428820,1.557072,0.002961,1.560033,0.081309,0.027971
685,3,0.296010,0.083964,0.152784,0.020938,1.556951,0.002554,1.559505,0.174782,0.086437
688,3,0.379999,0.083964,0.154993,0.045239,1.556766,0.002739,1.559505,0.175001,0.062137
690,3,0.375031,0.083964,0.182309,0.079909,1.556544,0.002961,1.559505,0.175314,0.027469
103,1,0.221034,0.647996,0.022246,0.041702,1.556605,0.011963,1.568568,0.006764,0.067699
24,2,0.159113,0.886978,0.383848,0.047664,1.569322,0.032175,1.537148,0.045638,0.080475
600,3,0.472961,0.078667,0.336132,0.123043,1.557138,0.013658,1.570796,0.132000,0.008290
561,3,0.472961,0.057352,0.275125,0.161802,1.557108,0.013658,1.570766,0.193000,0.009511
463,3,0.099995,0.238452,0.154787,0.307645,1.556096,0.003937,1.560033,0.080217,0.149138
570,3,0.296010,0.057352,0.171001,0.084949,1.568273,0.002554,1.570766,0.193000,0.086364
38,1,0.379097,0.157342,0.376012,0.185438,1.556624,0.013402,1.570026,0.098951,0.000765
462,3,0.769004,0.238452,0.002025,0.282480,1.554948,0.005085,1.560033,0.079991,0.174300
53,1,0.256200,0.157342,0.084069,0.173635,1.555888,0.014138,1.570026,0.098939,0.011038
97,1,0.444157,0.238452,0.392052,0.144930,1.561838,0.019722,1.560033,0.073990,0.059886
678,3,0.769004,0.083964,0.091993,0.066181,1.554420,0.005085,1.559505,0.173997,0.173548
109,1,0.127047,0.647996,0.493447,0.128221,1.554392,0.014176,1.568568,0.006591,0.154220
684,3,0.279999,0.083964,0.465040,0.042135,1.553705,0.005799,1.559505,0.174974,0.065241
123,3,0.039995,0.647996,0.097671,0.100106,1.552332,0.016237,1.568568,0.005350,0.125900
122,3,0.050974,0.647996,0.233702,0.090791,1.553614,0.019410,1.568568,0.005368,0.135215
86,1,0.444157,0.053330,0.343814,0.102136,1.553516,0.019722,1.568355,0.122217,0.058534
90,1,0.444157,0.080000,0.315810,0.098925,1.553485,0.019722,1.568385,0.150216,0.057750
183,1,0.221034,0.100127,0.028065,0.233801,1.549176,0.011963,1.561140,0.057064,0.066826
93,1,0.444157,0.157342,0.367146,0.125486,1.550304,0.019722,1.570026,0.098891,0.059188
223,1,0.313186,0.238452,0.045477,0.087263,1.555351,0.026209,1.560033,0.074510,0.117549
543,3,0.472961,0.082614,0.277347,0.142050,1.557199,0.013658,1.543541,0.190778,0.009467
44,1,0.379097,0.100127,0.417367,0.300623,1.547738,0.013402,1.561140,0.057599,0.000008
406,1,0.513158,0.082614,0.017765,0.468991,1.567524,0.023984,1.543541,0.176197,0.197153
85,1,0.444157,0.647996,0.459281,0.035773,1.548847,0.019722,1.568568,0.006776,0.061770
485,3,0.472961,0.100127,0.417698,0.492635,1.547481,0.013658,1.561140,0.050443,0.006658
237,1,0.180017,0.238452,0.433497,0.064768,1.554408,0.027152,1.560033,0.074713,0.140043
59,1,0.256200,0.100127,0.042632,0.288763,1.547002,0.014138,1.561140,0.057504,0.011868
276,1,0.513158,0.053330,0.071480,0.038280,1.549254,0.023984,1.568355,0.122499,0.198944
367,1,0.513158,0.080000,0.043473,0.041343,1.549224,0.023984,1.568385,0.150497,0.198010
94,1,0.444157,0.076136,0.332537,0.143864,1.560362,0.019722,1.540640,0.133492,0.058218
195,1,0.262146,0.238452,0.385601,0.086260,1.553217,0.028343,1.560033,0.074519,0.118552
402,1,0.513158,0.076136,0.057251,0.003739,1.564623,0.023984,1.540640,0.136722,0.198470
54,1,0.256200,0.076136,0.117524,0.191736,1.554778,0.014138,1.540640,0.132390,0.010369
220,1,0.313186,0.076136,0.105797,0.086683,1.566849,0.026209,1.540640,0.134809,0.115376
39,1,0.379097,0.076136,0.342840,0.203494,1.554042,0.013402,1.540640,0.132120,0.001384
192,1,0.262146,0.076136,0.325266,0.085841,1.568983,0.028343,1.540640,0.134828,0.116218
408,1,0.513158,0.078667,0.061975,0.491373,1.546813,0.023984,1.570796,0.132000,0.198627
407,1,0.513158,0.057352,0.000964,0.474743,1.546782,0.023984,1.570766,0.193000,0.196592
401,1,0.513158,0.157342,0.095236,0.015078,1.546042,0.023984,1.570026,0.098750,0.199737
216,1,0.313186,0.080000,0.121324,0.041860,1.546998,0.026209,1.568385,0.150330,0.114817
212,1,0.313186,0.053330,0.093316,0.044847,1.547029,0.026209,1.568355,0.122332,0.115826
12,0,0.513158,0.886978,0.221898,0.191441,1.561131,0.023984,1.537148,0.028781,0.172041
6,0,0.180017,0.886978,0.239227,0.127550,1.564300,0.027152,1.537148,0.027118,0.108188
4,0,0.262146,0.886978,0.204623,0.104924,1.565490,0.028343,1.537148,0.026530,0.085575
364,1,0.242110,0.082614,0.284209,0.486653,1.564022,0.034030,1.543541,0.175826,0.179498
472,3,0.159113,0.238452,0.321969,0.414390,1.549385,0.032175,1.560033,0.081179,0.042400
553,3,0.374998,0.082614,0.355791,0.067521,1.544909,0.001369,1.543541,0.189211,0.083969
8,0,0.127047,0.886978,0.300856,0.155155,1.551324,0.014176,1.537148,0.027837,0.135777
121,3,0.055948,0.647996,0.464786,0.056780,1.545158,0.027867,1.568568,0.005436,0.169226
219,1,0.313186,0.157342,0.069808,0.068003,1.543816,0.026209,1.570026,0.098833,0.116673
188,1,0.262146,0.080000,0.309756,0.041059,1.544864,0.028343,1.568385,0.150332,0.115618
99,1,0.444157,0.100127,0.408930,0.240269,1.541418,0.019722,1.561140,0.057116,0.060359
10,0,0.242110,0.886978,0.226377,0.163742,1.570415,0.034030,1.537148,0.028060,0.144358
233,1,0.180017,0.157342,0.409389,0.045534,1.542873,0.027152,1.570026,0.098811,0.139143
106,1,0.313186,0.647996,0.022401,0.093995,1.542359,0.026209,1.568568,0.006660,0.119994
18,2,0.209968,0.886978,0.025403,0.097136,1.547625,0.010477,1.537148,0.044351,0.129917
133,3,0.240127,0.647996,0.164379,0.186040,1.508460,0.064564,1.568568,0.005178,0.039967
607,3,0.769004,0.077296,0.016646,0.040372,1.544809,0.005085,1.539724,0.065361,0.174418
359,1,0.242110,0.238452,0.384986,0.020609,1.547530,0.034030,1.560033,0.075111,0.184202
191,1,0.262146,0.157342,0.361277,0.067064,1.541683,0.028343,1.570026,0.098832,0.117611
5,0,0.042982,0.886978,0.063663,0.109601,1.545162,0.008015,1.537148,0.026651,0.090249
544,3,0.655991,0.082614,0.044065,0.040285,1.541114,0.002426,1.543541,0.186945,0.191722
89,1,0.444157,0.048016,0.311791,0.084443,1.552361,0.019722,1.532639,0.154233,0.057637
552,3,0.296010,0.082614,0.167162,0.065109,1.540987,0.002554,1.543541,0.189160,0.086380
555,3,0.379999,0.082614,0.169663,0.089438,1.540802,0.002739,1.543541,0.189672,0.062059
620,3,0.375031,0.077296,0.068840,0.106046,1.542685,0.002961,1.539724,0.061844,0.028075
557,3,0.375031,0.082614,0.197396,0.124122,1.540580,0.002961,1.543541,0.190401,0.027389
618,3,0.379999,0.077296,0.042671,0.071366,1.542463,0.002739,1.539724,0.062677,0.062737
615,3,0.296010,0.077296,0.041259,0.047207,1.542278,0.002554,1.539724,0.063258,0.086884
606,3,0.655991,0.077296,0.165220,0.058170,1.542150,0.002426,1.539724,0.065789,0.192207
569,3,0.279999,0.057352,0.447013,0.106241,1.565027,0.005799,1.570766,0.193000,0.065072
104,1,0.262146,0.647996,0.453491,0.095180,1.540225,0.028343,1.568568,0.006657,0.121179
154,1,0.082988,0.238452,0.044824,0.163003,1.554166,0.005867,1.560033,0.073827,0.041814
124,3,0.054006,0.647996,0.053774,0.123165,1.539328,0.029240,1.568568,0.005303,0.102841
545,3,0.769004,0.082614,0.105325,0.022002,1.538456,0.005085,1.543541,0.187330,0.173441
34,1,0.379097,0.048016,0.322509,0.143892,1.546041,0.013402,1.532639,0.152449,0.001764
16,2,0.187995,0.886978,0.024823,0.118524,1.540840,0.003692,1.537148,0.043794,0.151292
551,3,0.279999,0.082614,0.450406,0.086392,1.537741,0.005799,1.543541,0.189608,0.065104
447,3,0.655991,0.076136,0.082549,0.430218,1.538213,0.002426,1.540640,0.148460,0.191876
616,3,0.374998,0.077296,0.481823,0.050460,1.538355,0.001369,1.539724,0.063179,0.083633
98,1,0.444157,0.050734,0.428497,0.163920,1.548391,0.019722,1.528669,0.037554,0.060907
23,2,0.374998,0.886978,0.025502,0.053181,1.538516,0.001369,1.537148,0.045494,0.085988
351,1,0.242110,0.080000,0.309588,0.024019,1.539177,0.034030,1.568385,0.150462,0.180682
225,1,0.313186,0.100127,0.027613,0.182432,1.534930,0.026209,1.561140,0.056653,0.118193
356,1,0.242110,0.076136,0.323731,0.020712,1.566923,0.034030,1.540640,0.136328,0.181343
448,3,0.769004,0.076136,0.066873,0.448354,1.535555,0.005085,1.540640,0.148878,0.173749
286,1,0.127047,0.157342,0.401230,0.032304,1.555849,0.014176,1.570026,0.098797,0.152374
20,2,0.084001,0.886978,0.118011,0.071884,1.536629,0.000518,1.537148,0.045008,0.104680
699,3,0.054006,0.081481,0.001502,0.000992,1.501629,0.029240,1.530869,0.057614,0.104935
175,1,0.221034,0.080000,0.121237,0.091465,1.561244,0.011963,1.568385,0.150231,0.065210
19,2,0.042151,0.886978,0.373707,0.022767,1.485306,0.051842,1.537148,0.046286,0.055591
355,1,0.242110,0.157342,0.361315,0.001697,1.535995,0.034030,1.570026,0.098767,0.183097
14,2,0.655991,0.886978,0.055832,0.155950,1.534721,0.002426,1.537148,0.042820,0.188695
197,1,0.262146,0.100127,0.403483,0.181380,1.532797,0.028343,1.561140,0.056644,0.119244
113,1,0.242110,0.647996,0.453614,0.161407,1.534538,0.034030,1.568568,0.006525,0.187406
224,1,0.313186,0.050734,0.010365,0.105961,1.554879,0.026209,1.528669,0.039409,0.118814
694,3,0.769004,0.081481,0.022305,0.068605,1.535954,0.005085,1.530869,0.059703,0.174463
15,2,0.769004,0.886978,0.092383,0.134628,1.532063,0.005085,1.537148,0.043375,0.167386
476,3,0.167133,0.238452,0.380779,0.424007,1.530793,0.029240,1.560033,0.081266,0.032784
707,3,0.375031,0.081481,0.062302,0.077865,1.533830,0.002961,1.530869,0.055306,0.028110
705,3,0.379999,0.081481,0.036342,0.043177,1.533608,0.002739,1.530869,0.056348,0.062771
702,3,0.296010,0.081481,0.035074,0.019020,1.533423,0.002554,1.530869,0.057073,0.086909
313,1,0.242110,0.090821,0.357750,0.042299,1.552740,0.034030,1.518710,0.102330,0.182931
215,1,0.313186,0.048016,0.126941,0.027421,1.558848,0.026209,1.532639,0.155945,0.114615
186,1,0.262146,0.090821,0.360397,0.023147,1.547053,0.028343,1.518710,0.099712,0.117577
214,1,0.313186,0.090821,0.070650,0.024084,1.544919,0.026209,1.518710,0.099675,0.116642
314,1,0.513158,0.090821,0.090987,0.058987,1.542693,0.023984,1.518710,0.102997,0.199595
409,1,0.513158,0.078698,0.034046,0.494363,1.542142,0.023984,1.518158,0.159921,0.197696
703,3,0.374998,0.081481,0.488028,0.022315,1.529500,0.001369,1.530869,0.056974,0.083616
361,1,0.242110,0.100127,0.403991,0.115531,1.527110,0.034030,1.561140,0.056117,0.185090
599,3,0.472961,0.077296,0.406805,0.127257,1.526066,0.013658,1.539724,0.061335,0.006876
88,1,0.444157,0.090821,0.368662,0.081577,1.538432,0.019722,1.518710,0.097375,0.059231
479,3,0.655991,0.050734,0.172728,0.432792,1.526243,0.002426,1.528669,0.058281,0.192237
49,1,0.256200,0.090821,0.080577,0.129768,1.532848,0.014138,1.518710,0.095448,0.011108
33,1,0.379097,0.090821,0.379988,0.141584,1.532112,0.013402,1.518710,0.094975,0.000690
602,3,0.472961,0.078698,0.280451,0.120826,1.531816,0.013658,1.518158,0.187674,0.009405
178,1,0.221034,0.076136,0.104665,0.136582,1.552603,0.011963,1.540640,0.133660,0.065497
173,1,0.221034,0.090821,0.068653,0.074676,1.530673,0.011963,1.518710,0.097651,0.066122
480,3,0.769004,0.050734,0.023157,0.450575,1.523585,0.005085,1.528669,0.058850,0.174470
65,1,0.221034,0.106791,0.025311,0.045885,1.521655,0.011963,1.533618,0.003699,0.067752
710,3,0.240127,0.081481,0.113919,0.070371,1.546159,0.064564,1.530869,0.055531,0.035598
9,0,0.057204,0.886978,0.410001,0.126016,1.540084,0.064360,1.537148,0.027078,0.106655
251,1,0.182502,0.238452,0.126308,0.058893,1.525880,0.055680,1.560033,0.074766,0.145918
47,1,0.256200,0.053330,0.107254,0.150096,1.559100,0.014138,1.568355,0.122121,0.010574
604,3,0.472961,0.081481,0.413476,0.099250,1.517211,0.013658,1.530869,0.054665,0.006742
403,1,0.513158,0.052149,0.102972,0.002047,1.531506,0.023984,1.507523,0.091016,0.199995
221,1,0.313186,0.052149,0.058003,0.085068,1.533732,0.026209,1.507523,0.087031,0.117098
239,1,0.180017,0.100127,0.451744,0.159898,1.533987,0.027152,1.561140,0.056472,0.140725
61,1,0.444157,0.106791,0.462194,0.039980,1.513896,0.019722,1.533618,0.003864,0.061852
670,3,0.374998,0.078698,0.360314,0.046168,1.519527,0.001369,1.518158,0.184688,0.083957
95,1,0.444157,0.052149,0.381772,0.142686,1.527244,0.019722,1.507523,0.084268,0.059598
715,2,0.374998,0.081500,0.026261,0.060202,1.518021,0.001369,1.519390,0.046254,0.085990
184,1,0.262146,0.053330,0.337766,0.043971,1.544895,0.028343,1.568355,0.122334,0.116702
500,3,0.167133,0.100127,0.411396,0.465281,1.551213,0.029240,1.561140,0.050662,0.034010
474,3,0.098183,0.238452,0.288025,0.461668,1.521955,0.059605,1.560033,0.081605,0.004874
623,3,0.240127,0.077296,0.107425,0.099082,1.537304,0.064564,1.539724,0.062012,0.035036
317,3,0.655991,0.090821,0.107647,0.477319,1.516283,0.002426,1.518710,0.123361,0.191977
661,3,0.655991,0.078698,0.050639,0.061777,1.515732,0.002426,1.518158,0.180371,0.191748
669,3,0.296010,0.078698,0.162592,0.043724,1.515604,0.002554,1.518158,0.184590,0.086398
672,3,0.379999,0.078698,0.165556,0.068075,1.515419,0.002739,1.518158,0.185564,0.062081
674,3,0.375031,0.078698,0.193948,0.102799,1.515197,0.002961,1.518158,0.186953,0.027407
40,1,0.379097,0.052149,0.393582,0.202843,1.520925,0.013402,1.507523,0.081382,0.000436
437,3,0.099995,0.157342,0.136806,0.408969,1.567630,0.003937,1.570026,0.098198,0.149018
318,3,0.769004,0.090821,0.042079,0.495374,1.513625,0.005085,1.518710,0.124084,0.173947
662,3,0.769004,0.078698,0.099098,0.043494,1.513073,0.005085,1.518158,0.181102,0.173491
247,1,0.182502,0.157342,0.102229,0.040588,1.514346,0.055680,1.570026,0.098806,0.144089
17,2,0.055948,0.886978,0.418499,0.100109,1.509281,0.027867,1.537148,0.044273,0.132888
58,1,0.256200,0.050734,0.021126,0.212574,1.542807,0.014138,1.528669,0.035996,0.012298
668,3,0.279999,0.078698,0.454572,0.065009,1.512359,0.005799,1.518158,0.185442,0.065143
346,1,0.102304,0.238452,0.150299,0.036066,1.518016,0.063544,1.560033,0.074971,0.168744
107,1,0.182502,0.647996,0.194587,0.125105,1.512889,0.055680,1.568568,0.006597,0.151104
7,0,0.043272,0.886978,0.427932,0.090807,1.517558,0.086887,1.537148,0.026162,0.071466
196,1,0.262146,0.050734,0.420690,0.104864,1.557012,0.028343,1.528669,0.039444,0.119910
67,1,0.313186,0.106791,0.026832,0.098323,1.507409,0.026209,1.533618,0.002229,0.120154
501,3,0.240127,0.100127,0.118782,0.463272,1.515889,0.064564,1.561140,0.050678,0.036019
187,1,0.262146,0.048016,0.304117,0.026635,1.560982,0.028343,1.532639,0.155969,0.115400
115,1,0.067233,0.647996,0.231841,0.167704,1.511111,0.057458,1.568568,0.006512,0.193703
146,1,0.171290,0.238452,0.127183,0.131158,1.515766,0.065793,1.560033,0.074114,0.073657
392,3,0.379999,0.203009,0.026086,0.038430,1.503349,0.002739,1.500611,0.006068,0.063104
304,1,0.148004,0.100127,0.027491,0.162276,1.554751,0.006388,1.561140,0.056491,0.138348
365,1,0.242110,0.057352,0.267024,0.492639,1.536736,0.034030,1.570766,0.193000,0.178695
66,1,0.262146,0.106791,0.457954,0.099521,1.505275,0.028343,1.533618,0.002196,0.121352
134,3,0.178907,0.647996,0.015324,0.225686,1.464557,0.104011,1.568568,0.005098,0.000320
230,1,0.180017,0.080000,0.357805,0.019467,1.546055,0.027152,1.568385,0.150375,0.137216
171,1,0.221034,0.053330,0.093236,0.094975,1.561275,0.011963,1.568355,0.122232,0.065696
228,1,0.180017,0.090821,0.407626,0.001617,1.545862,0.027152,1.518710,0.100573,0.139077
50,1,0.256200,0.048016,0.137937,0.132158,1.546777,0.014138,1.532639,0.152801,0.009960
275,1,0.242110,0.053330,0.337603,0.021330,1.539208,0.034030,1.568355,0.122465,0.181990
398,3,0.178907,0.203009,0.001052,0.026583,1.396600,0.104011,1.500611,0.009510,0.001747
391,3,0.159113,0.203009,0.410570,0.013764,1.468436,0.032175,1.500611,0.007374,0.038500
234,1,0.180017,0.076136,0.372861,0.064273,1.567792,0.027152,1.540640,0.135325,0.137778
393,3,0.098183,0.203009,0.379861,0.037078,1.441006,0.059605,1.500611,0.010066,0.012215
242,1,0.182502,0.090821,0.100263,0.003252,1.567203,0.055680,1.518710,0.100768,0.143940
360,1,0.242110,0.050734,0.418562,0.038945,1.562699,0.034030,1.528669,0.041555,0.185770
452,3,0.655991,0.052149,0.115576,0.454890,1.505096,0.002426,1.507523,0.115432,0.192008
497,3,0.159113,0.100127,0.352446,0.458232,1.528965,0.032175,1.561140,0.050719,0.041059
112,1,0.102304,0.647996,0.218860,0.148589,1.505024,0.063544,1.568568,0.006550,0.174588
11,0,0.061032,0.886978,0.024486,0.177602,1.499358,0.037790,1.537148,0.028421,0.158210
321,1,0.242110,0.048016,0.302126,0.038353,1.566669,0.034030,1.532639,0.157919,0.180334
111,1,0.057204,0.647996,0.455294,0.160517,1.504208,0.064360,1.568568,0.006526,0.186516
41,1,0.379097,0.053480,0.438738,0.203639,1.499258,0.013402,1.485856,0.036230,0.000407
142,1,0.171290,0.157342,0.102363,0.113231,1.504232,0.065793,1.570026,0.098878,0.071443
467,3,0.054006,0.238452,0.021570,0.350930,1.552320,0.029240,1.560033,0.080607,0.105856
641,3,0.240127,0.078667,0.037289,0.102369,1.506232,0.064564,1.570796,0.132000,0.028964
151,1,0.082988,0.157342,0.069904,0.142625,1.565700,0.005867,1.570026,0.098908,0.042049
453,3,0.769004,0.052149,0.034292,0.472926,1.502438,0.005085,1.507523,0.116297,0.174010
383,3,0.769004,0.203009,0.082141,0.150547,1.505695,0.005085,1.500611,0.000133,0.174942
100,1,0.171290,0.647996,0.194708,0.053684,1.502775,0.065793,1.568568,0.006740,0.079682
708,3,0.167133,0.081481,0.406578,0.072154,1.560109,0.029240,1.530869,0.055478,0.033817
687,3,0.159113,0.083964,0.227955,0.060838,1.549913,0.032175,1.559505,0.175142,0.046539
554,3,0.159113,0.082614,0.213104,0.104310,1.565877,0.032175,1.543541,0.189984,0.047192
621,3,0.167133,0.077296,0.400077,0.100562,1.568964,0.029240,1.539724,0.061976,0.033556
193,1,0.262146,0.052149,0.373036,0.084098,1.535866,0.028343,1.507523,0.087078,0.118066
390,3,0.296010,0.203009,0.026792,0.062542,1.503164,0.002554,1.500611,0.004792,0.087156
382,3,0.655991,0.203009,0.230211,0.168117,1.503037,0.002426,1.500611,0.000797,0.192467
63,1,0.082988,0.106791,0.024572,0.019280,1.539485,0.005867,1.533618,0.004444,0.041166
639,3,0.167133,0.078667,0.330022,0.100581,1.541556,0.029240,1.570796,0.132000,0.030753
296,1,0.148004,0.080000,0.121376,0.019212,1.566819,0.006388,1.568385,0.150375,0.137471
691,3,0.167133,0.083964,0.286702,0.078359,1.530265,0.029240,1.559505,0.175300,0.029019
464,3,0.055948,0.238452,0.390128,0.290444,1.532166,0.027867,1.560033,0.080062,0.166338
222,1,0.313186,0.053480,0.014765,0.084960,1.512065,0.026209,1.485856,0.043808,0.118656
465,3,0.050974,0.238452,0.158694,0.323570,1.540622,0.019410,1.560033,0.080361,0.133214
415,1,0.067233,0.238452,0.163089,0.016422,1.524102,0.057458,1.560033,0.075148,0.188390
469,3,0.045005,0.238452,0.174400,0.349971,1.557256,0.002777,1.560033,0.080599,0.106814
292,1,0.127047,0.100127,0.443660,0.147399,1.546963,0.014176,1.561140,0.056372,0.153224
248,1,0.182502,0.076136,0.065570,0.060746,1.545273,0.055680,1.540640,0.135406,0.141304
377,1,0.043000,0.238452,0.017875,0.046810,1.560033,0.000000,1.560033,0.074875,0.158000
137,1,0.171290,0.090821,0.103376,0.069257,1.557089,0.065793,1.518710,0.097868,0.071533
182,1,0.221034,0.050734,0.008759,0.157661,1.540632,0.011963,1.528669,0.037754,0.067161
174,1,0.221034,0.048016,0.125465,0.076938,1.544602,0.011963,1.532639,0.154459,0.065137
477,3,0.240127,0.238452,0.088135,0.423425,1.495469,0.064564,1.560033,0.081261,0.033366
60,1,0.039010,0.106791,0.379351,0.002911,1.569574,0.038400,1.533618,0.004903,0.024806
253,1,0.182502,0.100127,0.144684,0.153310,1.505460,0.055680,1.561140,0.056419,0.147313
384,3,0.099995,0.203009,0.236479,0.125225,1.504547,0.003937,1.500611,0.001473,0.149683
357,1,0.242110,0.052149,0.369864,0.018537,1.541553,0.034030,1.507523,0.090223,0.183496
693,3,0.240127,0.083964,0.006144,0.082174,1.494941,0.064564,1.559505,0.175334,0.025205
635,3,0.159113,0.078667,0.271120,0.086695,1.538621,0.032175,1.570796,0.132000,0.044639
96,1,0.444157,0.053480,0.425947,0.142990,1.505578,0.019722,1.485856,0.040103,0.060836
55,1,0.256200,0.052149,0.067079,0.191004,1.521661,0.014138,1.507523,0.081950,0.011378
466,3,0.039995,0.238452,0.022599,0.329181,1.565323,0.016237,1.560033,0.080411,0.127603
299,1,0.148004,0.076136,0.106321,0.064440,1.547028,0.006388,1.540640,0.135321,0.137611
671,3,0.159113,0.078698,0.216924,0.083153,1.550333,0.032175,1.518158,0.186167,0.047024
244,1,0.182502,0.080000,0.050571,0.016520,1.517528,0.055680,1.568385,0.150381,0.140165
283,1,0.127047,0.080000,0.349618,0.005370,1.559031,0.014176,1.568385,0.150403,0.151341
226,1,0.180017,0.053330,0.385814,0.022414,1.546086,0.027152,1.568355,0.122377,0.138262
488,3,0.099995,0.100127,0.183418,0.349956,1.565076,0.003937,1.561140,0.051586,0.149329
558,3,0.167133,0.082614,0.271616,0.123095,1.514301,0.029240,1.543541,0.190379,0.028415
294,1,0.148004,0.090821,0.071528,0.002759,1.525098,0.006388,1.518710,0.100527,0.137936
105,1,0.068183,0.647996,0.268243,0.110136,1.490509,0.078060,1.568568,0.006627,0.136135
576,3,0.167133,0.057352,0.268994,0.143003,1.541587,0.029240,1.570766,0.193000,0.028310
102,1,0.054147,0.647996,0.455698,0.076796,1.490111,0.078458,1.568568,0.006694,0.102794
143,1,0.171290,0.076136,0.067438,0.133752,1.535159,0.065793,1.540640,0.133725,0.068327
238,1,0.180017,0.050734,0.468092,0.083419,1.555822,0.027152,1.528669,0.040131,0.141336
287,1,0.127047,0.076136,0.364380,0.050411,1.554816,0.014176,1.540640,0.135644,0.151637
229,1,0.180017,0.048016,0.351560,0.005039,1.559791,0.027152,1.532639,0.156617,0.136983
272,1,0.148004,0.053330,0.093376,0.022944,1.566849,0.006388,1.568355,0.122376,0.137732
578,3,0.240127,0.057352,0.023843,0.147641,1.506262,0.064564,1.570766,0.193000,0.023672
712,2,0.042151,0.081500,0.372491,0.029847,1.570361,0.051842,1.519390,0.045071,0.055675
332,1,0.057204,0.238452,0.386598,0.024241,1.517199,0.064360,1.560033,0.075078,0.180569
194,1,0.262146,0.053480,0.416255,0.083873,1.514199,0.028343,1.485856,0.043878,0.119738
572,3,0.159113,0.057352,0.210087,0.123988,1.538591,0.032175,1.570766,0.193000,0.047325
179,1,0.221034,0.052149,0.055594,0.135921,1.519486,0.011963,1.507523,0.084592,0.066349
342,1,0.102304,0.157342,0.126439,0.017974,1.506482,0.063544,1.570026,0.098783,0.166710
281,1,0.127047,0.090821,0.398923,0.011653,1.532886,0.014176,1.518710,0.101104,0.152328
156,1,0.082988,0.100127,0.028264,0.258970,1.567007,0.005867,1.561140,0.057266,0.041659
679,3,0.099995,0.083964,0.060780,0.041142,1.555568,0.003937,1.559505,0.174223,0.148510
252,1,0.182502,0.050734,0.160768,0.076213,1.557244,0.055680,1.528669,0.040362,0.148535
627,3,0.099995,0.078667,0.103004,0.017459,1.566859,0.003937,1.570796,0.132000,0.148792
148,1,0.171290,0.100127,0.144339,0.225439,1.495346,0.065793,1.561140,0.056997,0.075188
560,3,0.240127,0.082614,0.021312,0.127620,1.478976,0.064564,1.543541,0.190474,0.023891
438,3,0.055948,0.157342,0.371969,0.392351,1.543700,0.027867,1.570026,0.098215,0.165635
439,3,0.050974,0.157342,0.140870,0.425249,1.552157,0.019410,1.570026,0.098182,0.132738
358,1,0.242110,0.053480,0.412023,0.017908,1.519886,0.034030,1.485856,0.048090,0.185465
209,1,0.068183,0.238452,0.200046,0.075845,1.503500,0.078060,1.560033,0.074613,0.128966
243,1,0.182502,0.048016,0.044243,0.002340,1.553274,0.055680,1.532639,0.156698,0.139685
443,3,0.045005,0.157342,0.156843,0.451243,1.568790,0.002777,1.570026,0.098156,0.106744
456,3,0.655991,0.053480,0.149441,0.452908,1.483429,0.002426,1.485856,0.081568,0.192144
431,3,0.655991,0.046720,0.173846,0.482415,1.484791,0.002426,1.482364,0.057162,0.192242
374,1,0.043000,0.157342,0.041792,0.026680,1.570026,0.000000,1.570026,0.098792,0.158000
579,3,0.472961,0.056508,0.375242,0.163010,1.488850,0.013658,1.475191,0.092894,0.007507
441,3,0.054006,0.157342,0.039124,0.451428,1.540785,0.029240,1.570026,0.098155,0.106559
271,1,0.127047,0.053330,0.377621,0.008786,1.559062,0.014176,1.568355,0.122404,0.151902
82,1,0.039010,0.238452,0.310495,0.176431,1.521632,0.038400,1.560033,0.073706,0.028387
139,1,0.171290,0.080000,0.050892,0.089824,1.507414,0.065793,1.568385,0.150234,0.066851
617,3,0.159113,0.077296,0.340990,0.092551,1.507549,0.032175,1.539724,0.062168,0.041563
249,1,0.182502,0.052149,0.112685,0.057227,1.563202,0.055680,1.507523,0.088367,0.144883
56,1,0.256200,0.053480,0.022121,0.191725,1.499994,0.014138,1.485856,0.036991,0.012278
108,1,0.043272,0.647996,0.451980,0.153478,1.481681,0.086887,1.568568,0.006540,0.179477
457,3,0.769004,0.053480,0.000733,0.470838,1.480771,0.005085,1.485856,0.082712,0.174279
235,1,0.180017,0.052149,0.420094,0.062578,1.534675,0.027152,1.507523,0.088110,0.139543
546,3,0.099995,0.082614,0.047147,0.003127,1.539604,0.003937,1.543541,0.187856,0.148419
385,3,0.055948,0.203009,0.470649,0.145045,1.528477,0.027867,1.500611,0.000424,0.169453
608,3,0.099995,0.077296,0.170248,0.015182,1.543661,0.003937,1.539724,0.064756,0.149241
440,3,0.039995,0.157342,0.004831,0.429981,1.553789,0.016237,1.570026,0.098177,0.128006
240,1,0.182502,0.053330,0.078611,0.018383,1.517558,0.055680,1.568355,0.122385,0.142295
295,1,0.148004,0.048016,0.127631,0.004609,1.539028,0.006388,1.532639,0.156630,0.137412
303,1,0.148004,0.050734,0.011043,0.086256,1.535058,0.006388,1.528669,0.040040,0.138501
525,3,0.769004,0.081754,0.012313,0.002063,1.412558,0.005085,1.407474,0.069695,0.174383
147,1,0.171290,0.050734,0.163313,0.147932,1.547130,0.065793,1.528669,0.038066,0.076881
564,3,0.099995,0.057352,0.042003,0.022929,1.566890,0.003937,1.570766,0.193000,0.148385
704,3,0.159113,0.081481,0.347460,0.064686,1.498694,0.032175,1.530869,0.055702,0.041278
449,3,0.099995,0.076136,0.085548,0.473439,1.536703,0.003937,1.540640,0.149455,0.148676
695,3,0.099995,0.081481,0.176058,0.043402,1.534806,0.003937,1.530869,0.058946,0.149280
366,1,0.242110,0.056508,0.418882,0.490539,1.509221,0.034030,1.475191,0.041235,0.185785
138,1,0.171290,0.048016,0.046618,0.075604,1.543160,0.065793,1.532639,0.154499,0.066469
144,1,0.171290,0.052149,0.116376,0.129564,1.568276,0.065793,1.507523,0.084897,0.072693
468,3,0.042151,0.238452,0.451081,0.341107,1.508191,0.051842,1.560033,0.080519,0.115678
282,1,0.127047,0.048016,0.342977,0.009206,1.546815,0.014176,1.532639,0.157044,0.151208
132,3,0.058462,0.647996,0.408732,0.355475,1.336765,0.231804,1.568568,0.004838,0.129469
312,1,0.102304,0.090821,0.123546,0.025808,1.559339,0.063544,1.518710,0.101670,0.166463
291,1,0.127047,0.050734,0.459512,0.071202,1.542845,0.014176,1.528669,0.040522,0.153541
386,3,0.050974,0.203009,0.241302,0.110925,1.520021,0.019410,1.500611,0.002230,0.135418
601,3,0.472961,0.056748,0.448035,0.151317,1.362556,0.013658,1.376214,0.020109,0.006050
590,3,0.374998,0.056508,0.457677,0.086459,1.476560,0.001369,1.475191,0.087325,0.083697
168,1,0.054147,0.238452,0.387869,0.109149,1.503102,0.078458,1.560033,0.074313,0.095665
411,1,0.067233,0.157342,0.139434,0.001992,1.512568,0.057458,1.570026,0.098763,0.186562
490,3,0.050974,0.100127,0.187598,0.365300,1.561043,0.019410,1.561140,0.051463,0.133985
489,3,0.055948,0.100127,0.418472,0.331849,1.552586,0.027867,1.561140,0.051731,0.167434
556,3,0.098183,0.082614,0.178539,0.147642,1.538447,0.059605,1.543541,0.190895,0.003878
250,1,0.182502,0.053480,0.155424,0.055379,1.541535,0.055680,1.485856,0.045697,0.148129
352,1,0.242110,0.203009,0.431670,0.487561,1.466581,0.034030,1.500611,0.028455,0.186382
494,3,0.045005,0.100127,0.203752,0.392355,1.563916,0.002777,1.561140,0.051246,0.106932
78,1,0.039010,0.157342,0.285262,0.154974,1.533167,0.038400,1.570026,0.098920,0.029700
716,2,0.159113,0.081500,0.384250,0.054697,1.487215,0.032175,1.519390,0.046039,0.080492
673,3,0.098183,0.078698,0.181534,0.126601,1.563830,0.059605,1.518158,0.187905,0.003638
478,3,0.178907,0.238452,0.092095,0.445669,1.477549,0.104011,1.560033,0.081461,0.011124
379,1,0.043000,0.100127,0.000666,0.142623,1.561140,0.000000,1.561140,0.056334,0.158000
580,3,0.655991,0.056508,0.151612,0.022513,1.472765,0.002426,1.475191,0.079397,0.192153
592,3,0.379999,0.056508,0.068859,0.107659,1.472453,0.002739,1.475191,0.088867,0.062597
594,3,0.375031,0.056508,0.098397,0.142504,1.472231,0.002961,1.475191,0.091402,0.027917
675,3,0.167133,0.078698,0.275090,0.101650,1.488918,0.029240,1.518158,0.186907,0.028554
36,1,0.379097,0.046720,0.370258,0.182326,1.468963,0.013402,1.482364,0.104704,0.000872
343,1,0.102304,0.076136,0.089228,0.038509,1.537409,0.063544,1.540640,0.135918,0.163538
180,1,0.221034,0.053480,0.011508,0.136690,1.497819,0.011963,1.485856,0.040505,0.067114
145,1,0.171290,0.053480,0.160258,0.127160,1.551649,0.065793,1.485856,0.041114,0.076608
589,3,0.296010,0.056508,0.065100,0.083354,1.472638,0.002554,1.475191,0.087099,0.086788
689,3,0.098183,0.083964,0.193924,0.104732,1.522483,0.059605,1.559505,0.175538,0.002648
135,1,0.171290,0.053330,0.078950,0.091317,1.507444,0.065793,1.568355,0.122239,0.069354
632,3,0.045005,0.078667,0.122998,0.024725,1.568019,0.002777,1.570796,0.132000,0.106609
683,3,0.045005,0.083964,0.080396,0.000968,1.556728,0.002777,1.559505,0.174602,0.106438
629,3,0.050974,0.078667,0.107045,0.000502,1.551386,0.019410,1.570796,0.132000,0.131835
609,3,0.055948,0.077296,0.405016,0.032864,1.567591,0.027867,1.539724,0.065181,0.166914
492,3,0.054006,0.100127,0.007839,0.394607,1.531899,0.029240,1.561140,0.051228,0.104680
491,3,0.039995,0.100127,0.051607,0.372341,1.544903,0.016237,1.561140,0.051407,0.126945
628,3,0.055948,0.078667,0.338169,0.032994,1.542930,0.027867,1.570796,0.132000,0.164328
696,3,0.055948,0.081481,0.410717,0.061271,1.558736,0.027867,1.530869,0.059483,0.167134
236,1,0.180017,0.053480,0.462971,0.062389,1.513008,0.027152,1.485856,0.045250,0.141144
300,1,0.148004,0.052149,0.059039,0.064070,1.513911,0.006388,1.507523,0.088039,0.138053
372,3,0.055948,0.080000,0.318586,0.499761,1.540519,0.027867,1.568385,0.151575,0.163570
610,3,0.050974,0.077296,0.174677,0.000449,1.559134,0.019410,1.539724,0.064381,0.133640
681,3,0.050974,0.083964,0.064654,0.023335,1.540094,0.019410,1.559505,0.174384,0.130704
663,3,0.099995,0.078698,0.052899,0.018425,1.514221,0.003937,1.518158,0.182104,0.148458
442,3,0.042151,0.157342,0.433413,0.443534,1.519725,0.051842,1.570026,0.098163,0.114453
315,1,0.067233,0.090821,0.135727,0.045648,1.565425,0.057458,1.518710,0.102464,0.186275
62,1,0.171290,0.106791,0.198101,0.058126,1.467825,0.065793,1.533618,0.003356,0.079985
630,3,0.039995,0.078667,0.028998,0.002560,1.554560,0.016237,1.570796,0.132000,0.128773
713,2,0.084001,0.081500,0.119986,0.078912,1.519908,0.000518,1.519390,0.046983,0.104675
697,3,0.050974,0.081481,0.180578,0.027908,1.550280,0.019410,1.530869,0.058481,0.133798
680,3,0.055948,0.083964,0.296056,0.055331,1.531638,0.027867,1.559505,0.174095,0.162698
288,1,0.127047,0.052149,0.411292,0.049518,1.521699,0.014176,1.507523,0.088737,0.152576
91,1,0.444157,0.046720,0.365358,0.122076,1.462643,0.019722,1.482364,0.100678,0.059138
568,3,0.045005,0.057352,0.061998,0.064949,1.568050,0.002777,1.570766,0.193000,0.106364
420,1,0.067233,0.082614,0.062219,0.485556,1.540594,0.057458,1.543541,0.175849,0.180594
389,3,0.045005,0.203009,0.258730,0.082588,1.503387,0.002777,1.500611,0.003731,0.107152
149,1,0.082988,0.090821,0.067682,0.098805,1.512843,0.005867,1.518710,0.096686,0.042028
550,3,0.045005,0.082614,0.066258,0.045102,1.540764,0.002777,1.543541,0.188740,0.106381
84,1,0.039010,0.100127,0.326835,0.273093,1.542053,0.038400,1.561140,0.057379,0.027537
328,1,0.057204,0.157342,0.362854,0.006191,1.505665,0.064360,1.570026,0.098771,0.178514
481,3,0.099995,0.050734,0.175347,0.475793,1.524732,0.003937,1.528669,0.059657,0.149275
566,3,0.050974,0.057352,0.046035,0.041107,1.551416,0.019410,1.570766,0.193000,0.130207
347,1,0.102304,0.050734,0.184238,0.053090,1.549379,0.063544,1.528669,0.041102,0.171637
614,3,0.045005,0.077296,0.191260,0.027199,1.542501,0.002777,1.539724,0.063738,0.106882
412,1,0.067233,0.076136,0.101753,0.018408,1.543495,0.057458,1.540640,0.136381,0.183650
637,3,0.098183,0.078667,0.237540,0.132172,1.511191,0.059605,1.570796,0.132000,0.000839
339,1,0.102304,0.080000,0.074691,0.005664,1.509663,0.063544,1.568385,0.150425,0.162299
348,1,0.102304,0.100127,0.169074,0.130278,1.497596,0.063544,1.561140,0.056235,0.170344
565,3,0.055948,0.057352,0.277143,0.009347,1.542960,0.027867,1.570766,0.193000,0.161967
320,1,0.102304,0.048016,0.067742,0.019711,1.545409,0.063544,1.532639,0.157360,0.161706
344,1,0.102304,0.052149,0.135787,0.034558,1.570526,0.063544,1.507523,0.089454,0.167507
399,1,0.513158,0.046720,0.102759,0.019337,1.458381,0.023984,1.482364,0.091228,0.199988
311,1,0.057204,0.090821,0.359477,0.037583,1.558522,0.064360,1.518710,0.102141,0.178221
701,3,0.045005,0.081481,0.197325,0.001009,1.533646,0.002777,1.530869,0.057673,0.106906
548,3,0.050974,0.082614,0.050800,0.021146,1.524130,0.019410,1.543541,0.188236,0.130334
266,1,0.043272,0.238452,0.383260,0.033373,1.494673,0.086887,1.560033,0.074996,0.171437
155,1,0.082988,0.050734,0.007944,0.183376,1.522802,0.005867,1.528669,0.036931,0.041469
700,3,0.042151,0.081481,0.473647,0.011340,1.558881,0.051842,1.530869,0.057984,0.117242
493,3,0.042151,0.100127,0.480307,0.381583,1.528611,0.051842,1.561140,0.051333,0.117703
613,3,0.042151,0.077296,0.467645,0.017250,1.550027,0.051842,1.539724,0.063977,0.116826
200,1,0.068183,0.090821,0.174518,0.014429,1.544823,0.078060,1.518710,0.100061,0.126283
337,1,0.057204,0.082614,0.285798,0.494311,1.533691,0.064360,1.543541,0.175665,0.171843
396,3,0.058462,0.203009,0.430811,0.161419,1.268807,0.231804,1.500611,0.016648,0.136246
677,3,0.240127,0.078698,0.017913,0.106024,1.453594,0.064564,1.518158,0.187082,0.024186
205,1,0.068183,0.157342,0.175760,0.058262,1.491966,0.078060,1.570026,0.098823,0.126414
547,3,0.055948,0.082614,0.282579,0.010746,1.515674,0.027867,1.543541,0.187566,0.162177
656,3,0.375031,0.056748,0.030401,0.128658,1.379175,0.002961,1.376214,0.023403,0.028280
451,3,0.050974,0.076136,0.089188,0.490764,1.521230,0.019410,1.540640,0.149854,0.131359
75,1,0.039010,0.080000,0.233979,0.124307,1.529985,0.038400,1.568385,0.150165,0.032367
416,1,0.067233,0.050734,0.196572,0.033733,1.555465,0.057458,1.528669,0.041722,0.190977
598,3,0.178907,0.056508,0.103211,0.157805,1.562390,0.104011,1.475191,0.092515,0.012688
329,1,0.057204,0.076136,0.325358,0.026782,1.536592,0.064360,1.540640,0.136188,0.175268
322,1,0.067233,0.048016,0.080129,0.039999,1.551496,0.057458,1.532639,0.157969,0.181978
368,1,0.067233,0.080000,0.087645,0.025895,1.515749,0.057458,1.568385,0.150466,0.182559
574,3,0.098183,0.057352,0.176430,0.167268,1.511161,0.059605,1.570766,0.193000,0.004046
591,3,0.159113,0.056508,0.312829,0.127548,1.507366,0.032175,1.475191,0.090314,0.042803
417,1,0.067233,0.100127,0.182191,0.110755,1.503682,0.057458,1.561140,0.056079,0.189866
611,3,0.039995,0.077296,0.038785,0.006836,1.523487,0.016237,1.539724,0.064227,0.127236
484,3,0.039995,0.050734,0.042646,0.497940,1.544906,0.016237,1.528669,0.060366,0.127148
274,1,0.102304,0.053330,0.102743,0.004063,1.509694,0.063544,1.568355,0.122430,0.164690
450,3,0.055948,0.076136,0.321052,0.458442,1.512773,0.027867,1.540640,0.149110,0.163665
413,1,0.067233,0.052149,0.147810,0.014819,1.564981,0.057458,1.507523,0.090401,0.187209
159,1,0.054147,0.090821,0.363374,0.047670,1.544425,0.078458,1.518710,0.098731,0.093090
217,1,0.313186,0.046720,0.067788,0.064239,1.456155,0.026209,1.482364,0.096813,0.116745
345,1,0.102304,0.053480,0.178157,0.032306,1.549400,0.063544,1.485856,0.047170,0.171119
612,3,0.054006,0.077296,0.004668,0.028903,1.510484,0.029240,1.539724,0.063697,0.105179
71,1,0.039010,0.053330,0.262003,0.129761,1.529954,0.038400,1.568355,0.122162,0.030909
333,1,0.057204,0.050734,0.420265,0.041233,1.548563,0.064360,1.528669,0.041481,0.183484
378,1,0.043000,0.050734,0.016335,0.066739,1.528669,0.000000,1.528669,0.040665,0.158000
52,1,0.256200,0.046720,0.089042,0.170468,1.468226,0.014138,1.482364,0.103912,0.010939
206,1,0.068183,0.076136,0.139495,0.079455,1.522893,0.078060,1.540640,0.134975,0.122602
631,3,0.042151,0.078667,0.399531,0.019229,1.518954,0.051842,1.570796,0.132000,0.112105
319,1,0.057204,0.048016,0.303790,0.031414,1.544593,0.064360,1.532639,0.157711,0.173400
698,3,0.039995,0.081481,0.044733,0.021206,1.514633,0.016237,1.530869,0.058280,0.127101
667,3,0.045005,0.078698,0.071209,0.023692,1.515381,0.002777,1.518158,0.183789,0.106401
164,1,0.054147,0.157342,0.363248,0.091598,1.491568,0.078458,1.570026,0.098857,0.093077
454,3,0.099995,0.052149,0.117499,0.498098,1.503586,0.003937,1.507523,0.117505,0.148889
277,1,0.067233,0.053330,0.115687,0.024065,1.515780,0.057458,1.568355,0.122470,0.184726
421,1,0.067233,0.057352,0.045039,0.492068,1.513308,0.057458,1.570766,0.193000,0.179267
330,1,0.057204,0.052149,0.371624,0.022769,1.569709,0.064360,1.507523,0.090020,0.179273
301,1,0.148004,0.053480,0.016079,0.065089,1.492244,0.006388,1.485856,0.045077,0.138454
387,3,0.039995,0.203009,0.105767,0.101199,1.484374,0.016237,1.500611,0.002745,0.125716
324,1,0.057204,0.080000,0.311068,0.017371,1.508847,0.064360,1.568385,0.150449,0.174030
289,1,0.127047,0.053480,0.453997,0.050058,1.500032,0.014176,1.485856,0.046037,0.153431
505,3,0.769004,0.055442,0.009802,0.023123,1.382974,0.005085,1.377890,0.091806,0.174206
538,3,0.375031,0.081754,0.058531,0.146183,1.410434,0.002961,1.407474,0.051535,0.028130
514,3,0.374998,0.055442,0.466522,0.115377,1.376521,0.001369,1.377890,0.078480,0.083674
516,3,0.379999,0.055442,0.055381,0.136781,1.380628,0.002739,1.377890,0.075388,0.062669
518,3,0.375031,0.055442,0.077285,0.172081,1.380850,0.002961,1.377890,0.070289,0.028030
523,3,0.472961,0.081754,0.419275,0.167979,1.393816,0.013658,1.407474,0.048865,0.006626
524,3,0.655991,0.081754,0.159103,0.020103,1.409900,0.002426,1.407474,0.071905,0.192183
533,3,0.296010,0.081754,0.036834,0.086611,1.410027,0.002554,1.407474,0.058833,0.086902
534,3,0.374998,0.081754,0.486577,0.089937,1.406105,0.001369,1.407474,0.058425,0.083620
536,3,0.379999,0.081754,0.035832,0.111067,1.410212,0.002739,1.407474,0.055837,0.062774
37,0,0.379097,0.058291,0.055765,0.198582,1.430117,0.013402,1.416715,0.101763,0.013831
541,3,0.240127,0.081754,0.116961,0.138346,1.472038,0.064564,1.407474,0.052495,0.035862
654,3,0.379999,0.056748,0.008548,0.093349,1.378953,0.002739,1.376214,0.028537,0.062919
644,3,0.769004,0.056748,0.036923,0.020471,1.381299,0.005085,1.376214,0.045085,0.174580
643,3,0.655991,0.056748,0.183301,0.038513,1.378640,0.002426,1.376214,0.047708,0.192279
22,2,0.037324,0.886978,0.129199,0.086721,1.444338,0.160107,1.537148,0.044622,0.119508
28,2,0.058462,0.886978,0.497271,0.133825,1.372641,0.231804,1.537148,0.043396,0.166584
116,1,0.050482,0.647996,0.341924,0.089289,1.448283,0.124741,1.568568,0.006669,0.115287
32,1,0.379097,0.061695,0.332935,0.141812,1.450256,0.013402,1.463657,0.142023,0.001569
87,1,0.444157,0.061695,0.328906,0.081771,1.443936,0.019722,1.463657,0.137123,0.058117
503,3,0.472961,0.055442,0.400946,0.193520,1.364232,0.013658,1.377890,0.067193,0.006993
504,3,0.655991,0.055442,0.136570,0.004920,1.380316,0.002426,1.377890,0.094439,0.192092
92,0,0.444157,0.058291,0.105565,0.144694,1.436437,0.019722,1.416715,0.095525,0.039412
308,1,0.513158,0.061695,0.068410,0.059802,1.439674,0.023984,1.463657,0.125568,0.198842
213,1,0.313186,0.061695,0.103401,0.024089,1.437448,0.026209,1.463657,0.132414,0.115463
218,0,0.313186,0.058291,0.468571,0.092456,1.442925,0.026209,1.416715,0.089478,0.091026
434,2,0.769004,0.058291,0.034643,0.498159,1.411631,0.005085,1.416715,0.014366,0.167849
433,2,0.655991,0.058291,0.003924,0.476818,1.414289,0.002426,1.416715,0.016836,0.188934
363,1,0.242110,0.081754,0.322778,0.472035,1.373444,0.034030,1.407474,0.137281,0.181298
405,1,0.513158,0.081754,0.058832,0.454576,1.383490,0.023984,1.407474,0.135142,0.198522
404,1,0.513158,0.055442,0.024376,0.459945,1.353906,0.023984,1.377890,0.169588,0.197373
400,0,0.513158,0.058291,0.113521,0.006872,1.440699,0.023984,1.416715,0.079563,0.175656
207,1,0.068183,0.052149,0.187082,0.074541,1.556010,0.078060,1.507523,0.087536,0.127604
210,1,0.068183,0.050734,0.234915,0.092131,1.534863,0.078060,1.528669,0.039852,0.132632
567,3,0.042151,0.057352,0.338448,0.063443,1.518985,0.051842,1.570766,0.193000,0.107871
165,1,0.054147,0.076136,0.327785,0.112720,1.522495,0.078458,1.540640,0.134209,0.089349
682,3,0.042151,0.083964,0.356895,0.001796,1.507663,0.051842,1.559505,0.174578,0.109150
593,3,0.098183,0.056508,0.275881,0.174475,1.534796,0.059605,1.475191,0.093728,0.003904
652,3,0.296010,0.056748,0.010108,0.068794,1.378768,0.002554,1.376214,0.032107,0.087009
201,1,0.068183,0.048016,0.118286,0.021658,1.530894,0.078060,1.532639,0.156118,0.120373
334,1,0.057204,0.100127,0.405576,0.118409,1.496779,0.064360,1.561140,0.056140,0.182212
660,3,0.178907,0.056748,0.029858,0.155072,1.272203,0.104011,1.376214,0.019563,0.002367
388,3,0.054006,0.203009,0.063061,0.077894,1.471370,0.029240,1.500611,0.003979,0.102469
176,1,0.221034,0.046720,0.071215,0.115109,1.470401,0.011963,1.482364,0.100212,0.066078
513,3,0.296010,0.055442,0.056944,0.112169,1.380443,0.002554,1.377890,0.078943,0.086821
502,3,0.178907,0.100127,0.060906,0.492557,1.457129,0.104011,1.561140,0.050444,0.006735
152,1,0.082988,0.052149,0.054413,0.160416,1.501656,0.005867,1.507523,0.083417,0.041904
483,3,0.050974,0.050734,0.178904,0.491329,1.509259,0.019410,1.528669,0.060155,0.133753
414,1,0.067233,0.053480,0.189872,0.012896,1.543314,0.057458,1.485856,0.048410,0.190459
256,1,0.043272,0.090821,0.356409,0.027643,1.535996,0.086887,1.518710,0.101743,0.168295
718,2,0.098183,0.081500,0.479150,0.038482,1.459785,0.059605,1.519390,0.045408,0.064299
166,1,0.054147,0.052149,0.376203,0.107774,1.555612,0.078458,1.507523,0.085942,0.094439
169,1,0.054147,0.050734,0.423505,0.125382,1.534465,0.078458,1.528669,0.038787,0.099410
642,3,0.178907,0.078667,0.142916,0.113060,1.466785,0.104011,1.570796,0.132000,0.018274
665,3,0.050974,0.078698,0.056212,0.000437,1.498748,0.019410,1.518158,0.182825,0.130479
160,1,0.054147,0.048016,0.306809,0.054912,1.530496,0.078458,1.532639,0.155120,0.087145
273,1,0.057204,0.053330,0.339122,0.015801,1.508877,0.064360,1.568355,0.122453,0.176459
79,1,0.039010,0.076136,0.251280,0.170628,1.502239,0.038400,1.540640,0.132876,0.031467
208,1,0.068183,0.053480,0.230080,0.071443,1.563916,0.078060,1.485856,0.044671,0.132123
331,1,0.057204,0.053480,0.413806,0.020458,1.550216,0.064360,1.485856,0.047927,0.182925
619,3,0.098183,0.077296,0.308655,0.140663,1.480119,0.059605,1.539724,0.061013,0.006524
185,1,0.262146,0.061695,0.327751,0.023233,1.435314,0.028343,1.463657,0.132344,0.116314
482,3,0.055948,0.050734,0.411115,0.457902,1.500803,0.027867,1.528669,0.059085,0.167150
202,1,0.068183,0.080000,0.124080,0.035697,1.495147,0.078060,1.568385,0.150342,0.120982
48,1,0.256200,0.061695,0.126192,0.129978,1.449519,0.014138,1.463657,0.141057,0.010195
189,1,0.262146,0.046720,0.363361,0.063288,1.454021,0.028343,1.482364,0.096750,0.117692
190,0,0.262146,0.058291,0.088455,0.093424,1.445058,0.028343,1.416715,0.089590,0.090070
422,1,0.067233,0.056508,0.196678,0.485314,1.532649,0.057458,1.475191,0.041615,0.190985
167,1,0.054147,0.053480,0.419731,0.104673,1.564314,0.078458,1.485856,0.042550,0.099014
375,1,0.043000,0.052149,0.031997,0.044083,1.507523,0.000000,1.507523,0.088997,0.158000
664,3,0.055948,0.078698,0.288602,0.032397,1.490291,0.027867,1.518158,0.181546,0.162410
263,1,0.043272,0.076136,0.322085,0.037768,1.514066,0.086887,1.540640,0.135935,0.164279
264,1,0.043272,0.052149,0.368638,0.032334,1.547183,0.086887,1.507523,0.089561,0.169726
211,1,0.068183,0.100127,0.218164,0.169753,1.483080,0.078060,1.561140,0.056551,0.130871
262,1,0.043272,0.157342,0.359383,0.016042,1.483139,0.086887,1.570026,0.098781,0.168643
338,1,0.057204,0.056508,0.420678,0.492815,1.539552,0.064360,1.475191,0.041070,0.183519
549,3,0.042151,0.082614,0.342752,0.043313,1.491699,0.051842,1.543541,0.188702,0.108170
307,1,0.242110,0.061695,0.333096,0.042640,1.429627,0.034030,1.463657,0.126969,0.181780
267,1,0.043272,0.050734,0.417164,0.049321,1.526036,0.086887,1.528669,0.041223,0.175403
161,1,0.054147,0.080000,0.311669,0.069020,1.494749,0.078458,1.568385,0.150276,0.087655
706,3,0.098183,0.081481,0.315430,0.113068,1.471264,0.059605,1.530869,0.054250,0.007065
257,1,0.043272,0.048016,0.300576,0.019768,1.522066,0.086887,1.532639,0.157361,0.161763
198,1,0.068183,0.053330,0.152161,0.036740,1.495178,0.078060,1.568355,0.122348,0.123933
354,0,0.242110,0.058291,0.115626,0.033254,1.450745,0.034030,1.416715,0.082624,0.149529
717,2,0.036104,0.081500,0.105622,0.041221,1.470176,0.049215,1.519390,0.045514,0.067034
297,1,0.148004,0.046720,0.066388,0.042915,1.475976,0.006388,1.482364,0.095388,0.137984
265,1,0.043272,0.053480,0.410964,0.028734,1.568850,0.086887,1.485856,0.047399,0.174678
655,3,0.098183,0.056748,0.352014,0.167667,1.316609,0.059605,1.376214,0.017732,0.009989
659,3,0.240127,0.056748,0.144633,0.118488,1.440778,0.064564,1.376214,0.024882,0.038257
597,3,0.240127,0.056508,0.078309,0.137883,1.410627,0.064564,1.475191,0.091066,0.032515
76,1,0.039010,0.046720,0.281540,0.151438,1.520765,0.038400,1.482364,0.102640,0.029893
362,1,0.242110,0.055442,0.287843,0.477988,1.343860,0.034030,1.377890,0.172194,0.179667
170,1,0.054147,0.100127,0.405418,0.203117,1.482682,0.078458,1.561140,0.056818,0.097509
74,1,0.039010,0.048016,0.230662,0.109561,1.494239,0.038400,1.532639,0.153479,0.032539
521,3,0.240127,0.055442,0.098214,0.165754,1.442454,0.064564,1.377890,0.071203,0.034239
458,3,0.099995,0.053480,0.150679,0.496098,1.481919,0.003937,1.485856,0.084325,0.149110
172,1,0.221034,0.061695,0.107526,0.074396,1.451694,0.011963,1.463657,0.136521,0.065448
157,1,0.054147,0.053330,0.339750,0.070064,1.494780,0.078458,1.568355,0.122282,0.090607
542,3,0.178907,0.081754,0.059304,0.168097,1.303463,0.104011,1.407474,0.048851,0.006510
711,3,0.178907,0.081481,0.065168,0.098657,1.426858,0.104011,1.530869,0.054682,0.007335
83,1,0.039010,0.050734,0.347780,0.198411,1.490269,0.038400,1.528669,0.036450,0.026448
586,3,0.054006,0.056508,0.026654,0.063991,1.504431,0.029240,1.475191,0.085690,0.106060
353,1,0.242110,0.046720,0.367744,0.002688,1.448334,0.034030,1.482364,0.092341,0.183397
150,1,0.082988,0.046720,0.072818,0.139206,1.488232,0.005867,1.482364,0.101823,0.042076
73,1,0.039010,0.090821,0.287998,0.111293,1.480309,0.038400,1.518710,0.096187,0.029557
624,3,0.178907,0.077296,0.071891,0.125850,1.435713,0.104011,1.539724,0.061369,0.008281
539,3,0.167133,0.081754,0.409800,0.140288,1.436714,0.029240,1.407474,0.052258,0.033946
153,1,0.082988,0.053480,0.009872,0.162409,1.479989,0.005867,1.485856,0.038863,0.041488
380,1,0.067233,0.203009,0.210161,0.481902,1.443153,0.057458,1.500611,0.028155,0.192027
258,1,0.043272,0.080000,0.307538,0.005941,1.486320,0.086887,1.568385,0.150426,0.162577
535,3,0.159113,0.081754,0.350009,0.132969,1.375299,0.032175,1.407474,0.053154,0.041166
455,3,0.055948,0.052149,0.353441,0.482035,1.479656,0.027867,1.507523,0.116734,0.164919
284,1,0.127047,0.046720,0.405611,0.028380,1.468188,0.014176,1.482364,0.094417,0.152462
428,1,0.050482,0.238452,0.273472,0.078192,1.435292,0.124741,1.560033,0.074592,0.126619
231,1,0.180017,0.046720,0.412900,0.041620,1.455212,0.027152,1.482364,0.095302,0.139274
241,1,0.182502,0.061695,0.070724,0.002413,1.407978,0.055680,1.463657,0.130260,0.141696
227,1,0.180017,0.061695,0.377621,0.001609,1.436505,0.027152,1.463657,0.130567,0.137956
376,1,0.043000,0.053480,0.010670,0.045472,1.485856,0.000000,1.485856,0.046330,0.158000
582,3,0.099995,0.056508,0.152462,0.020726,1.471254,0.003937,1.475191,0.082542,0.149122
254,1,0.043272,0.053330,0.335640,0.005229,1.486351,0.086887,1.568355,0.122432,0.165865
268,1,0.043272,0.100127,0.402120,0.126978,1.474253,0.086887,1.561140,0.056208,0.173643
325,1,0.057204,0.203009,0.433225,0.489342,1.436250,0.064360,1.500611,0.028549,0.184606
246,0,0.182502,0.058291,0.428018,0.093541,1.472395,0.055680,1.416715,0.089604,0.089954
585,3,0.039995,0.056508,0.018901,0.042262,1.491428,0.016237,1.475191,0.084109,0.127687
72,1,0.039010,0.061695,0.244868,0.108244,1.502058,0.038400,1.463657,0.139283,0.031801
232,0,0.180017,0.058291,0.125096,0.070772,1.443868,0.027152,1.416715,0.086968,0.112452
658,3,0.058462,0.056748,0.413920,0.291080,1.144410,0.231804,1.376214,0.000211,0.131061
136,1,0.171290,0.061695,0.064854,0.071732,1.397864,0.065793,1.463657,0.136303,0.068096
657,3,0.167133,0.056748,0.437662,0.121746,1.405454,0.029240,1.376214,0.024408,0.035061
293,1,0.148004,0.061695,0.101592,0.001887,1.457269,0.006388,1.463657,0.130592,0.137655
522,3,0.178907,0.055442,0.078067,0.191321,1.273879,0.104011,1.377890,0.067510,0.009150
141,0,0.171290,0.058291,0.429919,0.175810,1.482509,0.065793,1.416715,0.099127,0.008669
373,1,0.043000,0.046720,0.037045,0.022820,1.482364,0.000000,1.482364,0.094045,0.158000
595,3,0.167133,0.056508,0.370965,0.138008,1.445951,0.029240,1.475191,0.091075,0.032391
519,3,0.167133,0.055442,0.391000,0.166819,1.407130,0.029240,1.377890,0.071050,0.033193
245,1,0.182502,0.046720,0.106082,0.036493,1.426685,0.055680,1.482364,0.094959,0.144381
666,3,0.042151,0.078698,0.347756,0.021574,1.466316,0.051842,1.518158,0.183704,0.108516
653,3,0.159113,0.056748,0.378048,0.116781,1.344039,0.032175,1.376214,0.025130,0.039932
515,3,0.159113,0.055442,0.330805,0.157833,1.345715,0.032175,1.377890,0.072347,0.042011
423,1,0.050482,0.046720,0.251985,0.050754,1.534487,0.124741,1.482364,0.095912,0.130176
310,1,0.050482,0.061695,0.216897,0.003504,1.553194,0.124741,1.463657,0.130729,0.135985
68,1,0.050482,0.106791,0.346241,0.092738,1.483233,0.124741,1.533618,0.002386,0.114573
259,1,0.043272,0.203009,0.429473,0.497124,1.413724,0.086887,1.500611,0.028961,0.176843
140,1,0.171290,0.046720,0.101381,0.109810,1.416571,0.065793,1.482364,0.099858,0.071355
80,1,0.039010,0.052149,0.301404,0.173487,1.469122,0.038400,1.507523,0.082790,0.028860
64,1,0.054147,0.106791,0.459701,0.081372,1.455160,0.078458,1.533618,0.002704,0.103215
588,3,0.045005,0.056508,0.169362,0.063253,1.472414,0.002777,1.475191,0.085636,0.106794
350,1,0.102304,0.081754,0.085614,0.490349,1.343930,0.063544,1.407474,0.139524,0.163230
280,1,0.127047,0.061695,0.370591,0.012455,1.449481,0.014176,1.463657,0.129433,0.151761
424,1,0.050482,0.157342,0.249056,0.054015,1.446826,0.124741,1.570026,0.098819,0.130661
526,3,0.099995,0.081754,0.168433,0.023436,1.411411,0.003937,1.407474,0.066572,0.149229
537,3,0.098183,0.081754,0.322599,0.182438,1.347869,0.059605,1.407474,0.047094,0.007638
285,0,0.127047,0.058291,0.189034,0.044903,1.430892,0.014176,1.416715,0.083973,0.138015
69,0,0.110016,0.058291,0.099315,0.168811,1.424421,0.007706,1.416715,0.098316,0.015584
306,1,0.102304,0.061695,0.096747,0.024938,1.400113,0.063544,1.463657,0.128414,0.164179
459,3,0.055948,0.053480,0.386960,0.478931,1.457989,0.027867,1.485856,0.083229,0.166215
341,0,0.102304,0.058291,0.486186,0.077538,1.480259,0.063544,1.416715,0.087751,0.105767
349,1,0.102304,0.055442,0.050005,0.497833,1.314346,0.063544,1.377890,0.175060,0.160194
645,3,0.099995,0.056748,0.193652,0.005200,1.380151,0.003937,1.376214,0.041353,0.149397
506,3,0.099995,0.055442,0.146896,0.048719,1.381827,0.003937,1.377890,0.088108,0.149085
517,3,0.098183,0.055442,0.304407,0.206948,1.318285,0.059605,1.377890,0.065253,0.006184
419,1,0.067233,0.081754,0.101138,0.469700,1.350016,0.057458,1.407474,0.136995,0.183602
540,3,0.058462,0.081754,0.379718,0.296899,1.175670,0.231804,1.407474,0.033073,0.120562
340,1,0.102304,0.046720,0.131802,0.013617,1.418821,0.063544,1.482364,0.093430,0.167167
430,1,0.050482,0.100127,0.291595,0.177005,1.455712,0.124741,1.561140,0.056609,0.123619
584,3,0.050974,0.056508,0.155343,0.036799,1.455781,0.019410,1.475191,0.083712,0.133124
692,3,0.058462,0.083964,0.232598,0.182788,1.350284,0.231804,1.559505,0.176241,0.075403
559,3,0.058462,0.082614,0.215937,0.221836,1.366248,0.231804,1.543541,0.192455,0.070288
709,3,0.058462,0.081481,0.361285,0.220994,1.299066,0.231804,1.530869,0.051010,0.114904
336,1,0.057204,0.081754,0.323493,0.478311,1.343113,0.064360,1.407474,0.138050,0.175106
316,1,0.050482,0.090821,0.247618,0.009807,1.393969,0.124741,1.518710,0.100246,0.130899
432,0,0.073434,0.058291,0.435775,0.058806,1.517101,0.100385,1.416715,0.085582,0.124277
676,3,0.058462,0.078698,0.217549,0.201128,1.391631,0.231804,1.518158,0.190886,0.070783
640,3,0.058462,0.078667,0.278060,0.220691,1.338993,0.231804,1.570796,0.132000,0.089358
527,3,0.055948,0.081754,0.401445,0.005650,1.435340,0.027867,1.407474,0.068751,0.166776
622,3,0.058462,0.077296,0.353625,0.246746,1.307920,0.231804,1.539724,0.058465,0.112553
530,3,0.054006,0.081754,0.002084,0.068191,1.378234,0.029240,1.407474,0.061089,0.105075
199,1,0.068183,0.061695,0.142680,0.016575,1.385598,0.078060,1.463657,0.131800,0.122937
309,1,0.067233,0.061695,0.111396,0.045270,1.406200,0.057458,1.463657,0.126754,0.184395
528,3,0.050974,0.081754,0.174423,0.039243,1.426884,0.019410,1.407474,0.064635,0.133633
204,0,0.068183,0.058291,0.465375,0.132099,1.494775,0.078060,1.416715,0.094067,0.051857
369,1,0.050482,0.080000,0.197094,0.017421,1.443644,0.124741,1.568385,0.150379,0.139263
425,1,0.050482,0.076136,0.212289,0.065304,1.415899,0.124741,1.540640,0.135301,0.136748
418,1,0.067233,0.055442,0.066061,0.476741,1.320432,0.057458,1.377890,0.172014,0.180891
532,3,0.045005,0.081754,0.193684,0.066349,1.410251,0.002777,1.407474,0.061315,0.106892
270,1,0.043272,0.081754,0.318561,0.489704,1.320587,0.086887,1.407474,0.139445,0.163867
305,1,0.057204,0.061695,0.334124,0.036853,1.399297,0.064360,1.463657,0.127441,0.176026
531,3,0.042151,0.081754,0.469064,0.056180,1.459316,0.051842,1.407474,0.062561,0.116924
577,3,0.058462,0.057352,0.215376,0.241430,1.338962,0.231804,1.570766,0.193000,0.070116
327,0,0.057204,0.058291,0.296190,0.066668,1.481076,0.064360,1.416715,0.086493,0.116508
158,1,0.054147,0.061695,0.327432,0.050391,1.385200,0.078458,1.463657,0.134561,0.089312
203,1,0.068183,0.046720,0.178446,0.054248,1.404305,0.078060,1.482364,0.096146,0.126696
596,3,0.058462,0.056508,0.310228,0.270255,1.434597,0.231804,1.475191,0.100696,0.099232
529,3,0.039995,0.081754,0.039173,0.045737,1.391237,0.016237,1.407474,0.063840,0.127227
410,1,0.067233,0.046720,0.146114,0.006378,1.424907,0.057458,1.482364,0.092095,0.187078
520,3,0.058462,0.055442,0.363182,0.318335,1.146086,0.231804,1.377890,0.049164,0.115487
335,1,0.057204,0.055442,0.288152,0.485754,1.313529,0.064360,1.377890,0.173316,0.172047
646,3,0.055948,0.056748,0.426136,0.013490,1.404081,0.027867,1.376214,0.044070,0.167731
583,3,0.055948,0.056508,0.388903,0.003490,1.447325,0.027867,1.475191,0.081287,0.166291
163,0,0.054147,0.058291,0.288019,0.165424,1.495173,0.078458,1.416715,0.097924,0.018930
507,3,0.055948,0.055442,0.379598,0.031554,1.405756,0.027867,1.377890,0.090588,0.165931
649,3,0.054006,0.056748,0.024439,0.051458,1.346974,0.029240,1.376214,0.034627,0.104015
510,3,0.054006,0.055442,0.022715,0.092724,1.348650,0.029240,1.377890,0.081752,0.105902
647,3,0.050974,0.056748,0.199946,0.020573,1.395624,0.019410,1.376214,0.039117,0.134315
508,3,0.050974,0.055442,0.153303,0.065039,1.397300,0.019410,1.377890,0.085751,0.133070
326,1,0.057204,0.046720,0.369005,0.001702,1.418004,0.064360,1.482364,0.092633,0.179046
427,1,0.050482,0.053480,0.304311,0.082091,1.361115,0.124741,1.485856,0.043992,0.121514
278,1,0.050482,0.053330,0.225321,0.026085,1.443614,0.124741,1.568355,0.122370,0.134590
255,1,0.043272,0.061695,0.329717,0.025936,1.376770,0.086887,1.463657,0.128332,0.165172
426,1,0.050482,0.052149,0.260369,0.073354,1.382782,0.124741,1.507523,0.087593,0.128788
162,1,0.054147,0.046720,0.363708,0.087953,1.403907,0.078458,1.482364,0.098398,0.093125
429,1,0.050482,0.050734,0.308866,0.104013,1.403928,0.124741,1.528669,0.039472,0.120760
651,3,0.045005,0.056748,0.219930,0.048419,1.378991,0.002777,1.376214,0.035069,0.106997
261,0,0.043272,0.058291,0.311150,0.098424,1.503602,0.086887,1.416715,0.090169,0.085130
512,3,0.045005,0.055442,0.173113,0.091800,1.380667,0.002777,1.377890,0.081885,0.106809
81,1,0.039010,0.053480,0.346325,0.177428,1.447456,0.038400,1.485856,0.037904,0.026524
323,1,0.050482,0.048016,0.190706,0.001708,1.407898,0.124741,1.532639,0.156717,0.140321
269,1,0.043272,0.055442,0.282732,0.498362,1.291003,0.086887,1.377890,0.175137,0.159675
650,3,0.042151,0.056748,0.494854,0.036478,1.428056,0.051842,1.376214,0.036805,0.118712
587,3,0.042151,0.056508,0.446584,0.054641,1.423349,0.051842,1.475191,0.085010,0.115366
511,3,0.042151,0.055442,0.448433,0.082949,1.429732,0.051842,1.377890,0.083164,0.115494
77,0,0.039010,0.058291,0.385008,0.117187,1.378315,0.038400,1.416715,0.092341,0.066591
648,3,0.039995,0.056748,0.065036,0.028396,1.359977,0.016237,1.376214,0.037980,0.126640
509,3,0.039995,0.055442,0.018048,0.070505,1.361653,0.016237,1.377890,0.084961,0.127706
260,1,0.043272,0.046720,0.364897,0.011488,1.395477,0.086887,1.482364,0.093288,0.169288
