345,1,0.048937,0.820008,0.001602,0.003522,1.527343,0.035748,1.563090,0.075908,0.018154
756,2,0.249045,0.298561,0.004128,0.001679,1.567175,0.040233,1.534184,0.037026,0.088905
757,2,0.753783,0.298561,0.008865,0.007333,1.566343,0.032158,1.534184,0.036715,0.082827
580,3,0.753783,0.651669,0.001718,0.005457,1.536196,0.032158,1.568355,0.099388,0.063687
584,3,0.182567,0.651669,0.008362,0.008676,1.512265,0.056090,1.568355,0.099325,0.049722
260,1,0.698184,0.820008,0.051911,0.006909,1.546907,0.031595,1.563090,0.075946,0.014767
361,1,0.709167,0.820008,0.043176,0.005802,1.553719,0.024783,1.563090,0.075804,0.027477
369,3,0.753783,0.820008,0.034329,0.004563,1.530932,0.032158,1.563090,0.066793,0.062871
276,1,0.698184,0.148325,0.035917,0.214841,1.540310,0.031595,1.569688,0.091932,0.015167
964,3,0.753783,0.035035,0.016112,0.008337,1.539680,0.032158,1.507522,0.085000,0.063327
399,1,0.709167,0.148325,0.027109,0.202208,1.547122,0.024783,1.569688,0.091876,0.027799
273,1,0.698184,0.651669,0.024804,0.174558,1.541642,0.031595,1.568355,0.103042,0.015446
396,1,0.709167,0.651669,0.016015,0.161981,1.548455,0.024783,1.568355,0.102986,0.028022
272,0,0.698184,0.101756,0.013419,0.113465,1.520446,0.031595,1.552042,0.087777,0.033215
348,1,0.048937,0.651669,0.026348,0.172619,1.532607,0.035748,1.568355,0.103033,0.017384
395,0,0.709167,0.101756,0.015400,0.104434,1.527259,0.024783,1.552042,0.087536,0.042243
362,1,0.640138,0.820008,0.114673,0.043717,1.559267,0.019235,1.563090,0.075382,0.065391
289,0,0.698184,0.058333,0.024899,0.348738,1.541391,0.031595,1.568607,0.099258,0.032927
412,0,0.709167,0.058333,0.027167,0.339658,1.548203,0.024783,1.568607,0.099299,0.042007
494,2,0.753783,0.268518,0.014344,0.422462,1.558241,0.032158,1.526083,0.031224,0.082965
492,2,0.306943,0.268518,0.070203,0.425346,1.562232,0.053278,1.526083,0.031051,0.080084
300,0,0.698184,0.298561,0.002542,0.478472,1.502589,0.031595,1.534184,0.076837,0.033489
423,0,0.709167,0.298561,0.004239,0.469487,1.509401,0.024783,1.534184,0.076377,0.042467
755,2,0.306943,0.298561,0.064683,0.010269,1.554130,0.053278,1.534184,0.036563,0.079863
368,3,0.306943,0.820008,0.426322,0.010443,1.509812,0.053278,1.563090,0.066627,0.047920
373,3,0.182567,0.820008,0.041086,0.010061,1.507000,0.056090,1.563090,0.066631,0.048302
447,1,0.640138,0.148325,0.098344,0.164344,1.552670,0.019235,1.569688,0.091707,0.065663
493,2,0.249045,0.268518,0.009558,0.416344,1.566316,0.040233,1.526083,0.031592,0.089077
591,3,0.753783,0.148325,0.012835,0.458263,1.537529,0.032158,1.569688,0.088275,0.063409
393,0,0.709167,0.268518,0.005639,0.084403,1.501300,0.024783,1.526083,0.077778,0.042439
270,0,0.698184,0.268518,0.003992,0.093399,1.494488,0.031595,1.526083,0.078318,0.033452
825,3,0.753783,0.136688,0.015790,0.091652,1.526841,0.032158,1.558999,0.085322,0.063335
629,2,0.753783,0.411932,0.016494,0.066266,1.560044,0.032158,1.527886,0.061999,0.082194
627,2,0.306943,0.411932,0.039405,0.069611,1.560429,0.053278,1.527886,0.061805,0.078851
296,1,0.698184,0.254997,0.015086,0.431898,1.542818,0.031595,1.567180,0.142890,0.016444
444,1,0.640138,0.651669,0.087231,0.124154,1.554003,0.019235,1.568355,0.102818,0.065849
363,1,0.057694,0.820008,0.057010,0.045135,1.524643,0.053860,1.563090,0.075367,0.066809
540,1,0.580013,0.148325,0.156632,0.036209,1.569273,0.002632,1.569688,0.091137,0.193797
536,1,0.580013,0.651669,0.145521,0.003862,1.570605,0.002632,1.568355,0.102248,0.193835
560,1,0.580013,0.254997,0.106066,0.254374,1.569812,0.002632,1.567180,0.141704,0.193966
365,1,0.580013,0.820008,0.173814,0.172070,1.565722,0.002632,1.563090,0.073954,0.193740
364,1,0.051089,0.820008,0.349104,0.146015,1.569347,0.009155,1.563090,0.074244,0.167686
571,1,0.580013,0.136688,0.150999,0.414567,1.561632,0.002632,1.558999,0.096769,0.193816
282,1,0.698184,0.061687,0.001822,0.262280,1.519699,0.031595,1.551294,0.129544,0.016110
419,1,0.709167,0.254997,0.023903,0.419522,1.549630,0.024783,1.567180,0.142807,0.028820
467,1,0.640138,0.254997,0.047484,0.381829,1.555178,0.019235,1.567180,0.142555,0.066513
405,1,0.709167,0.061687,0.011006,0.249826,1.526512,0.024783,1.551294,0.129876,0.028561
628,2,0.249045,0.411932,0.021229,0.060353,1.568118,0.040233,1.527886,0.062340,0.088101
503,0,0.580013,0.101756,0.011398,0.049574,1.549409,0.002632,1.552042,0.083423,0.196221
579,3,0.306943,0.651669,0.393579,0.009164,1.515077,0.053278,1.568355,0.099323,0.049230
614,3,0.753783,0.061687,0.050343,0.495098,1.558140,0.032158,1.551294,0.151417,0.064991
504,1,0.051089,0.651669,0.320983,0.022086,1.564082,0.009155,1.568355,0.102363,0.167921
443,0,0.640138,0.101756,0.016693,0.068952,1.532807,0.019235,1.552042,0.086588,0.077718
649,2,0.753783,0.058333,0.057260,0.378834,1.536448,0.032158,1.568607,0.102757,0.081173
943,3,0.753783,0.036686,0.011126,0.046549,1.552525,0.032158,1.556909,0.089983,0.063452
934,3,0.753783,0.053330,0.082721,0.070866,1.549044,0.032158,1.560390,0.183777,0.065802
711,3,0.753783,0.254997,0.036339,0.132031,1.535021,0.032158,1.567180,0.137421,0.064640
409,0,0.709167,0.411932,0.034777,0.298485,1.503103,0.024783,1.527886,0.106906,0.041855
286,0,0.698184,0.411932,0.033078,0.307626,1.496290,0.031595,1.527886,0.107435,0.032722
471,0,0.640138,0.298561,0.004908,0.434008,1.514949,0.019235,1.534184,0.074562,0.077919
565,0,0.580013,0.298561,0.004306,0.315570,1.531552,0.002632,1.534184,0.068503,0.196271
267,1,0.698184,0.171310,0.176394,0.083983,1.240275,0.031595,1.271870,0.048470,0.011649
710,3,0.249045,0.254997,0.473039,0.130793,1.526947,0.040233,1.567180,0.137429,0.065878
930,3,0.140063,0.053330,0.008441,0.006022,1.539381,0.041822,1.560390,0.182767,0.130650
577,3,0.140063,0.651669,0.074825,0.069688,1.526533,0.041822,1.568355,0.099674,0.128013
550,0,0.580013,0.411932,0.025835,0.144022,1.525253,0.002632,1.527886,0.097975,0.196172
590,3,0.306943,0.148325,0.404708,0.472887,1.516410,0.053278,1.569688,0.088210,0.048785
460,0,0.640138,0.058333,0.029522,0.304162,1.553751,0.019235,1.568607,0.099457,0.077504
491,0,0.580013,0.268518,0.004280,0.069585,1.523451,0.002632,1.526083,0.068532,0.196271
224,1,0.698184,0.149253,0.141464,0.030061,1.244935,0.031595,1.276530,0.013559,0.012524
366,3,0.140063,0.820008,0.107018,0.068651,1.521269,0.041822,1.563090,0.067507,0.126992
441,0,0.640138,0.268518,0.005930,0.048905,1.506848,0.019235,1.526083,0.075646,0.077901
474,1,0.057694,0.651669,0.029532,0.122048,1.519378,0.053860,1.568355,0.102808,0.067955
923,2,0.753783,0.061868,0.000848,0.047805,1.515866,0.032158,1.483708,0.045448,0.082609
390,1,0.709167,0.171310,0.161950,0.069911,1.247087,0.024783,1.271870,0.042941,0.025097
968,3,0.182567,0.035035,0.021492,0.005867,1.563612,0.056090,1.507522,0.086199,0.049152
453,1,0.640138,0.061687,0.059157,0.212062,1.532059,0.019235,1.551294,0.130885,0.066318
553,0,0.580013,0.058333,0.027838,0.185499,1.570354,0.002632,1.568607,0.099985,0.196166
699,2,0.753783,0.043605,0.033059,0.332754,1.514779,0.032158,1.482620,0.012505,0.083434
546,1,0.580013,0.061687,0.113476,0.084415,1.548662,0.002632,1.551294,0.134294,0.193942
371,3,0.053332,0.820008,0.391570,0.009435,1.479068,0.084022,1.563090,0.066638,0.048929
388,0,0.709167,0.051682,0.082343,0.045905,1.542316,0.024783,1.517533,0.154455,0.040902
709,3,0.306943,0.254997,0.355519,0.145917,1.513902,0.053278,1.567180,0.137328,0.050754
265,0,0.698184,0.051682,0.079434,0.055255,1.549128,0.031595,1.517533,0.153769,0.031561
226,1,0.709167,0.149253,0.127181,0.043927,1.251747,0.024783,1.276530,0.008183,0.025794
457,0,0.640138,0.411932,0.034906,0.262893,1.508651,0.019235,1.527886,0.104848,0.077413
824,3,0.306943,0.136688,0.407862,0.106330,1.505721,0.053278,1.558999,0.085060,0.048659
669,2,0.753783,0.056754,0.033949,0.377867,1.524728,0.032158,1.492569,0.079455,0.081756
293,1,0.698184,0.068493,0.266933,0.407057,1.243404,0.031595,1.274999,0.138959,0.009382
436,0,0.640138,0.051682,0.087116,0.010297,1.536768,0.019235,1.517533,0.157073,0.076541
287,1,0.698184,0.089584,0.084007,0.350686,1.353285,0.031595,1.384880,0.043866,0.013963
635,2,0.124362,0.411932,0.014265,0.154255,1.284812,0.328895,1.527886,0.056911,0.005713
278,1,0.698184,0.044824,0.215691,0.253404,1.227671,0.031595,1.259266,0.087745,0.010665
416,1,0.709167,0.068493,0.252338,0.392519,1.250216,0.024783,1.274999,0.133298,0.023286
274,1,0.698184,0.041653,0.162031,0.183544,1.229783,0.031595,1.261379,0.034115,0.012009
372,3,0.049306,0.820008,0.333801,0.021431,1.465340,0.097750,1.563090,0.066504,0.036924
375,3,0.065357,0.820008,0.405891,0.156290,1.257195,0.305895,1.563090,0.065004,0.097938
172,1,0.143780,0.820008,0.019090,0.041984,1.319744,0.243346,1.563090,0.076336,0.020307
264,0,0.698184,0.124366,0.054301,0.039944,1.244889,0.031595,1.276484,0.020115,0.034910
263,0,0.698184,0.061145,0.067528,0.028024,1.229056,0.031595,1.260651,0.006894,0.035241
261,1,0.698184,0.052201,0.103849,0.010271,1.250954,0.031595,1.282549,0.024035,0.013466
50,0,0.367532,0.268518,0.116560,0.193145,1.403316,0.212193,1.526083,0.084307,0.066193
679,2,0.753783,0.041921,0.066345,0.386660,1.529723,0.032158,1.497564,0.111838,0.080945
401,1,0.709167,0.044824,0.200879,0.239056,1.234483,0.024783,1.259266,0.081857,0.024317
283,1,0.698184,0.070098,0.290194,0.289726,1.231160,0.031595,1.262755,0.162207,0.008800
288,1,0.698184,0.045735,0.244362,0.363911,1.319672,0.031595,1.351267,0.116401,0.009947
582,3,0.053332,0.651669,0.358760,0.007405,1.484333,0.084022,1.568355,0.099331,0.051004
18,0,0.215020,0.268518,0.060833,0.186753,1.390889,0.224620,1.526083,0.083923,0.059807
140,1,0.085850,0.820008,0.211710,0.025656,1.361887,0.201203,1.563090,0.076154,0.003979
397,1,0.709167,0.041653,0.147408,0.169496,1.236596,0.024783,1.261379,0.028404,0.025388
386,0,0.709167,0.061145,0.068988,0.018900,1.235868,0.024783,1.260651,0.003178,0.043934
410,1,0.709167,0.089584,0.071862,0.337519,1.360097,0.024783,1.384880,0.047121,0.026902
387,0,0.709167,0.124366,0.055586,0.030796,1.251701,0.024783,1.276484,0.016575,0.043666
406,1,0.709167,0.070098,0.275299,0.275006,1.237972,0.024783,1.262755,0.156252,0.022826
266,0,0.698184,0.093298,0.034613,0.051892,1.223840,0.031595,1.255435,0.039795,0.034417
411,1,0.709167,0.045735,0.231298,0.349806,1.326484,0.024783,1.351267,0.112266,0.023707
350,1,0.048937,0.148325,0.015254,0.212308,1.533940,0.035748,1.569688,0.091921,0.017700
715,3,0.182567,0.254997,0.029749,0.145298,1.511089,0.056090,1.567180,0.137333,0.051373
110,1,0.047503,0.820008,0.318196,0.015500,1.364553,0.198537,1.563090,0.076041,0.006176
382,1,0.709167,0.052201,0.089770,0.003421,1.257766,0.024783,1.282549,0.029217,0.026543
262,0,0.698184,0.046079,0.100094,0.021653,1.292147,0.031595,1.323742,0.025654,0.036057
659,2,0.753783,0.036941,0.053615,0.403176,1.526664,0.032158,1.494506,0.099114,0.081264
44,0,0.367532,0.124366,0.138943,0.149325,1.488677,0.212193,1.276484,0.062437,0.069769
277,0,0.698184,0.058906,0.042975,0.221858,1.434417,0.031595,1.402822,0.031436,0.034626
595,3,0.182567,0.148325,0.019476,0.472433,1.513597,0.056090,1.569688,0.088212,0.049239
370,3,0.058430,0.820008,0.408656,0.037341,1.380004,0.183086,1.563090,0.066327,0.021010
259,0,0.698184,0.042840,0.112194,0.016905,1.282134,0.031595,1.313729,0.037747,0.036360
707,3,0.140063,0.254997,0.036623,0.067445,1.525358,0.041822,1.567180,0.137852,0.129225
389,0,0.709167,0.093298,0.036230,0.042569,1.230653,0.024783,1.255435,0.035925,0.043278
374,3,0.052017,0.820008,0.036431,0.034897,1.226122,0.336969,1.563090,0.066355,0.023455
438,1,0.640138,0.171310,0.217158,0.029536,1.252635,0.019235,1.271870,0.027077,0.063679
385,0,0.709167,0.046079,0.100699,0.012911,1.298959,0.024783,1.323742,0.028522,0.044569
268,0,0.698184,0.063821,0.020062,0.067803,1.232550,0.031595,1.264145,0.054341,0.034052
175,1,0.143780,0.651669,0.008657,0.215432,1.325009,0.243346,1.568355,0.103224,0.025429
400,0,0.709167,0.058906,0.038744,0.213031,1.427605,0.024783,1.402822,0.033412,0.043328
359,0,0.709167,0.042840,0.112863,0.025631,1.288946,0.024783,1.313729,0.040681,0.044813
763,2,0.124362,0.298561,0.040049,0.089588,1.278513,0.328895,1.534184,0.032502,0.000538
279,1,0.698184,0.040069,0.268743,0.269404,1.242222,0.031595,1.273817,0.140768,0.009337
586,3,0.065357,0.651669,0.370551,0.148294,1.262460,0.305895,1.568355,0.098704,0.089956
585,3,0.052017,0.651669,0.001723,0.026219,1.231386,0.336969,1.568355,0.099247,0.032136
78,1,0.109432,0.820008,0.327087,0.002186,1.339303,0.223787,1.563090,0.075845,0.023861
391,0,0.709167,0.063821,0.021597,0.058430,1.239362,0.024783,1.264145,0.050552,0.042984
583,3,0.049306,0.651669,0.300862,0.018976,1.470605,0.097750,1.568355,0.099279,0.039387
29,0,0.215020,0.411932,0.031517,0.395336,1.389087,0.224620,1.527886,0.112506,0.054905
829,3,0.182567,0.136688,0.022623,0.105886,1.502909,0.056090,1.558999,0.085068,0.049103
227,1,0.640138,0.149253,0.182674,0.084121,1.257295,0.019235,1.276530,0.007398,0.064255
402,1,0.709167,0.040069,0.254117,0.254851,1.249034,0.024783,1.273817,0.135077,0.023250
152,1,0.085850,0.651669,0.184160,0.198116,1.367152,0.201203,1.568355,0.103147,0.008113
539,0,0.580013,0.040559,0.008087,0.003097,1.270010,0.002632,1.272642,0.064436,0.196284
47,1,0.367532,0.171310,0.375352,0.021754,1.484063,0.212193,1.271870,0.024020,0.071115
65,0,0.367532,0.411932,0.087306,0.401956,1.401514,0.212193,1.527886,0.112889,0.061519
942,3,0.306943,0.036686,0.402640,0.061133,1.531405,0.053278,1.556909,0.090275,0.048868
894,2,0.753783,0.048443,0.092851,0.066360,1.484197,0.032158,1.516356,0.138330,0.080281
962,3,0.306943,0.035035,0.406684,0.006314,1.560800,0.053278,1.507522,0.086236,0.048706
271,0,0.698184,0.071170,0.000740,0.119871,1.209439,0.031595,1.241035,0.074039,0.033559
517,0,0.051089,0.411932,0.326342,0.166462,1.518730,0.009155,1.527886,0.099273,0.173753
57,0,0.367532,0.058906,0.197090,0.337179,1.190629,0.212193,1.402822,0.005625,0.079058
358,0,0.063614,0.042840,0.022464,0.001960,1.550559,0.236830,1.313729,0.031504,0.018368
269,0,0.698184,0.036879,0.061309,0.094562,1.189455,0.031595,1.221050,0.013111,0.035085
229,1,0.063140,0.820008,0.206983,0.013972,1.340374,0.222717,1.563090,0.075713,0.035647
913,3,0.753783,0.134402,0.067977,0.014647,1.288848,0.032158,1.256689,0.033164,0.062028
394,0,0.709167,0.071170,0.002236,0.110318,1.216252,0.024783,1.241035,0.069909,0.042596
806,3,0.753783,0.041785,0.061722,0.208320,1.485023,0.032158,1.517182,0.162790,0.065276
174,1,0.143780,0.171310,0.151077,0.091926,1.515216,0.243346,1.271870,0.051591,0.004060
794,3,0.753783,0.035149,0.038019,0.231049,1.466614,0.032158,1.498772,0.063105,0.062778
464,1,0.640138,0.068493,0.307570,0.351863,1.255764,0.019235,1.274999,0.117467,0.062169
527,1,0.051089,0.254997,0.281468,0.280090,1.565258,0.009155,1.567180,0.141876,0.168251
392,0,0.709167,0.036879,0.063296,0.085266,1.196267,0.024783,1.221050,0.008868,0.043820
38,1,0.367532,0.149253,0.342526,0.085810,1.488724,0.212193,1.276530,0.008053,0.065871
194,1,0.098098,0.820008,0.392936,0.020350,1.322433,0.240657,1.563090,0.075642,0.042025
697,2,0.306943,0.043605,0.089087,0.335359,1.535898,0.053278,1.482620,0.012193,0.080840
123,1,0.047503,0.651669,0.290585,0.187941,1.369818,0.198537,1.568355,0.103102,0.002062
39,0,0.367532,0.042840,0.200303,0.102920,1.525922,0.212193,1.313729,0.002485,0.079572
298,1,0.698184,0.065444,0.337871,0.497304,1.244485,0.031595,1.276080,0.209858,0.007606
91,1,0.109432,0.651669,0.299209,0.170791,1.344568,0.223787,1.568355,0.103025,0.019213
42,0,0.367532,0.046079,0.189817,0.139139,1.535935,0.212193,1.323742,0.012730,0.077897
921,2,0.306943,0.061868,0.056150,0.050903,1.536986,0.053278,1.483708,0.045084,0.079521
171,1,0.143780,0.149253,0.117933,0.014829,1.519876,0.243346,1.276530,0.019467,0.002059
435,0,0.640138,0.124366,0.067799,0.006302,1.257249,0.019235,1.276484,0.002238,0.079127
581,3,0.058430,0.651669,0.375195,0.032725,1.385268,0.183086,1.568355,0.099218,0.025625
1,0,0.367532,0.051010,0.176225,0.027266,1.458897,0.212193,1.246704,0.026011,0.075725
37,0,0.367532,0.037453,0.202441,0.039331,1.423159,0.212193,1.210966,0.000396,0.079913
454,1,0.640138,0.070098,0.329815,0.234106,1.243520,0.019235,1.262755,0.139707,0.061798
834,2,0.753783,0.114350,0.113000,0.084927,1.257869,0.032158,1.225710,0.067399,0.085436
421,1,0.709167,0.065444,0.323130,0.482395,1.251297,0.024783,1.276080,0.204066,0.021867
631,2,0.053332,0.411932,0.328311,0.050611,1.529685,0.084022,1.527886,0.062904,0.097834
531,0,0.051089,0.298561,0.355973,0.337856,1.525029,0.009155,1.534184,0.069643,0.174001
52,0,0.367532,0.101756,0.110317,0.211894,1.377358,0.212193,1.552042,0.090406,0.065195
613,3,0.249045,0.061687,0.459074,0.493768,1.550065,0.040233,1.551294,0.151382,0.066321
46,0,0.367532,0.093298,0.117101,0.157848,1.467629,0.212193,1.255435,0.083777,0.066279
863,3,0.753783,0.063876,0.042936,0.139990,1.349516,0.032158,1.317358,0.058191,0.062655
588,3,0.140063,0.148325,0.085947,0.394011,1.527866,0.041822,1.569688,0.088561,0.127660
437,0,0.640138,0.093298,0.049643,0.005230,1.236201,0.019235,1.255435,0.020399,0.078824
43,0,0.367532,0.061145,0.149134,0.140001,1.472844,0.212193,1.260651,0.052480,0.071397
449,1,0.640138,0.044824,0.255245,0.198354,1.240031,0.019235,1.259266,0.065155,0.063043
947,3,0.182567,0.036686,0.017421,0.060672,1.528593,0.056090,1.556909,0.090266,0.049329
873,3,0.753783,0.035624,0.092945,0.160497,1.397349,0.032158,1.365190,0.008210,0.061403
555,0,0.580013,0.056754,0.073739,0.189606,1.489937,0.002632,1.492569,0.145937,0.196012
458,1,0.640138,0.089584,0.133336,0.298669,1.365645,0.019235,1.384880,0.056724,0.065079
239,1,0.063140,0.651669,0.179031,0.158996,1.345638,0.222717,1.568355,0.102973,0.031007
40,1,0.367532,0.820008,0.273495,0.033168,1.350897,0.212193,1.563090,0.075500,0.054842
784,2,0.753783,0.104377,0.146818,0.166426,1.264564,0.032158,1.232406,0.101199,0.086283
13,0,0.215020,0.124366,0.085306,0.143191,1.501104,0.224620,1.276484,0.060064,0.063899
100,0,0.109432,0.411932,0.290872,0.437881,1.389920,0.223787,1.527886,0.114966,0.097411
933,3,0.249045,0.053330,0.426674,0.069319,1.540970,0.040233,1.560390,0.183753,0.067348
459,1,0.640138,0.045735,0.290724,0.310091,1.332032,0.019235,1.351267,0.100625,0.062451
569,1,0.580013,0.035149,0.121658,0.378842,1.501404,0.002632,1.498772,0.126111,0.193914
427,0,0.057685,0.124366,0.004281,0.015245,1.565096,0.288612,1.276484,0.010556,0.058554
932,3,0.306943,0.053330,0.308799,0.084044,1.527925,0.053278,1.560390,0.183983,0.052624
207,1,0.098098,0.651669,0.364804,0.153061,1.327698,0.240657,1.568355,0.102946,0.036943
556,0,0.580013,0.041921,0.102049,0.196312,1.494932,0.002632,1.497564,0.174256,0.195917
434,0,0.640138,0.061145,0.082004,0.018336,1.241416,0.019235,1.260651,0.011968,0.079365
667,2,0.306943,0.056754,0.022116,0.381476,1.545847,0.053278,1.492569,0.079071,0.078159
578,3,0.062358,0.651669,0.066296,0.069425,1.469929,0.098426,1.568355,0.099673,0.127750
426,0,0.057685,0.061145,0.017257,0.006498,1.549263,0.288612,1.260651,0.001881,0.055770
912,3,0.306943,0.134402,0.453226,0.030606,1.309967,0.053278,1.256689,0.039761,0.046843
445,1,0.640138,0.041653,0.202028,0.129026,1.242144,0.019235,1.261379,0.011951,0.063932
24,0,0.215020,0.058906,0.139737,0.331031,1.178202,0.224620,1.402822,0.007001,0.072998
216,0,0.098098,0.411932,0.240318,0.430571,1.373049,0.240657,1.527886,0.114543,0.090107
508,1,0.051089,0.148325,0.332094,0.062179,1.562750,0.009155,1.569688,0.091253,0.167828
414,0,0.709167,0.056754,0.090418,0.345376,1.467787,0.024783,1.492569,0.162527,0.040740
648,2,0.249045,0.058333,0.061654,0.373187,1.528374,0.040233,1.568607,0.102732,0.086819
760,2,0.078707,0.298561,0.017372,0.016667,1.286304,0.321104,1.534184,0.036234,0.073441
534,1,0.051089,0.136688,0.326115,0.440508,1.568155,0.009155,1.558999,0.097231,0.167878
822,3,0.140063,0.136688,0.088043,0.027389,1.517178,0.041822,1.558999,0.086466,0.127594
484,1,0.057694,0.254997,0.010303,0.378728,1.520553,0.053860,1.567180,0.142535,0.069614
490,0,0.051089,0.268518,0.355745,0.047291,1.516928,0.009155,1.526083,0.069871,0.173999
647,2,0.306943,0.058333,0.001639,0.382798,1.515329,0.053278,1.568607,0.102774,0.077209
462,0,0.640138,0.056754,0.088748,0.309487,1.473334,0.019235,1.492569,0.158705,0.076514
146,1,0.085850,0.171310,0.337541,0.080580,1.473073,0.201203,1.271870,0.047133,0.014901
621,2,0.753783,0.035141,0.026633,0.468910,1.476766,0.032158,1.444607,0.018931,0.083273
9,0,0.215020,0.042840,0.146318,0.097265,1.538349,0.224620,1.313729,0.000585,0.074098
11,0,0.215020,0.046079,0.135780,0.133405,1.548362,0.224620,1.323742,0.010857,0.072337
367,3,0.062358,0.820008,0.098641,0.066990,1.464664,0.098426,1.563090,0.067488,0.125331
8,0,0.215020,0.037453,0.149223,0.033645,1.435586,0.224620,1.210966,0.002248,0.074584
418,0,0.709167,0.043605,0.033493,0.401468,1.457838,0.024783,1.482620,0.105623,0.041881
415,0,0.709167,0.041921,0.117755,0.352476,1.472782,0.024783,1.497564,0.189855,0.040192
10,1,0.215020,0.820008,0.483985,0.045542,1.338470,0.224620,1.563090,0.075362,0.067216
554,0,0.580013,0.036941,0.092065,0.184583,1.491874,0.002632,1.494506,0.164269,0.195951
698,2,0.249045,0.043605,0.027908,0.326504,1.522853,0.040233,1.482620,0.013253,0.089659
759,2,0.053332,0.298561,0.353740,0.009477,1.523386,0.084022,1.534184,0.037566,0.099442
284,0,0.698184,0.036882,0.003625,0.272190,1.241580,0.031595,1.273175,0.077946,0.033461
853,3,0.753783,0.062730,0.018387,0.148740,1.322752,0.032158,1.290594,0.082726,0.063270
952,2,0.753783,0.041228,0.055250,0.027214,1.345223,0.032158,1.313065,0.009677,0.083990
450,1,0.640138,0.040069,0.309272,0.214171,1.254582,0.019235,1.273817,0.119169,0.062141
0,0,0.215020,0.051010,0.122800,0.021401,1.471324,0.224620,1.246704,0.023512,0.070167
299,0,0.698184,0.040271,0.009914,0.465128,1.370222,0.031595,1.401817,0.084269,0.033302
633,2,0.049306,0.411932,0.391522,0.053588,1.515957,0.097750,1.527886,0.062732,0.094860
496,2,0.053332,0.268518,0.359089,0.405630,1.531487,0.084022,1.526083,0.032235,0.099780
463,0,0.640138,0.041921,0.116308,0.316514,1.478330,0.019235,1.497564,0.186263,0.076054
139,1,0.085850,0.149253,0.304350,0.027342,1.477734,0.201203,1.276530,0.014614,0.009921
53,1,0.367532,0.651669,0.245466,0.139639,1.356162,0.212193,1.568355,0.102887,0.050364
425,0,0.640138,0.046079,0.110441,0.023613,1.304507,0.019235,1.323742,0.040402,0.079840
843,2,0.753783,0.037543,0.112753,0.154449,1.323433,0.032158,1.291275,0.067152,0.085430
383,1,0.640138,0.052201,0.145660,0.043373,1.263314,0.019235,1.282549,0.044404,0.064873
922,2,0.249045,0.061868,0.005040,0.041775,1.523941,0.040233,1.483708,0.046156,0.088615
439,0,0.640138,0.063821,0.034598,0.021088,1.244910,0.019235,1.264145,0.035454,0.078573
611,3,0.140063,0.061687,0.024783,0.430476,1.548476,0.041822,1.551294,0.149692,0.129600
407,0,0.709167,0.036882,0.002092,0.262722,1.248393,0.024783,1.273175,0.074229,0.042510
960,2,0.068164,0.052201,0.032629,0.001705,1.524359,0.342794,1.274440,0.018668,0.028167
56,1,0.367532,0.148325,0.256846,0.177826,1.357494,0.212193,1.569688,0.091767,0.052182
677,2,0.306943,0.041921,0.010293,0.390755,1.550842,0.053278,1.497564,0.111429,0.076862
442,0,0.640138,0.071170,0.016491,0.072610,1.221800,0.019235,1.241035,0.053608,0.078269
748,2,0.753783,0.040271,0.139988,0.286602,1.433976,0.032158,1.401817,0.094372,0.086112
476,1,0.057694,0.148325,0.040655,0.162516,1.518045,0.053860,1.569688,0.091699,0.067491
422,0,0.709167,0.040271,0.010061,0.455948,1.377034,0.024783,1.401817,0.082198,0.042350
291,0,0.698184,0.056754,0.089204,0.354830,1.460974,0.031595,1.492569,0.163534,0.031316
49,0,0.367532,0.036879,0.137415,0.205895,1.433243,0.212193,1.221050,0.063929,0.069525
295,0,0.698184,0.043605,0.032364,0.410646,1.451025,0.031595,1.482620,0.106721,0.032740
88,0,0.109432,0.268518,0.320094,0.229271,1.391722,0.223787,1.526083,0.086476,0.102283
502,0,0.051089,0.101756,0.341596,0.027230,1.542886,0.009155,1.552042,0.084020,0.173881
204,0,0.098098,0.268518,0.269663,0.222391,1.374852,0.240657,1.526083,0.086062,0.095409
12,0,0.215020,0.061145,0.095617,0.133937,1.485271,0.224620,1.260651,0.050012,0.065622
766,2,0.753783,0.042124,0.156845,0.254268,1.324662,0.032158,1.292504,0.111220,0.086534
520,0,0.051089,0.058333,0.325730,0.207916,1.563830,0.009155,1.568607,0.099885,0.173748
657,2,0.306943,0.036941,0.002461,0.407080,1.547784,0.053278,1.494506,0.098707,0.077372
720,2,0.753783,0.053223,0.188707,0.325031,1.286094,0.032158,1.253935,0.143065,0.087332
413,0,0.709167,0.036941,0.108442,0.340634,1.469723,0.024783,1.494506,0.180545,0.040379
183,1,0.143780,0.089584,0.059545,0.377960,1.513366,0.243346,1.384880,0.037125,0.012839
48,0,0.367532,0.063821,0.104536,0.170982,1.476339,0.212193,1.264145,0.096055,0.064272
448,0,0.640138,0.058906,0.028669,0.177380,1.422057,0.019235,1.402822,0.041391,0.078473
85,1,0.109432,0.171310,0.441404,0.051260,1.495657,0.223787,1.271870,0.035613,0.042920
775,3,0.753783,0.040069,0.031616,0.261760,1.309358,0.032158,1.277200,0.069505,0.062939
292,0,0.698184,0.041921,0.116497,0.362063,1.465969,0.031595,1.497564,0.190812,0.030633
931,3,0.062358,0.053330,0.017167,0.002691,1.482777,0.098426,1.560390,0.182715,0.133992
176,1,0.143780,0.041653,0.137640,0.194496,1.504725,0.243346,1.261379,0.038567,0.001579
668,2,0.249045,0.056754,0.038975,0.372066,1.532802,0.040233,1.492569,0.080073,0.087539
461,0,0.640138,0.036941,0.106841,0.304691,1.475271,0.019235,1.494506,0.176796,0.076212
940,3,0.140063,0.036686,0.085811,0.017687,1.542861,0.041822,1.556909,0.088696,0.127665
727,2,0.753783,0.038902,0.021614,0.312890,1.412806,0.032158,1.380647,0.023949,0.083147
162,0,0.085850,0.411932,0.425061,0.452890,1.412504,0.201203,1.527886,0.115834,0.112405
646,2,0.140063,0.058333,0.483624,0.309845,1.526785,0.041822,1.568607,0.102450,0.150162
347,1,0.048937,0.171310,0.121225,0.073601,1.307618,0.035748,1.271870,0.044391,0.021570
250,0,0.063140,0.411932,0.457965,0.425668,1.390990,0.222717,1.527886,0.114260,0.085209
469,1,0.640138,0.065444,0.378297,0.441499,1.256845,0.019235,1.276080,0.188176,0.060988
938,3,0.182567,0.053330,0.076460,0.083270,1.525112,0.056090,1.560390,0.183970,0.053398
678,2,0.249045,0.041921,0.071327,0.381077,1.537797,0.040233,1.497564,0.112396,0.086513
15,0,0.215020,0.093298,0.063669,0.151537,1.480056,0.224620,1.255435,0.081157,0.060281
559,0,0.580013,0.043605,0.014998,0.246514,1.479988,0.002632,1.482620,0.087072,0.196209
977,3,0.065942,0.040065,0.032325,0.001390,1.569781,0.280521,1.289260,0.030730,0.018715
173,1,0.143780,0.052201,0.082101,0.033360,1.525895,0.243346,1.282549,0.015263,0.008674
21,1,0.215020,0.651669,0.455806,0.127498,1.343735,0.224620,1.568355,0.102832,0.062506
514,1,0.051089,0.061687,0.289739,0.110179,1.542139,0.009155,1.551294,0.133606,0.168182
335,0,0.049156,0.411932,0.193678,0.370232,1.329638,0.284069,1.527886,0.111055,0.029825
117,1,0.047503,0.171310,0.439926,0.070730,1.470407,0.198537,1.271870,0.043263,0.024314
440,0,0.640138,0.036879,0.078407,0.047505,1.201815,0.019235,1.221050,0.008370,0.079305
498,2,0.049306,0.268518,0.422329,0.408249,1.517759,0.097750,1.526083,0.032078,0.097164
68,0,0.367532,0.058333,0.101698,0.445484,1.356413,0.212193,1.568607,0.098827,0.063818
761,2,0.049306,0.298561,0.416952,0.006826,1.509658,0.097750,1.534184,0.037428,0.096762
36,0,0.367532,0.038978,0.117328,0.022397,1.478062,0.212193,1.265869,0.083555,0.066315
20,0,0.215020,0.101756,0.054360,0.205423,1.364931,0.224620,1.552042,0.090233,0.058725
76,1,0.109432,0.149253,0.408438,0.056081,1.500318,0.223787,1.276530,0.003472,0.037424
222,0,0.049156,0.037453,0.321012,0.014440,1.495035,0.284069,1.210966,0.011179,0.056582
316,0,0.049156,0.042840,0.315507,0.077971,1.543795,0.284069,1.313729,0.005895,0.055425
966,3,0.053332,0.035035,0.372026,0.004852,1.550049,0.084022,1.507522,0.086113,0.050165
901,3,0.140063,0.069582,0.004211,0.006025,1.453901,0.041822,1.412079,0.178449,0.130513
840,2,0.124362,0.114350,0.172411,0.141066,1.554605,0.328895,1.225710,0.092762,0.032618
324,0,0.049156,0.268518,0.223428,0.162998,1.331441,0.284069,1.526083,0.082497,0.036076
658,2,0.249045,0.036941,0.058625,0.397507,1.534739,0.040233,1.494506,0.099705,0.086916
178,1,0.143780,0.044824,0.188263,0.253131,1.502612,0.243346,1.259266,0.087633,0.010925
330,0,0.049156,0.058906,0.296997,0.309260,1.118753,0.284069,1.402822,0.011874,0.051536
317,0,0.049156,0.046079,0.304781,0.113639,1.533782,0.284069,1.323742,0.004402,0.053171
108,1,0.047503,0.149253,0.406786,0.037221,1.475067,0.198537,1.276530,0.010783,0.019376
961,2,0.124362,0.052201,0.099806,0.015456,1.538257,0.328895,1.274440,0.024052,0.015021
225,1,0.048937,0.149253,0.087099,0.038502,1.312278,0.035748,1.276530,0.010287,0.020602
236,0,0.063140,0.268518,0.487209,0.217039,1.392793,0.222717,1.526083,0.085741,0.090063
967,3,0.049306,0.035035,0.313100,0.016569,1.536321,0.097750,1.507522,0.087102,0.038472
6,0,0.049156,0.051010,0.293904,0.001105,1.530773,0.284069,1.246704,0.014843,0.050886
66,1,0.367532,0.089584,0.294484,0.305674,1.544519,0.212193,1.384880,0.054992,0.058195
290,0,0.698184,0.036941,0.107220,0.350176,1.462911,0.031595,1.494506,0.181540,0.030865
177,1,0.143780,0.148325,0.002832,0.253319,1.326341,0.243346,1.569688,0.092103,0.023311
832,2,0.306943,0.114350,0.169456,0.086392,1.278988,0.053278,1.225710,0.068061,0.084057
684,2,0.182567,0.041921,0.499224,0.387965,1.553655,0.056090,1.497564,0.111708,0.079644
632,2,0.078707,0.411932,0.009022,0.081256,1.292603,0.321104,1.527886,0.061132,0.067217
51,0,0.367532,0.071170,0.082928,0.219637,1.453228,0.212193,1.241035,0.117166,0.060819
959,2,0.124362,0.041228,0.109516,0.096133,1.499633,0.328895,1.313065,0.033242,0.017375
17,0,0.215020,0.036879,0.084233,0.199717,1.445670,0.224620,1.221050,0.061109,0.063719
603,2,0.753783,0.074852,0.234911,0.494573,1.287317,0.032158,1.255158,0.189243,0.088489
452,0,0.640138,0.193401,0.088723,0.215233,1.209972,0.019235,1.229207,0.158680,0.076514
73,1,0.367532,0.254997,0.204711,0.404489,1.354986,0.212193,1.567180,0.142707,0.043852
280,0,0.698184,0.074852,0.077730,0.251421,1.223563,0.031595,1.255158,0.152066,0.031604
281,0,0.698184,0.193401,0.106070,0.263672,1.197612,0.031595,1.229207,0.180391,0.030894
690,3,0.753783,0.068493,0.095682,0.386528,1.307158,0.032158,1.274999,0.196731,0.066126
739,3,0.753783,0.065444,0.025361,0.302848,1.308239,0.032158,1.276080,0.126449,0.064365
607,2,0.753783,0.193401,0.236759,0.371731,1.261365,0.032158,1.229207,0.191090,0.088535
545,0,0.580013,0.193401,0.029587,0.088195,1.226575,0.002632,1.229207,0.101739,0.196160
403,0,0.709167,0.074852,0.075825,0.241498,1.230375,0.024783,1.255158,0.147939,0.041032
488,1,0.580013,0.171310,0.221433,0.106403,1.269238,0.002632,1.271870,0.026335,0.193581
568,0,0.580013,0.104377,0.117559,0.384456,1.229774,0.002632,1.232406,0.189769,0.195866
404,0,0.709167,0.193401,0.103727,0.253500,1.204424,0.024783,1.229207,0.175832,0.040473
905,3,0.753783,0.069582,0.091180,0.071347,1.444238,0.032158,1.412079,0.192232,0.066014
706,2,0.124362,0.043605,0.070761,0.408512,1.330077,0.328895,1.482620,0.003436,0.007982
551,1,0.580013,0.089584,0.158670,0.167687,1.382248,0.002632,1.384880,0.089099,0.193791
319,0,0.049156,0.124366,0.255662,0.121196,1.560553,0.284069,1.276484,0.051554,0.042850
301,0,0.054041,0.042840,0.081564,0.020276,1.511032,0.197304,1.313729,0.025277,0.000425
980,2,0.124362,0.069140,0.036274,0.039567,1.503034,0.328895,1.309664,0.036075,0.000377
211,0,0.098098,0.058906,0.360193,0.370356,1.162164,0.240657,1.402822,0.001801,0.111765
149,0,0.085850,0.268518,0.454137,0.243771,1.414306,0.201203,1.526083,0.087346,0.116768
917,3,0.182567,0.134402,0.068123,0.030304,1.312779,0.056090,1.256689,0.039637,0.047130
734,2,0.124362,0.038902,0.069665,0.389723,1.432050,0.328895,1.380647,0.004472,0.007716
451,0,0.640138,0.074852,0.062263,0.203689,1.235923,0.019235,1.255158,0.132218,0.076956
153,1,0.085850,0.041653,0.323886,0.182658,1.462582,0.201203,1.261379,0.033755,0.012852
95,0,0.109432,0.058906,0.411996,0.376280,1.179035,0.223787,1.402822,0.003127,0.117605
605,2,0.306943,0.193401,0.292449,0.371257,1.282485,0.053278,1.229207,0.190878,0.088981
315,0,0.054041,0.298561,0.023587,0.495891,1.410105,0.197304,1.534184,0.077728,0.016082
929,2,0.124362,0.061868,0.036702,0.131007,1.328989,0.328895,1.483708,0.035670,0.000273
302,0,0.054041,0.046079,0.070282,0.056636,1.521046,0.197304,1.323742,0.014218,0.002106
815,3,0.753783,0.044874,0.001756,0.203966,1.330403,0.032158,1.298244,0.099349,0.063686
466,0,0.640138,0.043605,0.031407,0.365732,1.463386,0.019235,1.482620,0.101344,0.077472
676,2,0.140063,0.041921,0.467339,0.317767,1.539386,0.041822,1.497564,0.118720,0.149645
184,1,0.143780,0.045735,0.216051,0.357651,1.546979,0.243346,1.351267,0.114566,0.016055
666,2,0.140063,0.056754,0.499271,0.308745,1.534391,0.041822,1.492569,0.086817,0.150658
593,3,0.053332,0.148325,0.369914,0.471373,1.485665,0.084022,1.569688,0.088217,0.050299
304,0,0.054041,0.124366,0.024556,0.067099,1.473787,0.197304,1.276484,0.030622,0.008922
163,1,0.085850,0.089584,0.247877,0.363422,1.555509,0.201203,1.384880,0.040718,0.001448
132,0,0.047503,0.411932,0.357467,0.442048,1.415170,0.198537,1.527886,0.115207,0.101573
318,0,0.049156,0.061145,0.266404,0.112394,1.544720,0.284069,1.260651,0.041242,0.045107
327,1,0.049156,0.651669,0.472174,0.069582,1.284286,0.284069,1.568355,0.102575,0.120421
141,1,0.085850,0.052201,0.268512,0.019573,1.483752,0.201203,1.282549,0.020500,0.004544
193,0,0.098098,0.042840,0.345232,0.133392,1.554386,0.240657,1.313729,0.012719,0.109062
872,3,0.306943,0.035624,0.480441,0.176487,1.418468,0.053278,1.365190,0.012585,0.045753
185,1,0.143780,0.068493,0.236806,0.396073,1.518345,0.243346,1.274999,0.134682,0.019887
963,3,0.306943,0.040065,0.472861,0.027083,1.342538,0.053278,1.289260,0.020154,0.046057
156,1,0.085850,0.044824,0.374674,0.243096,1.460469,0.201203,1.259266,0.083515,0.020473
201,1,0.098098,0.171310,0.499769,0.031998,1.512528,0.240657,1.271870,0.028044,0.061327
656,2,0.140063,0.036941,0.479761,0.334189,1.536327,0.041822,1.494506,0.106309,0.150039
186,1,0.143780,0.254997,0.049919,0.481390,1.323833,0.243346,1.567180,0.143220,0.033047
35,1,0.215020,0.254997,0.414984,0.392661,1.342559,0.224620,1.567180,0.142628,0.055681
196,0,0.098098,0.046079,0.335043,0.169384,1.564400,0.240657,1.323742,0.022608,0.107221
191,0,0.098098,0.037453,0.343214,0.070043,1.451623,0.240657,1.210966,0.014677,0.108698
308,0,0.054041,0.268518,0.025237,0.110540,1.418206,0.197304,1.526083,0.079347,0.016328
77,0,0.109432,0.042840,0.393783,0.139082,1.537516,0.223787,1.313729,0.014630,0.114568
16,0,0.215020,0.063821,0.051044,0.164580,1.488766,0.224620,1.264145,0.093466,0.058171
376,0,0.063614,0.046079,0.011022,0.037785,1.560573,0.236830,1.323742,0.020378,0.020393
7,0,0.215020,0.038978,0.063812,0.016097,1.490489,0.224620,1.265869,0.081018,0.060305
120,0,0.047503,0.268518,0.386561,0.232901,1.416972,0.198537,1.526083,0.086693,0.105908
80,0,0.109432,0.046079,0.383646,0.175218,1.547529,0.223787,1.323742,0.024513,0.112878
782,2,0.306943,0.104377,0.203056,0.167360,1.285684,0.053278,1.232406,0.101613,0.085402
303,0,0.054041,0.061145,0.036497,0.057529,1.457955,0.197304,1.260651,0.018907,0.007141
233,1,0.063140,0.171310,0.316538,0.039840,1.494587,0.222717,1.271870,0.031126,0.053832
198,0,0.098098,0.124366,0.282368,0.178517,1.517141,0.240657,1.276484,0.073732,0.097705
75,0,0.109432,0.037453,0.390985,0.075809,1.434753,0.223787,1.210966,0.017358,0.114102
420,0,0.709167,0.053223,0.122923,0.434871,1.229152,0.024783,1.253935,0.195021,0.040089
790,2,0.124362,0.104377,0.204197,0.215170,1.561301,0.328895,1.232406,0.122843,0.040322
378,0,0.063614,0.124366,0.033433,0.046897,1.513314,0.236830,1.276484,0.022806,0.028256
619,2,0.306943,0.035141,0.082795,0.471616,1.497885,0.053278,1.444607,0.018476,0.080588
349,1,0.048937,0.041653,0.107030,0.173928,1.297126,0.035748,1.261379,0.030205,0.021168
945,3,0.053332,0.036686,0.367880,0.059573,1.500661,0.084022,1.556909,0.090244,0.050427
54,1,0.367532,0.041653,0.360872,0.123912,1.473572,0.212193,1.261379,0.009873,0.068802
640,3,0.753783,0.045735,0.030568,0.436614,1.383426,0.032158,1.351267,0.131654,0.064496
544,0,0.580013,0.074852,0.008082,0.078158,1.252526,0.002632,1.255158,0.080020,0.196232
849,2,0.124362,0.037543,0.167325,0.210700,1.521423,0.328895,1.291275,0.087949,0.031385
5,0,0.098098,0.051010,0.318344,0.057320,1.487361,0.240657,1.246704,0.038815,0.104204
82,0,0.109432,0.124366,0.330544,0.185121,1.500271,0.223787,1.276484,0.076287,0.104025
297,0,0.698184,0.053223,0.124941,0.445046,1.222340,0.031595,1.253935,0.199251,0.030422
127,0,0.047503,0.058906,0.478678,0.378338,1.204285,0.198537,1.402822,0.003588,0.119633
124,1,0.047503,0.041653,0.426128,0.172783,1.459916,0.198537,1.261379,0.029740,0.022258
192,1,0.098098,0.149253,0.466949,0.074864,1.517188,0.240657,1.276530,0.003809,0.055397
311,0,0.054041,0.058906,0.029856,0.248734,1.205518,0.197304,1.402822,0.025421,0.008131
351,1,0.048937,0.044824,0.159433,0.240803,1.295014,0.035748,1.259266,0.082574,0.022655
275,0,0.698184,0.040559,0.057496,0.174480,1.241047,0.031595,1.272642,0.131842,0.032110
41,1,0.367532,0.052201,0.307206,0.038528,1.494742,0.212193,1.282549,0.042563,0.060228
2,0,0.109432,0.051010,0.366310,0.063423,1.470491,0.223787,1.246704,0.041416,0.109988
323,0,0.049156,0.036879,0.256210,0.177628,1.505119,0.284069,1.221050,0.051027,0.042965
58,1,0.367532,0.044824,0.411351,0.183825,1.471459,0.212193,1.259266,0.059193,0.076867
30,0,0.215020,0.058333,0.045515,0.438912,1.343986,0.224620,1.568607,0.098857,0.057246
501,0,0.580013,0.071170,0.072683,0.052385,1.238402,0.002632,1.241035,0.000420,0.196501
223,1,0.063140,0.149253,0.283634,0.067521,1.499247,0.222717,1.276530,0.000963,0.048370
455,0,0.640138,0.036882,0.010569,0.225409,1.253941,0.019235,1.273175,0.059584,0.078170
704,2,0.068164,0.043605,0.057862,0.394716,1.316178,0.342794,1.482620,0.005087,0.021723
884,2,0.753783,0.042171,0.063895,0.097633,1.345450,0.032158,1.377608,0.109389,0.081006
957,2,0.068164,0.041228,0.022223,0.082213,1.485734,0.342794,1.313065,0.028482,0.030829
838,2,0.068164,0.114350,0.039214,0.126350,1.568504,0.342794,1.225710,0.086114,0.046463
547,1,0.580013,0.070098,0.331683,0.096192,1.260123,0.002632,1.262755,0.083915,0.193213
398,0,0.709167,0.040559,0.055894,0.164727,1.247859,0.024783,1.272642,0.128015,0.041432
827,3,0.053332,0.136688,0.373056,0.104888,1.474977,0.084022,1.558999,0.085086,0.050100
179,1,0.143780,0.040069,0.238501,0.258042,1.517163,0.243346,1.273817,0.136325,0.020199
428,0,0.057685,0.093298,0.013499,0.022491,1.544047,0.288612,1.255435,0.027587,0.062366
919,3,0.065942,0.134402,0.052531,0.055750,1.537210,0.280521,1.256689,0.050150,0.022932
902,3,0.062358,0.069582,0.012215,0.002877,1.510505,0.098426,1.412079,0.177785,0.133622
164,1,0.085850,0.045735,0.403675,0.348661,1.552471,0.201203,1.351267,0.111931,0.024824
321,0,0.049156,0.093298,0.234753,0.128571,1.539504,0.284069,1.255435,0.071625,0.038456
862,3,0.306943,0.063876,0.429609,0.155351,1.370636,0.053278,1.317358,0.063345,0.047788
732,2,0.068164,0.038902,0.060843,0.376231,1.418151,0.342794,1.380647,0.007893,0.020962
914,3,0.058430,0.134402,0.423369,0.059904,1.439776,0.183086,1.256689,0.051866,0.018981
675,2,0.124362,0.056754,0.000933,0.468917,1.320128,0.328895,1.492569,0.069758,0.009003
557,1,0.580013,0.068493,0.311854,0.214778,1.272367,0.002632,1.274999,0.064086,0.193279
377,0,0.063614,0.061145,0.021096,0.037650,1.497482,0.236830,1.260651,0.010814,0.026072
63,0,0.367532,0.036882,0.083408,0.370922,1.485369,0.212193,1.273175,0.116697,0.060896
307,0,0.054041,0.036879,0.029112,0.123130,1.418353,0.197304,1.221050,0.026151,0.008242
128,1,0.047503,0.044824,0.476884,0.233272,1.457803,0.198537,1.259266,0.079484,0.029820
92,1,0.109432,0.041653,0.427360,0.153547,1.485166,0.223787,1.261379,0.021920,0.040578
133,1,0.047503,0.089584,0.351741,0.353524,1.558175,0.198537,1.384880,0.043165,0.011174
111,1,0.047503,0.052201,0.371024,0.009665,1.481086,0.198537,1.282549,0.024266,0.014047
594,3,0.049306,0.148325,0.312032,0.483120,1.471937,0.097750,1.569688,0.088165,0.038552
109,0,0.047503,0.042840,0.459318,0.141335,1.512266,0.198537,1.313729,0.015386,0.116749
918,3,0.052017,0.134402,0.052056,0.059291,1.547934,0.336969,1.256689,0.051613,0.019564
155,1,0.085850,0.148325,0.195508,0.236418,1.368484,0.201203,1.569688,0.092028,0.006410
878,3,0.052017,0.035624,0.083356,0.211207,1.439434,0.336969,1.365190,0.022085,0.011772
713,3,0.053332,0.254997,0.320609,0.143254,1.483157,0.084022,1.567180,0.137346,0.053417
754,2,0.124362,0.040271,0.186238,0.337477,1.410880,0.328895,1.401817,0.105848,0.035969
72,1,0.367532,0.068493,0.461528,0.328114,1.487192,0.212193,1.274999,0.108219,0.084883
879,3,0.065942,0.035624,0.021949,0.206328,1.495882,0.280521,1.365190,0.020750,0.016547
874,3,0.058430,0.035624,0.454495,0.208227,1.548277,0.183086,1.365190,0.021270,0.014688
181,1,0.143780,0.070098,0.258587,0.273871,1.506101,0.243346,1.262755,0.155793,0.023908
101,1,0.109432,0.089584,0.356085,0.335694,1.532925,0.223787,1.384880,0.047572,0.028695
563,1,0.580013,0.065444,0.382310,0.303453,1.273448,0.002632,1.276080,0.134542,0.193043
831,3,0.065357,0.136688,0.387518,0.248789,1.253104,0.305895,1.558999,0.082524,0.093788
305,0,0.054041,0.093298,0.005271,0.075672,1.452739,0.197304,1.255435,0.049666,0.011816
107,0,0.047503,0.037453,0.456202,0.078137,1.409503,0.198537,1.210966,0.018441,0.116284
606,2,0.249045,0.193401,0.228862,0.363771,1.269440,0.040233,1.229207,0.187523,0.096031
197,0,0.098098,0.061145,0.291917,0.169439,1.501309,0.240657,1.260651,0.064464,0.099430
470,0,0.640138,0.040271,0.004441,0.419850,1.382582,0.019235,1.401817,0.074056,0.077928
833,2,0.249045,0.114350,0.105419,0.077825,1.265943,0.040233,1.225710,0.064190,0.092117
112,0,0.047503,0.046079,0.449194,0.177654,1.522279,0.198537,1.323742,0.025309,0.115240
473,1,0.057694,0.171310,0.160089,0.030758,1.218011,0.053860,1.271870,0.027557,0.062511
168,1,0.085850,0.068493,0.423602,0.387784,1.476202,0.201203,1.274999,0.131455,0.027814
468,0,0.640138,0.053223,0.109276,0.396895,1.234700,0.019235,1.253935,0.179231,0.076171
574,1,0.580013,0.063876,0.412971,0.461964,1.314725,0.002632,1.317358,0.165203,0.192941
355,1,0.048937,0.045735,0.189209,0.350019,1.387015,0.035748,1.351267,0.112329,0.023500
701,2,0.053332,0.043605,0.376783,0.315218,1.566643,0.084022,1.482620,0.014604,0.100899
19,0,0.215020,0.071170,0.029656,0.213056,1.465655,0.224620,1.241035,0.114322,0.054594
573,1,0.580013,0.062730,0.412104,0.458452,1.287961,0.002632,1.290594,0.164336,0.192944
497,2,0.078707,0.268518,0.023157,0.430619,1.294406,0.321104,1.526083,0.030735,0.074816
346,1,0.048937,0.052201,0.050345,0.003935,1.318297,0.035748,1.282549,0.026449,0.019559
801,3,0.065357,0.035149,0.424829,0.396487,1.192877,0.305895,1.498772,0.046945,0.102215
877,3,0.182567,0.035624,0.095275,0.176283,1.421280,0.056090,1.365190,0.012529,0.045952
693,2,0.753783,0.035316,0.246439,0.361623,1.263337,0.032158,1.231179,0.200765,0.088777
81,0,0.109432,0.061145,0.339967,0.175915,1.484438,0.223787,1.260651,0.067100,0.105596
971,3,0.058430,0.040065,0.443863,0.004053,1.472347,0.183086,1.289260,0.031721,0.016155
946,3,0.049306,0.036686,0.309707,0.071276,1.486933,0.097750,1.556909,0.090478,0.038726
79,1,0.109432,0.052201,0.372898,0.008568,1.506336,0.223787,1.282549,0.031180,0.031498
976,3,0.052017,0.040065,0.072458,0.005792,1.515363,0.336969,1.289260,0.032367,0.014485
354,1,0.048937,0.089584,0.031651,0.345532,1.420628,0.035748,1.384880,0.045140,0.019028
96,1,0.109432,0.044824,0.477913,0.213107,1.483053,0.223787,1.259266,0.071209,0.049007
975,3,0.182567,0.040065,0.087724,0.027315,1.345351,0.056090,1.289260,0.020067,0.046280
380,0,0.063614,0.036879,0.027406,0.102965,1.457880,0.236830,1.221050,0.016947,0.027189
356,1,0.048937,0.068493,0.209867,0.391683,1.310747,0.035748,1.274999,0.132973,0.024086
541,0,0.580013,0.058906,0.004626,0.057887,1.405454,0.002632,1.402822,0.068137,0.196272
880,3,0.065357,0.035624,0.417936,0.326082,1.470508,0.305895,1.365190,0.053517,0.100658
3,0,0.047503,0.051010,0.431556,0.066192,1.445241,0.198537,1.246704,0.042596,0.112612
671,2,0.053332,0.056754,0.310100,0.362894,1.565001,0.084022,1.492569,0.081050,0.096682
67,1,0.367532,0.045735,0.447545,0.289386,1.563460,0.212193,1.351267,0.094556,0.082649
206,0,0.098098,0.101756,0.264383,0.241160,1.348894,0.240657,1.552042,0.091187,0.094455
190,0,0.049156,0.038978,0.234593,0.006911,1.549937,0.284069,1.265869,0.071778,0.038423
94,1,0.109432,0.148325,0.310613,0.208894,1.345900,0.223787,1.569688,0.091906,0.021114
681,2,0.053332,0.041921,0.277825,0.372927,1.560006,0.084022,1.497564,0.113210,0.094640
379,0,0.063614,0.093298,0.052192,0.054882,1.492266,0.236830,1.255435,0.041036,0.031575
479,1,0.057694,0.061687,0.001572,0.209248,1.497435,0.053860,1.551294,0.130960,0.069131
703,2,0.049306,0.043605,0.440180,0.317628,1.561222,0.097750,1.482620,0.014316,0.098499
90,0,0.109432,0.101756,0.315069,0.248151,1.365764,0.223787,1.552042,0.091374,0.101445
916,3,0.049306,0.134402,0.355634,0.042753,1.354439,0.097750,1.256689,0.044780,0.035291
634,2,0.065357,0.411932,0.339201,0.063356,1.307812,0.305895,1.527886,0.062167,0.085101
381,0,0.063614,0.058906,0.041144,0.226936,1.165991,0.236830,1.402822,0.030300,0.029620
326,0,0.049156,0.101756,0.216042,0.181217,1.305482,0.284069,1.552042,0.089587,0.034524
893,2,0.249045,0.048443,0.096885,0.060931,1.476123,0.040233,1.516356,0.137932,0.085702
157,1,0.085850,0.040069,0.425288,0.249812,1.475020,0.201203,1.273817,0.133107,0.028067
925,2,0.053332,0.061868,0.343910,0.031532,1.567730,0.084022,1.483708,0.047360,0.098820
793,3,0.306943,0.035149,0.431326,0.246149,1.445494,0.053278,1.498772,0.061630,0.047719
4,0,0.085850,0.051010,0.495084,0.077062,1.447907,0.201203,1.246704,0.047226,0.122912
661,2,0.053332,0.036941,0.290483,0.388955,1.563065,0.084022,1.494506,0.100597,0.095441
417,0,0.709167,0.035316,0.090638,0.420366,1.206396,0.024783,1.231179,0.162747,0.040736
360,0,0.057685,0.042840,0.058510,0.027809,1.539252,0.288612,1.313729,0.041413,0.046922
408,0,0.709167,0.035141,0.078049,0.277907,1.419825,0.024783,1.444607,0.150163,0.040988
143,0,0.085850,0.124366,0.459815,0.199327,1.477687,0.201203,1.276484,0.081783,0.117620
62,1,0.367532,0.070098,0.482284,0.206399,1.474948,0.212193,1.262755,0.128498,0.088199
805,3,0.249045,0.041785,0.447552,0.206907,1.476949,0.040233,1.517182,0.162893,0.066686
847,2,0.068164,0.037543,0.035400,0.196020,1.507524,0.342794,1.291275,0.082522,0.045489
114,0,0.047503,0.124366,0.395832,0.188533,1.475021,0.198537,1.276484,0.077607,0.107290
533,1,0.051089,0.035149,0.294709,0.404686,1.507928,0.009155,1.498772,0.128635,0.168140
294,0,0.698184,0.035316,0.092907,0.430456,1.199584,0.031595,1.231179,0.167235,0.031224
561,0,0.580013,0.053223,0.054572,0.270697,1.251303,0.002632,1.253935,0.126760,0.196076
322,0,0.049156,0.063821,0.221906,0.141059,1.548214,0.284069,1.264145,0.083957,0.035757
285,0,0.698184,0.035141,0.077413,0.287358,1.413012,0.031595,1.444607,0.151749,0.031612
771,2,0.124362,0.042124,0.210014,0.300876,1.520193,0.328895,1.292504,0.128348,0.041731
920,3,0.065357,0.134402,0.370084,0.174364,1.562584,0.305895,1.256689,0.099149,0.089851
876,3,0.049306,0.035624,0.384445,0.189379,1.462940,0.097750,1.365190,0.016113,0.033136
352,1,0.048937,0.040069,0.211610,0.253925,1.309565,0.035748,1.273817,0.134715,0.024135
200,0,0.098098,0.093298,0.259717,0.186610,1.496093,0.240657,1.255435,0.095716,0.093612
424,0,0.057685,0.046079,0.046769,0.007947,1.529238,0.288612,1.323742,0.030162,0.049440
472,0,0.640138,0.042124,0.100642,0.470465,1.273269,0.019235,1.292504,0.170598,0.076315
238,0,0.063140,0.101756,0.481769,0.235864,1.366834,0.222717,1.552042,0.091046,0.089160
783,2,0.249045,0.104377,0.139206,0.159102,1.272639,0.040233,1.232406,0.097947,0.093188
828,3,0.049306,0.136688,0.315337,0.116685,1.461249,0.097750,1.558999,0.084876,0.038305
159,1,0.085850,0.070098,0.445337,0.266348,1.463958,0.201203,1.262755,0.152750,0.031076
446,0,0.640138,0.040559,0.043351,0.127228,1.253407,0.019235,1.272642,0.113300,0.077272
788,2,0.068164,0.104377,0.071096,0.200024,1.566393,0.342794,1.232406,0.116118,0.054603
203,0,0.098098,0.036879,0.278695,0.235181,1.461707,0.240657,1.221050,0.077296,0.097041
927,2,0.049306,0.061868,0.407300,0.034323,1.560134,0.097750,1.483708,0.047032,0.096040
915,3,0.053332,0.134402,0.418704,0.030217,1.340711,0.084022,1.256689,0.039600,0.047213
228,1,0.057694,0.149253,0.125198,0.083819,1.222671,0.053860,1.276530,0.007281,0.063966
665,2,0.124362,0.036941,0.019827,0.498702,1.318192,0.328895,1.494506,0.089151,0.013970
126,1,0.047503,0.148325,0.301930,0.226255,1.371150,0.198537,1.569688,0.091983,0.003753
306,0,0.054041,0.063821,0.008551,0.089022,1.461449,0.197304,1.264145,0.062920,0.013831
23,1,0.215020,0.148325,0.467213,0.165595,1.345067,0.224620,1.569688,0.091713,0.064412
84,0,0.109432,0.093298,0.307661,0.193553,1.479223,0.223787,1.255435,0.098597,0.100210
974,3,0.049306,0.040065,0.375617,0.014317,1.387011,0.097750,1.289260,0.024896,0.033796
235,0,0.063140,0.036879,0.498418,0.229734,1.443767,0.222717,1.221050,0.074810,0.091924
852,3,0.306943,0.062730,0.404634,0.163810,1.343871,0.053278,1.290594,0.088284,0.048788
950,2,0.306943,0.041228,0.111783,0.029532,1.366343,0.053278,1.313065,0.010470,0.081749
978,3,0.065357,0.040065,0.395466,0.120398,1.546437,0.305895,1.289260,0.074944,0.095583
232,0,0.063140,0.093298,0.479168,0.181471,1.478152,0.222717,1.255435,0.093582,0.088728
240,1,0.063140,0.041653,0.302329,0.142107,1.484095,0.222717,1.261379,0.017269,0.051474
34,0,0.215020,0.043605,0.026745,0.497845,1.434352,0.224620,1.482620,0.117160,0.054107
27,0,0.215020,0.036882,0.029859,0.364363,1.497796,0.224620,1.273175,0.114123,0.054628
113,0,0.047503,0.061145,0.405205,0.179160,1.459188,0.198537,1.260651,0.068421,0.108686
169,1,0.085850,0.254997,0.143388,0.462573,1.365976,0.201203,1.567180,0.143094,0.014230
353,1,0.048937,0.070098,0.232356,0.273014,1.298503,0.035748,1.262755,0.155446,0.024724
841,2,0.306943,0.037543,0.169080,0.155893,1.344553,0.053278,1.291275,0.067686,0.084042
717,3,0.065357,0.254997,0.330969,0.277689,1.261285,0.305895,1.567180,0.136448,0.081017
59,1,0.367532,0.040069,0.463108,0.190119,1.486010,0.212193,1.273817,0.109762,0.085136
673,2,0.049306,0.056754,0.373453,0.366077,1.551273,0.097750,1.492569,0.080711,0.093508
774,3,0.306943,0.040069,0.417508,0.277084,1.330478,0.053278,1.277200,0.075428,0.048273
87,0,0.109432,0.036879,0.326375,0.241874,1.444837,0.223787,1.221050,0.080352,0.103330
552,1,0.580013,0.045735,0.309081,0.175973,1.348635,0.002632,1.351267,0.061312,0.193288
45,0,0.367532,0.051682,0.052041,0.142821,1.305340,0.212193,1.517533,0.147346,0.055885
655,2,0.124362,0.058333,0.034664,0.477574,1.239712,0.328895,1.568607,0.103196,0.017567
570,1,0.580013,0.044874,0.388242,0.419123,1.295612,0.002632,1.298244,0.140474,0.193024
542,1,0.580013,0.044824,0.256673,0.061281,1.256634,0.002632,1.259266,0.008905,0.193463
208,1,0.098098,0.041653,0.485470,0.134474,1.502036,0.240657,1.261379,0.014166,0.058743
465,0,0.640138,0.035316,0.075808,0.382185,1.211944,0.019235,1.231179,0.145765,0.076730
867,3,0.182567,0.063876,0.044505,0.154973,1.373448,0.056090,1.317358,0.063218,0.048154
105,1,0.109432,0.254997,0.258293,0.435951,1.343392,0.223787,1.567180,0.142917,0.012391
456,0,0.640138,0.035141,0.074155,0.241851,1.425372,0.019235,1.444607,0.144112,0.076758
217,1,0.098098,0.089584,0.417265,0.317656,1.516055,0.240657,1.384880,0.052030,0.046421
142,0,0.085850,0.061145,0.468957,0.189982,1.461854,0.201203,1.260651,0.072826,0.118991
683,2,0.049306,0.041921,0.341148,0.376485,1.546278,0.097750,1.497564,0.112855,0.091092
752,2,0.068164,0.040271,0.056551,0.322338,1.396981,0.342794,1.401817,0.102433,0.050891
251,1,0.063140,0.089584,0.232936,0.324236,1.533996,0.222717,1.384880,0.050404,0.039955
826,3,0.058430,0.136688,0.390052,0.131415,1.375913,0.183086,1.558999,0.084614,0.023576
620,2,0.249045,0.035141,0.021181,0.462687,1.484840,0.040233,1.444607,0.019975,0.089446
875,3,0.053332,0.035624,0.445746,0.176743,1.449212,0.084022,1.365190,0.012655,0.045503
663,2,0.049306,0.036941,0.353825,0.392366,1.549337,0.097750,1.494506,0.100241,0.092040
576,0,0.580013,0.042171,0.126183,0.494451,1.380240,0.002632,1.377608,0.053933,0.196680
592,3,0.058430,0.148325,0.386506,0.497607,1.386601,0.183086,1.569688,0.088100,0.024065
566,0,0.580013,0.042124,0.052624,0.345872,1.289872,0.002632,1.292504,0.124810,0.196083
892,2,0.306943,0.048443,0.037562,0.070877,1.463078,0.053278,1.516356,0.138662,0.075770
795,3,0.058430,0.035149,0.416200,0.273973,1.315686,0.183086,1.498772,0.058912,0.019970
151,0,0.085850,0.101756,0.449627,0.262800,1.388348,0.201203,1.552042,0.091765,0.116091
537,1,0.580013,0.041653,0.204354,0.007182,1.258746,0.002632,1.261379,0.043414,0.193638
243,1,0.063140,0.044824,0.352841,0.201701,1.481983,0.222717,1.259266,0.066528,0.059858
746,2,0.306943,0.040271,0.196032,0.287607,1.455095,0.053278,1.401817,0.094599,0.085121
708,3,0.062358,0.254997,0.027917,0.066050,1.468754,0.098426,1.567180,0.137862,0.130621
686,2,0.124362,0.041921,0.033402,0.485143,1.315133,0.328895,1.497564,0.102001,0.017261
230,1,0.063140,0.052201,0.248184,0.020022,1.505266,0.222717,1.282549,0.035533,0.042486
564,0,0.580013,0.040271,0.025366,0.299704,1.399185,0.002632,1.401817,0.046956,0.196343
543,1,0.580013,0.040069,0.313296,0.077011,1.271185,0.002632,1.273817,0.065528,0.193274
567,1,0.580013,0.040069,0.438441,0.371281,1.274568,0.002632,1.277200,0.190672,0.192856
936,3,0.053332,0.053330,0.273865,0.080294,1.497180,0.084022,1.560390,0.183924,0.056374
973,3,0.053332,0.040065,0.438191,0.027003,1.373283,0.084022,1.289260,0.020183,0.045980
218,0,0.098098,0.058333,0.256645,0.474723,1.327949,0.240657,1.568607,0.098697,0.093057
804,3,0.306943,0.041785,0.331018,0.221881,1.463904,0.053278,1.517182,0.161795,0.051735
799,3,0.052017,0.035149,0.044157,0.272407,1.161803,0.336969,1.498772,0.059065,0.021531
122,0,0.047503,0.101756,0.381683,0.251888,1.391014,0.198537,1.552042,0.091474,0.105181
477,1,0.057694,0.044824,0.198669,0.200604,1.205406,0.053860,1.259266,0.066078,0.060902
800,3,0.065942,0.035149,0.062157,0.268989,1.218251,0.280521,1.498772,0.059399,0.024940
562,0,0.580013,0.038902,0.112080,0.280713,1.378015,0.002632,1.380647,0.184289,0.195884
195,1,0.098098,0.052201,0.431599,0.026827,1.523206,0.240657,1.282549,0.038118,0.049010
210,1,0.098098,0.148325,0.376262,0.190995,1.329030,0.240657,1.569688,0.091826,0.039013
336,0,0.049156,0.058333,0.206270,0.414136,1.284538,0.284069,1.568607,0.098967,0.032471
630,2,0.058430,0.411932,0.315227,0.019510,1.430620,0.183086,1.527886,0.064702,0.128906
102,0,0.109432,0.058333,0.307591,0.481864,1.344819,0.223787,1.568607,0.098665,0.100198
864,3,0.058430,0.063876,0.402544,0.182148,1.500444,0.183086,1.317358,0.072335,0.021853
572,0,0.580013,0.037543,0.098710,0.451901,1.288643,0.002632,1.291275,0.170916,0.195929
538,1,0.580013,0.037451,0.093364,0.000911,1.196657,0.002632,1.194025,0.154407,0.194009
188,0,0.098098,0.038978,0.260323,0.051138,1.506526,0.240657,1.265869,0.095127,0.093722
725,2,0.306943,0.038902,0.078026,0.315691,1.433925,0.053278,1.380647,0.023239,0.080397
830,3,0.052017,0.136688,0.016993,0.126694,1.222031,0.336969,1.558999,0.084698,0.028296
325,0,0.049156,0.071170,0.201303,0.188567,1.525103,0.284069,1.241035,0.103735,0.031427
548,0,0.580013,0.036882,0.061266,0.101632,1.270543,0.002632,1.273175,0.011003,0.196463
762,2,0.065357,0.298561,0.365451,0.001569,1.301513,0.305895,1.534184,0.037135,0.091029
969,3,0.052017,0.035035,0.013612,0.025920,1.297102,0.336969,1.507522,0.087891,0.029139
714,3,0.049306,0.254997,0.262680,0.154428,1.469429,0.097750,1.567180,0.137271,0.042243
764,2,0.306943,0.042124,0.212958,0.255033,1.345782,0.053278,1.292504,0.111501,0.085799
596,3,0.052017,0.148325,0.013367,0.492472,1.232719,0.336969,1.569688,0.088123,0.029200
189,0,0.063140,0.038978,0.479708,0.045994,1.488585,0.222717,1.265869,0.093056,0.088818
253,0,0.063140,0.058333,0.473900,0.469520,1.345890,0.222717,1.568607,0.098720,0.087854
575,1,0.580013,0.035624,0.420071,0.463600,1.362558,0.002632,1.365190,0.172303,0.192917
310,0,0.054041,0.101756,0.034252,0.129010,1.392247,0.197304,1.552042,0.088192,0.017673
558,0,0.580013,0.035316,0.017304,0.255456,1.228547,0.002632,1.231179,0.089399,0.196201
549,0,0.580013,0.035141,0.051740,0.121566,1.441975,0.002632,1.444607,0.123925,0.196086
309,0,0.054041,0.071170,0.027681,0.137700,1.438338,0.197304,1.241035,0.081746,0.016693
430,0,0.057685,0.036879,0.012604,0.071486,1.509662,0.288612,1.221050,0.002578,0.056768
868,3,0.052017,0.063876,0.031162,0.179137,1.487266,0.336969,1.317358,0.071325,0.024767
891,2,0.140063,0.048443,0.452777,0.002780,1.474534,0.041822,1.516356,0.133269,0.149184
949,3,0.065357,0.036686,0.376445,0.201302,1.278788,0.305895,1.556909,0.093083,0.091287
202,0,0.098098,0.063821,0.247507,0.199457,1.504803,0.240657,1.264145,0.107566,0.091406
482,1,0.057694,0.045735,0.234181,0.313196,1.297408,0.053860,1.351267,0.101535,0.059422
798,3,0.182567,0.035149,0.046059,0.245781,1.442682,0.056090,1.498772,0.061666,0.048086
802,3,0.140063,0.041785,0.006980,0.143331,1.475360,0.041822,1.517182,0.167556,0.130167
483,1,0.057694,0.068493,0.251553,0.355493,1.221139,0.053860,1.274999,0.118880,0.058697
523,0,0.051089,0.041921,0.249070,0.219186,1.488409,0.009155,1.497564,0.176541,0.173108
74,0,0.109432,0.038978,0.308360,0.058065,1.489656,0.223787,1.265869,0.097916,0.100326
242,1,0.063140,0.148325,0.190433,0.197108,1.346971,0.222717,1.569688,0.091853,0.032900
119,0,0.047503,0.036879,0.391397,0.245385,1.419587,0.198537,1.221050,0.081954,0.106629
475,1,0.057694,0.041653,0.144794,0.129848,1.207519,0.053860,1.261379,0.012286,0.063149
234,0,0.063140,0.063821,0.466881,0.194507,1.486862,0.222717,1.264145,0.105565,0.086689
116,0,0.047503,0.093298,0.372790,0.197390,1.453973,0.198537,1.255435,0.100190,0.103856
499,2,0.065357,0.268518,0.371061,0.413121,1.309615,0.305895,1.526083,0.031785,0.092296
770,2,0.068164,0.042124,0.078136,0.285617,1.506295,0.342794,1.292504,0.122740,0.056399
724,2,0.124362,0.053223,0.242959,0.364621,1.558762,0.328895,1.253935,0.159526,0.049716
970,3,0.065357,0.035035,0.371310,0.145426,1.328176,0.305895,1.507522,0.097980,0.090128
86,0,0.109432,0.063821,0.295512,0.206570,1.487933,0.223787,1.264145,0.110442,0.098184
60,0,0.367532,0.074852,0.010970,0.336594,1.467351,0.212193,1.255158,0.187481,0.049322
145,0,0.085850,0.093298,0.436455,0.208184,1.456639,0.201203,1.255435,0.104671,0.114115
333,0,0.049156,0.036882,0.200482,0.339906,1.557244,0.284069,1.273175,0.104524,0.031255
180,1,0.143780,0.061687,0.034533,0.308605,1.346952,0.243346,1.551294,0.128306,0.030207
148,0,0.085850,0.036879,0.454580,0.256246,1.422253,0.201203,1.221050,0.086912,0.116834
252,1,0.063140,0.045735,0.386863,0.306960,1.567609,0.222717,1.351267,0.099707,0.065506
522,0,0.051089,0.056754,0.277253,0.212348,1.483414,0.009155,1.492569,0.148359,0.173343
610,2,0.124362,0.193401,0.290090,0.400820,1.558102,0.328895,1.229207,0.204129,0.061139
869,3,0.065357,0.063876,0.358541,0.294872,1.518340,0.305895,1.317358,0.110156,0.087244
521,0,0.051089,0.036941,0.258961,0.207414,1.485350,0.009155,1.494506,0.166650,0.173191
612,3,0.062358,0.061687,0.016081,0.428570,1.491872,0.098426,1.551294,0.149641,0.131506
866,3,0.049306,0.063876,0.333207,0.166531,1.415108,0.097750,1.317358,0.067096,0.036968
478,1,0.057694,0.040069,0.253282,0.217848,1.219957,0.053860,1.273817,0.120607,0.058625
651,2,0.053332,0.058333,0.288379,0.364699,1.484585,0.084022,1.568607,0.102694,0.095308
221,1,0.098098,0.254997,0.323739,0.418819,1.326522,0.240657,1.567180,0.142802,0.029523
718,2,0.306943,0.053223,0.244683,0.325308,1.307213,0.053278,1.253935,0.143180,0.087069
797,3,0.049306,0.035149,0.339807,0.257424,1.401022,0.097750,1.498772,0.060528,0.036474
779,3,0.182567,0.040069,0.032440,0.276661,1.333290,0.056090,1.277200,0.075265,0.048677
842,2,0.249045,0.037543,0.105803,0.147476,1.331508,0.040233,1.291275,0.064574,0.092129
951,2,0.249045,0.041228,0.048618,0.020669,1.353297,0.040233,1.313065,0.007439,0.090316
165,0,0.085850,0.058333,0.442652,0.496710,1.367403,0.201203,1.568607,0.098599,0.115044
312,0,0.054041,0.036882,0.030642,0.289274,1.470479,0.197304,1.273175,0.084651,0.017134
256,1,0.063140,0.068493,0.402591,0.345645,1.497716,0.222717,1.274999,0.115046,0.068117
134,0,0.047503,0.058333,0.374363,0.485757,1.370070,0.198537,1.568607,0.098648,0.104091
480,1,0.057694,0.070098,0.274130,0.238348,1.208895,0.053860,1.262755,0.141422,0.057756
857,3,0.182567,0.062730,0.019576,0.163345,1.346684,0.056090,1.290594,0.088112,0.049235
137,1,0.047503,0.254997,0.249849,0.452350,1.368643,0.198537,1.567180,0.143026,0.004007
187,1,0.143780,0.065444,0.304022,0.471493,1.519426,0.243346,1.276080,0.199830,0.032296
814,3,0.306943,0.044874,0.388236,0.218754,1.351522,0.053278,1.298244,0.104659,0.049444
314,0,0.054041,0.040271,0.033911,0.481038,1.542472,0.197304,1.401817,0.087858,0.017622
61,1,0.367532,0.061687,0.217369,0.232509,1.378105,0.212193,1.551294,0.130339,0.045875
341,0,0.049156,0.043605,0.190443,0.472782,1.374903,0.284069,1.482620,0.114160,0.029145
776,3,0.058430,0.040069,0.389293,0.302779,1.460286,0.183086,1.277200,0.085360,0.023681
747,2,0.249045,0.040271,0.134045,0.279588,1.442050,0.040233,1.401817,0.092790,0.093025
589,3,0.062358,0.148325,0.077466,0.394757,1.471262,0.098426,1.569688,0.088558,0.126915
106,0,0.047503,0.038978,0.373542,0.061885,1.464406,0.198537,1.265869,0.099453,0.103968
865,3,0.053332,0.063876,0.395193,0.154409,1.401380,0.084022,1.317358,0.063028,0.048700
625,2,0.049306,0.035141,0.433044,0.454100,1.542358,0.097750,1.444607,0.021416,0.097965
780,3,0.052017,0.040069,0.018144,0.298256,1.527424,0.336969,1.277200,0.083612,0.028010
14,0,0.215020,0.051682,0.004840,0.135768,1.292913,0.224620,1.517533,0.147863,0.048842
70,0,0.367532,0.056754,0.026386,0.438198,1.436830,0.212193,1.492569,0.172413,0.051786
244,1,0.063140,0.040069,0.404201,0.207641,1.496534,0.222717,1.273817,0.116615,0.068384
601,2,0.306943,0.074852,0.290628,0.494132,1.308436,0.053278,1.255158,0.189060,0.088908
965,3,0.058430,0.035035,0.386284,0.030973,1.450984,0.183086,1.507522,0.088318,0.024096
623,2,0.053332,0.035141,0.369527,0.451605,1.528630,0.084022,1.444607,0.021835,0.100440
765,2,0.249045,0.042124,0.149816,0.246996,1.332737,0.040233,1.292504,0.108547,0.093525
205,0,0.098098,0.071170,0.225119,0.247694,1.481692,0.240657,1.241035,0.129295,0.087361
138,0,0.085850,0.038978,0.437350,0.072668,1.467072,0.201203,1.265869,0.103794,0.114249
313,0,0.054041,0.058333,0.045474,0.362320,1.371303,0.197304,1.568607,0.099198,0.019345
432,0,0.057685,0.058906,0.024655,0.191291,1.114210,0.288612,1.402822,0.038278,0.064759
941,3,0.062358,0.036686,0.077312,0.016949,1.486257,0.098426,1.556909,0.088711,0.126926
944,3,0.058430,0.036686,0.383795,0.085564,1.401597,0.183086,1.556909,0.090764,0.024439
898,2,0.182567,0.048443,0.472424,0.068162,1.460266,0.056090,1.516356,0.138462,0.078482
118,0,0.047503,0.063821,0.360657,0.210625,1.462682,0.198537,1.264145,0.112081,0.102048
854,3,0.058430,0.062730,0.377169,0.188197,1.473680,0.183086,1.290594,0.097277,0.025353
726,2,0.249045,0.038902,0.015622,0.306654,1.420880,0.040233,1.380647,0.025530,0.089270
429,0,0.057685,0.063821,0.027549,0.034929,1.552757,0.288612,1.264145,0.041051,0.065380
903,3,0.306943,0.069582,0.297767,0.084460,1.465357,0.053278,1.412079,0.194999,0.053066
810,3,0.182567,0.041785,0.054300,0.221178,1.461092,0.056090,1.517182,0.161847,0.052437
937,3,0.049306,0.053330,0.215628,0.090907,1.483452,0.097750,1.560390,0.184089,0.045762
758,2,0.058430,0.298561,0.341114,0.042474,1.424322,0.183086,1.534184,0.039257,0.132476
55,0,0.367532,0.040559,0.032259,0.263244,1.484836,0.212193,1.272642,0.166674,0.052724
257,1,0.063140,0.254997,0.138154,0.424121,1.344463,0.222717,1.567180,0.142838,0.024221
796,3,0.053332,0.035149,0.396508,0.245249,1.414750,0.084022,1.498772,0.061718,0.048617
237,0,0.063140,0.071170,0.444596,0.243073,1.463751,0.222717,1.241035,0.127297,0.082990
712,3,0.058430,0.254997,0.336558,0.165717,1.384093,0.183086,1.567180,0.137196,0.030954
89,0,0.109432,0.071170,0.272872,0.255145,1.464822,0.223787,1.241035,0.132516,0.094410
778,3,0.049306,0.040069,0.320626,0.287912,1.374950,0.097750,1.277200,0.079614,0.037909
147,0,0.085850,0.063821,0.424447,0.221397,1.465349,0.201203,1.264145,0.116436,0.112313
247,1,0.063140,0.070098,0.423610,0.223814,1.485472,0.222717,1.262755,0.135543,0.071605
737,3,0.306943,0.065444,0.360792,0.317297,1.329358,0.053278,1.276080,0.132063,0.050543
158,1,0.085850,0.061687,0.157986,0.290435,1.389095,0.201203,1.551294,0.128792,0.012040
64,0,0.367532,0.035141,0.032914,0.372476,1.484792,0.212193,1.444607,0.166034,0.052829
858,3,0.052017,0.062730,0.006002,0.182278,1.514030,0.336969,1.290594,0.095095,0.031040
837,2,0.078707,0.114350,0.120279,0.071723,1.546814,0.321104,1.225710,0.061433,0.097858
948,3,0.052017,0.036686,0.010687,0.080134,1.247714,0.336969,1.556909,0.090656,0.029869
481,1,0.057694,0.089584,0.075438,0.297690,1.331021,0.053860,1.384880,0.056966,0.066041
170,1,0.085850,0.065444,0.491051,0.465599,1.477283,0.201203,1.276080,0.197540,0.037935
384,1,0.057694,0.052201,0.087760,0.044055,1.228689,0.053860,1.282549,0.044663,0.065527
926,2,0.078707,0.061868,0.009093,0.058989,1.336781,0.321104,1.483708,0.044133,0.071467
357,1,0.048937,0.065444,0.279307,0.478016,1.311828,0.035748,1.276080,0.202364,0.026056
214,0,0.098098,0.036882,0.226774,0.398927,1.513833,0.240657,1.273175,0.127689,0.087660
702,2,0.078707,0.043605,0.042854,0.336712,1.337868,0.321104,1.482620,0.012031,0.079492
723,2,0.068164,0.053223,0.110315,0.348945,1.544863,0.342794,1.253935,0.153008,0.064610
890,2,0.124362,0.042171,0.070983,0.207068,1.048713,0.328895,1.377608,0.137569,0.026369
71,0,0.367532,0.041921,0.000637,0.440413,1.431835,0.212193,1.497564,0.198638,0.047497
495,2,0.058430,0.268518,0.346215,0.372196,1.432423,0.183086,1.526083,0.034242,0.133180
955,2,0.078707,0.041228,0.065411,0.026330,1.507424,0.321104,1.313065,0.009375,0.084844
719,2,0.249045,0.053223,0.181216,0.317466,1.294168,0.040233,1.253935,0.139919,0.094520
730,2,0.078707,0.038902,0.031995,0.319238,1.439842,0.321104,1.380647,0.022340,0.076915
248,0,0.063140,0.036882,0.446059,0.394293,1.495892,0.222717,1.273175,0.125870,0.083232
624,2,0.078707,0.035141,0.036527,0.474234,1.375881,0.321104,1.444607,0.018037,0.077991
856,3,0.049306,0.062730,0.308078,0.174154,1.388344,0.097750,1.290594,0.092099,0.038847
526,0,0.051089,0.043605,0.335853,0.268981,1.473465,0.009155,1.482620,0.089762,0.173833
602,2,0.249045,0.074852,0.227302,0.486687,1.295391,0.040233,1.255158,0.185964,0.095982
781,3,0.065357,0.040069,0.339395,0.414163,1.558498,0.305895,1.277200,0.128413,0.082920
777,3,0.053332,0.040069,0.383229,0.275847,1.361222,0.084022,1.277200,0.074950,0.049457
69,0,0.367532,0.036941,0.008509,0.430215,1.434893,0.212193,1.494506,0.189888,0.048928
98,0,0.109432,0.036882,0.274841,0.406332,1.496963,0.223787,1.273175,0.130596,0.094738
904,3,0.249045,0.069582,0.418528,0.069734,1.452312,0.040233,1.412079,0.191892,0.067606
910,3,0.140063,0.134402,0.168787,0.051648,1.298511,0.041822,1.256689,0.005791,0.125033
819,3,0.182567,0.044874,0.003257,0.218234,1.354334,0.056090,1.298244,0.104472,0.049945
689,3,0.249045,0.068493,0.414341,0.384841,1.315232,0.040233,1.274999,0.196075,0.067739
716,3,0.052017,0.254997,0.038763,0.154500,1.230211,0.336969,1.567180,0.137271,0.042171
431,0,0.057685,0.071170,0.045013,0.082275,1.529646,0.288612,1.241035,0.057786,0.069126
823,3,0.062358,0.136688,0.079584,0.028227,1.460573,0.098426,1.558999,0.086451,0.126756
97,1,0.109432,0.061687,0.272049,0.263705,1.366511,0.223787,1.551294,0.129506,0.014685
859,3,0.065357,0.062730,0.329383,0.298512,1.545104,0.305895,1.290594,0.137961,0.080658
738,3,0.249045,0.065444,0.484496,0.301646,1.316313,0.040233,1.276080,0.125982,0.065515
900,2,0.124362,0.048443,0.080239,0.175416,1.187461,0.328895,1.516356,0.146329,0.028613
638,3,0.306943,0.045735,0.357049,0.450763,1.404545,0.053278,1.351267,0.135801,0.050693
342,1,0.049156,0.254997,0.430839,0.336605,1.283111,0.284069,1.567180,0.142253,0.111736
129,1,0.047503,0.061687,0.264096,0.280277,1.391761,0.198537,1.551294,0.129063,0.001885
608,2,0.078707,0.193401,0.238235,0.332126,1.550311,0.321104,1.229207,0.173339,0.125835
855,3,0.053332,0.062730,0.370416,0.162271,1.374616,0.084022,1.290594,0.087716,0.050267
653,2,0.049306,0.058333,0.351344,0.368152,1.470857,0.097750,1.568607,0.102709,0.091855
882,2,0.306943,0.042171,0.009329,0.101817,1.324330,0.053278,1.377608,0.110467,0.076900
25,0,0.215020,0.074852,0.042375,0.329473,1.479779,0.224620,1.255158,0.184520,0.042556
672,2,0.078707,0.056754,0.026174,0.396549,1.327919,0.321104,1.492569,0.077465,0.063134
121,0,0.047503,0.071170,0.337831,0.259625,1.439572,0.198537,1.241035,0.134452,0.098647
791,3,0.140063,0.035149,0.105124,0.166602,1.456950,0.041822,1.498772,0.069400,0.127052
609,2,0.068164,0.193401,0.156899,0.384514,1.569592,0.342794,1.229207,0.196820,0.076496
816,3,0.058430,0.044874,0.361350,0.241504,1.481331,0.183086,1.298244,0.112827,0.027535
199,0,0.098098,0.051682,0.208678,0.171369,1.276876,0.240657,1.517533,0.145252,0.084391
691,2,0.306943,0.035316,0.302071,0.360999,1.284457,0.053278,1.231179,0.200487,0.089366
83,0,0.109432,0.051682,0.260408,0.179322,1.293746,0.223787,1.517533,0.144668,0.092332
22,0,0.215020,0.040559,0.021281,0.256296,1.497263,0.224620,1.272642,0.163948,0.046084
485,1,0.057694,0.065444,0.323101,0.447012,1.222221,0.053860,1.276080,0.190319,0.055714
150,0,0.085850,0.071170,0.401305,0.270400,1.442238,0.201203,1.241035,0.139110,0.108840
26,1,0.215020,0.061687,0.427265,0.220647,1.365678,0.224620,1.551294,0.130656,0.057734
836,2,0.053332,0.114350,0.449413,0.063608,1.309732,0.084022,1.225710,0.057767,0.105493
639,3,0.249045,0.045735,0.479176,0.435397,1.391500,0.040233,1.351267,0.131297,0.065683
846,2,0.078707,0.037543,0.121179,0.141291,1.529214,0.321104,1.291275,0.062287,0.098072
32,0,0.215020,0.056754,0.029190,0.431151,1.424403,0.224620,1.492569,0.171662,0.044761
130,0,0.047503,0.036882,0.339993,0.410760,1.471713,0.198537,1.273175,0.132334,0.098970
787,2,0.078707,0.104377,0.152638,0.146010,1.553510,0.321104,1.232406,0.092133,0.105533
820,3,0.052017,0.044874,0.009926,0.233766,1.506379,0.336969,1.298244,0.110049,0.034987
28,0,0.215020,0.035141,0.022222,0.365518,1.472365,0.224620,1.444607,0.164866,0.045926
231,0,0.063140,0.051682,0.425845,0.166849,1.294816,0.222717,1.517533,0.145583,0.079877
433,0,0.057685,0.036882,0.050281,0.233689,1.561787,0.288612,1.273175,0.062834,0.070256
909,3,0.182567,0.069582,0.087334,0.083646,1.468169,0.056090,1.412079,0.194827,0.053870
883,2,0.249045,0.042171,0.066833,0.091875,1.337375,0.040233,1.377608,0.107906,0.086655
513,0,0.051089,0.193401,0.313159,0.112102,1.220051,0.009155,1.229207,0.112455,0.173643
743,3,0.182567,0.065444,0.024233,0.316680,1.332170,0.056090,1.276080,0.131823,0.051133
818,3,0.049306,0.044874,0.291937,0.228504,1.395995,0.097750,1.298244,0.108159,0.040055
617,2,0.249045,0.036882,0.279222,0.495488,1.313408,0.040233,1.273175,0.237838,0.097628
160,0,0.085850,0.036882,0.403919,0.421499,1.474379,0.201203,1.273175,0.136548,0.109233
692,2,0.249045,0.035316,0.238545,0.353603,1.271412,0.040233,1.231179,0.197198,0.096338
213,1,0.098098,0.061687,0.336965,0.246473,1.349641,0.240657,1.551294,0.129966,0.031913
489,1,0.052278,0.171310,0.045967,0.099052,1.518003,0.246133,1.271870,0.023446,0.186556
487,1,0.051089,0.171310,0.407865,0.078791,1.262715,0.009155,1.271870,0.015486,0.167195
33,0,0.215020,0.041921,0.056112,0.433154,1.419408,0.224620,1.497564,0.197913,0.040259
246,1,0.063140,0.061687,0.151502,0.251950,1.367581,0.222717,1.551294,0.129819,0.026437
839,2,0.065357,0.114350,0.461349,0.055961,1.531605,0.305895,1.225710,0.054312,0.112688
144,0,0.085850,0.051682,0.396819,0.195181,1.316330,0.201203,1.517533,0.143505,0.108167
652,2,0.078707,0.058333,0.052931,0.403223,1.247503,0.321104,1.568607,0.102865,0.056784
320,0,0.049156,0.051682,0.153229,0.108212,1.233464,0.284069,1.517533,0.149884,0.021325
821,3,0.065357,0.044874,0.314735,0.350412,1.537453,0.305895,1.298244,0.151929,0.077350
928,2,0.065357,0.061868,0.355957,0.041504,1.351990,0.305895,1.483708,0.046188,0.088885
31,0,0.215020,0.036941,0.047112,0.423029,1.422466,0.224620,1.494506,0.189138,0.041764
115,0,0.047503,0.051682,0.327768,0.184145,1.318996,0.198537,1.517533,0.144314,0.097148
786,2,0.053332,0.104377,0.482919,0.143805,1.316428,0.084022,1.232406,0.091154,0.107612
662,2,0.078707,0.036941,0.046449,0.426188,1.325983,0.321104,1.494506,0.096714,0.058322
615,3,0.140063,0.070098,0.013516,0.439076,1.304577,0.041822,1.262755,0.160974,0.129959
705,2,0.065357,0.043605,0.389634,0.319644,1.353077,0.305895,1.482620,0.014075,0.096491
811,3,0.065357,0.041785,0.314325,0.351068,1.211287,0.305895,1.517182,0.152320,0.077258
687,3,0.140063,0.068493,0.003999,0.319466,1.316821,0.041822,1.274999,0.170617,0.130265
817,3,0.053332,0.044874,0.354107,0.216829,1.382267,0.084022,1.298244,0.103968,0.051299
644,3,0.182567,0.045735,0.028033,0.450143,1.407357,0.056090,1.351267,0.135619,0.051298
911,3,0.062358,0.134402,0.158813,0.047229,1.355115,0.098426,1.256689,0.007617,0.120830
958,2,0.065357,0.041228,0.408337,0.009910,1.522633,0.305895,1.313065,0.003761,0.100715
735,3,0.140063,0.065444,0.073912,0.236283,1.317902,0.041822,1.276080,0.100587,0.128042
733,2,0.065357,0.038902,0.376470,0.302327,1.455050,0.305895,1.380647,0.026627,0.093518
860,3,0.140063,0.063876,0.138320,0.074540,1.359179,0.041822,1.317358,0.036231,0.126000
626,2,0.065357,0.035141,0.382483,0.457214,1.391090,0.305895,1.444607,0.020894,0.094876
329,1,0.049156,0.148325,0.483760,0.107151,1.285619,0.284069,1.569688,0.091453,0.122856
850,3,0.140063,0.062730,0.116149,0.082733,1.332415,0.041822,1.290594,0.058383,0.126703
956,2,0.049306,0.041228,0.458644,0.010774,1.410815,0.097750,1.313065,0.004056,0.099880
597,2,0.140063,0.058906,0.391507,0.447708,1.361000,0.041822,1.402822,0.194485,0.147241
344,1,0.049156,0.136688,0.476878,0.486980,1.274931,0.284069,1.558999,0.098059,0.121410
751,2,0.078707,0.040271,0.150439,0.267425,1.418671,0.321104,1.401817,0.090047,0.105012
328,0,0.049156,0.040559,0.149503,0.229571,1.556711,0.284069,1.272642,0.153461,0.020542
954,2,0.053332,0.041228,0.394745,0.008544,1.397087,0.084022,1.313065,0.003294,0.102035
845,2,0.053332,0.037543,0.451043,0.133460,1.375297,0.084022,1.291275,0.059391,0.105596
682,2,0.078707,0.041921,0.059668,0.412493,1.322924,0.321104,1.497564,0.109258,0.055185
486,0,0.051089,0.124366,0.462100,0.106334,1.267328,0.009155,1.276484,0.036478,0.174887
835,2,0.058430,0.114350,0.421239,0.023183,1.408797,0.183086,1.225710,0.039502,0.143527
212,0,0.098098,0.074852,0.153823,0.363073,1.495816,0.240657,1.255158,0.198491,0.074481
789,2,0.065357,0.104377,0.493853,0.130637,1.538301,0.305895,1.232406,0.085307,0.120029
981,3,0.065357,0.048092,0.306399,0.057655,1.531005,0.305895,1.304692,0.159877,0.075468
636,3,0.140063,0.045735,0.062043,0.371088,1.393089,0.041822,1.351267,0.112447,0.128418
812,3,0.140063,0.044874,0.098866,0.137964,1.340066,0.041822,1.298244,0.075652,0.127251
258,1,0.063140,0.065444,0.469956,0.422358,1.498797,0.222717,1.276080,0.180740,0.079298
785,2,0.058430,0.104377,0.454389,0.100868,1.415492,0.183086,1.232406,0.072087,0.148099
881,2,0.140063,0.042171,0.494938,0.026786,1.335786,0.041822,1.377608,0.091145,0.150520
104,0,0.109432,0.056754,0.228098,0.473470,1.425236,0.223787,1.492569,0.176170,0.086945
599,3,0.140063,0.040069,0.004321,0.485920,1.315639,0.041822,1.273817,0.170281,0.130254
772,3,0.140063,0.040069,0.130607,0.195614,1.319022,0.041822,1.277200,0.043937,0.126244
731,2,0.049306,0.038902,0.426775,0.298275,1.478397,0.097750,1.380647,0.027654,0.097496
604,2,0.078707,0.074852,0.237817,0.455371,1.565330,0.321104,1.255158,0.172943,0.125736
182,0,0.143780,0.035141,0.499959,0.463042,1.453639,0.243346,1.444607,0.181233,0.142675
887,2,0.078707,0.042171,0.067458,0.125832,1.056504,0.321104,1.377608,0.116651,0.053337
870,3,0.140063,0.035624,0.184035,0.095977,1.407012,0.041822,1.365190,0.009444,0.124550
674,2,0.065357,0.056754,0.321153,0.378601,1.343128,0.305895,1.492569,0.079377,0.081025
220,0,0.098098,0.056754,0.177719,0.465297,1.408366,0.240657,1.492569,0.175299,0.078798
750,2,0.053332,0.040271,0.481236,0.264895,1.485839,0.084022,1.401817,0.089476,0.107506
740,3,0.058430,0.065444,0.333841,0.337383,1.459167,0.183086,1.276080,0.139867,0.031329
769,2,0.078707,0.042124,0.164013,0.231697,1.527985,0.321104,1.292504,0.102925,0.108231
518,1,0.051089,0.089584,0.340797,0.194182,1.375725,0.009155,1.384880,0.082550,0.167755
696,2,0.124362,0.035316,0.299212,0.388596,1.560074,0.328895,1.231179,0.212762,0.063350
167,0,0.085850,0.056754,0.361740,0.489480,1.447820,0.201203,1.492569,0.177875,0.102904
245,0,0.063140,0.074852,0.373099,0.359538,1.477875,0.222717,1.255158,0.197021,0.071122
729,2,0.053332,0.038902,0.363030,0.295695,1.464669,0.084022,1.380647,0.028308,0.100029
93,0,0.109432,0.040559,0.223733,0.298288,1.496430,0.223787,1.272642,0.180426,0.086217
334,0,0.049156,0.035141,0.142359,0.338417,1.412916,0.284069,1.444607,0.160318,0.019041
616,3,0.062358,0.070098,0.005692,0.436636,1.361181,0.098426,1.262755,0.159987,0.132284
103,0,0.109432,0.036941,0.210268,0.465367,1.423299,0.223787,1.494506,0.193554,0.083972
688,3,0.062358,0.068493,0.003906,0.316607,1.373425,0.098426,1.274999,0.169504,0.132999
745,3,0.065357,0.065444,0.284046,0.443747,1.559618,0.305895,1.276080,0.181193,0.070419
99,0,0.109432,0.035141,0.232448,0.407597,1.473198,0.223787,1.444607,0.171928,0.087670
722,2,0.078707,0.053223,0.193462,0.295684,1.566553,0.321104,1.253935,0.130863,0.115216
906,3,0.058430,0.069582,0.274797,0.098227,1.546427,0.183086,1.412079,0.197904,0.039472
848,2,0.065357,0.037543,0.463608,0.125548,1.544423,0.305895,1.291275,0.056466,0.113198
209,0,0.098098,0.040559,0.175728,0.290149,1.513300,0.240657,1.272642,0.177232,0.078438
736,3,0.062358,0.065444,0.065289,0.236509,1.374506,0.098426,1.276080,0.100675,0.127825
512,0,0.051089,0.074852,0.335792,0.101732,1.246003,0.009155,1.255158,0.089823,0.173832
861,3,0.062358,0.063876,0.129030,0.077579,1.415784,0.098426,1.317358,0.037251,0.123058
851,3,0.062358,0.062730,0.107021,0.084812,1.389019,0.098426,1.290594,0.059150,0.124704
331,0,0.049156,0.074852,0.129134,0.301799,1.539227,0.284069,1.255158,0.173013,0.016262
768,2,0.053332,0.042124,0.494684,0.231567,1.376526,0.084022,1.292504,0.102877,0.108356
907,3,0.053332,0.069582,0.263599,0.080452,1.496101,0.084022,1.412079,0.194153,0.057023
219,0,0.098098,0.036941,0.159817,0.456932,1.406429,0.240657,1.494506,0.192674,0.075563
972,3,0.058430,0.038006,0.334760,0.034328,1.488859,0.183086,1.305773,0.138964,0.031202
500,0,0.051089,0.071170,0.415987,0.029136,1.231879,0.009155,1.241035,0.009633,0.174502
654,2,0.065357,0.058333,0.296608,0.384525,1.262712,0.305895,1.568607,0.102782,0.075481
215,0,0.098098,0.035141,0.182585,0.399539,1.456328,0.240657,1.444607,0.170576,0.079677
598,2,0.062358,0.058906,0.486272,0.420825,1.304396,0.098426,1.402822,0.188468,0.173742
924,2,0.058430,0.061868,0.329030,0.000910,1.474798,0.183086,1.483708,0.051134,0.130810
524,1,0.051089,0.068493,0.498370,0.242841,1.265844,0.009155,1.274999,0.075014,0.166439
908,3,0.049306,0.069582,0.203293,0.090922,1.509829,0.097750,1.412079,0.196362,0.046685
741,3,0.053332,0.065444,0.326920,0.314710,1.360102,0.084022,1.276080,0.131058,0.053018
255,0,0.063140,0.056754,0.395802,0.461377,1.426306,0.222717,1.492569,0.174882,0.074890
154,0,0.085850,0.040559,0.352712,0.314331,1.473846,0.201203,1.272642,0.186721,0.101549
744,3,0.052017,0.065444,0.037033,0.326499,1.528544,0.336969,1.276080,0.135638,0.041741
939,3,0.065357,0.053330,0.279128,0.205985,1.275308,0.305895,1.560390,0.185882,0.069309
650,2,0.058430,0.058333,0.276704,0.336414,1.385520,0.183086,1.568607,0.102568,0.123593
641,3,0.058430,0.045735,0.332130,0.470371,1.534354,0.183086,1.351267,0.141549,0.031565
742,3,0.049306,0.065444,0.264471,0.326114,1.373830,0.097750,1.276080,0.135489,0.042109
670,2,0.058430,0.056754,0.295391,0.333311,1.465937,0.183086,1.492569,0.084200,0.126170
166,0,0.085850,0.036941,0.344000,0.481687,1.445883,0.201203,1.494506,0.195256,0.100242
161,0,0.085850,0.035141,0.365092,0.423460,1.495782,0.201203,1.444607,0.174590,0.103407
899,2,0.065357,0.048443,0.258294,0.079832,1.210461,0.305895,1.516356,0.139319,0.066828
332,1,0.049156,0.061687,0.441357,0.164425,1.306229,0.284069,1.551294,0.132157,0.113946
935,3,0.058430,0.053330,0.288721,0.099118,1.398116,0.183086,1.560390,0.184217,0.037552
721,2,0.058430,0.053223,0.496933,0.254899,1.437022,0.183086,1.253935,0.113905,0.153967
509,0,0.051089,0.058906,0.362524,0.080422,1.411977,0.009155,1.402822,0.063093,0.174055
982,3,0.065357,0.046343,0.266762,0.020158,1.569957,0.305895,1.264062,0.197675,0.066516
618,2,0.078707,0.036882,0.288817,0.453420,1.547313,0.321104,1.273175,0.221327,0.137832
694,2,0.078707,0.035316,0.247609,0.319956,1.552283,0.321104,1.231179,0.182232,0.128058
338,0,0.049156,0.056754,0.133609,0.403504,1.364954,0.284069,1.492569,0.168718,0.017202
637,3,0.062358,0.045735,0.053544,0.370796,1.449693,0.098426,1.351267,0.112361,0.128704
895,2,0.058430,0.048443,0.243213,0.027616,1.333269,0.183086,1.516356,0.135488,0.118974
813,3,0.062358,0.044874,0.089961,0.139283,1.396670,0.098426,1.298244,0.076126,0.125980
136,0,0.047503,0.056754,0.294690,0.478762,1.450486,0.198537,1.492569,0.176733,0.092220
889,2,0.065357,0.042171,0.287599,0.105337,1.071713,0.305895,1.377608,0.111373,0.073447
528,0,0.051089,0.053223,0.288947,0.294520,1.244780,0.009155,1.253935,0.136665,0.173441
685,2,0.065357,0.041921,0.287892,0.394114,1.338133,0.305895,1.497564,0.111094,0.073513
753,2,0.065357,0.040271,0.495150,0.251891,1.433881,0.305895,1.401817,0.086543,0.120322
803,3,0.062358,0.041785,0.002163,0.140626,1.418756,0.098426,1.517182,0.167755,0.132868
896,2,0.053332,0.048443,0.253560,0.053517,1.432334,0.084022,1.516356,0.137388,0.093106
241,0,0.063140,0.040559,0.394946,0.286288,1.495359,0.222717,1.272642,0.175717,0.074748
700,2,0.058430,0.043605,0.361980,0.280624,1.475886,0.183086,1.482620,0.018746,0.135354
979,3,0.065357,0.038006,0.289275,0.072205,1.529925,0.305895,1.305773,0.176207,0.071600
600,3,0.062358,0.040069,0.003570,0.483075,1.372243,0.098426,1.273817,0.169169,0.132974
773,3,0.062358,0.040069,0.121253,0.198335,1.375626,0.098426,1.277200,0.044989,0.123640
885,2,0.058430,0.042171,0.281305,0.053583,1.194522,0.183086,1.377608,0.098046,0.124227
767,2,0.058430,0.042124,0.469448,0.188062,1.475590,0.183086,1.292504,0.086889,0.150176
695,2,0.068164,0.035316,0.166080,0.372167,1.567620,0.342794,1.231179,0.205454,0.078838
680,2,0.058430,0.041921,0.263118,0.345771,1.460942,0.183086,1.497564,0.115923,0.121719
642,3,0.053332,0.045735,0.322937,0.448121,1.435289,0.084022,1.351267,0.135027,0.053270
664,2,0.065357,0.036941,0.300981,0.407985,1.341192,0.305895,1.494506,0.098612,0.076469
807,3,0.058430,0.041785,0.312841,0.239417,1.334095,0.183086,1.517182,0.160509,0.034225
897,2,0.049306,0.048443,0.316205,0.057402,1.418606,0.097750,1.516356,0.137673,0.089226
953,2,0.058430,0.041228,0.371918,0.027346,1.496151,0.183086,1.313065,0.008977,0.136725
645,3,0.052017,0.045735,0.039834,0.459225,1.453357,0.336969,1.351267,0.138282,0.042438
749,2,0.058430,0.040271,0.462372,0.222591,1.556689,0.183086,1.401817,0.079934,0.149200
254,0,0.063140,0.036941,0.377947,0.453284,1.424370,0.222717,1.494506,0.192294,0.071926
587,1,0.052278,0.044824,0.012300,0.062059,1.505399,0.246133,1.259266,0.009224,0.192723
519,1,0.051089,0.045735,0.492721,0.203447,1.342112,0.009155,1.351267,0.069366,0.166486
510,1,0.051089,0.044824,0.443716,0.089203,1.250111,0.009155,1.259266,0.020364,0.166896
728,2,0.058430,0.038902,0.343637,0.262290,1.563734,0.183086,1.380647,0.036776,0.132824
643,3,0.049306,0.045735,0.261629,0.459344,1.449017,0.097750,1.351267,0.138317,0.042321
886,2,0.053332,0.042171,0.285376,0.083250,1.293586,0.084022,1.377608,0.105685,0.095118
249,0,0.063140,0.035141,0.400901,0.395567,1.474268,0.222717,1.444607,0.169909,0.075736
871,3,0.062358,0.035624,0.174582,0.100982,1.463616,0.098426,1.365190,0.008074,0.119651
808,3,0.053332,0.041785,0.295833,0.218627,1.433160,0.084022,1.517182,0.162034,0.054984
792,3,0.062358,0.035149,0.096877,0.168196,1.400346,0.098426,1.498772,0.069244,0.125463
844,2,0.058430,0.037543,0.426347,0.093248,1.474361,0.183086,1.291275,0.044523,0.144232
660,2,0.058430,0.036941,0.275727,0.360852,1.464000,0.183086,1.494506,0.103528,0.123458
532,0,0.051089,0.042124,0.292157,0.369398,1.283348,0.009155,1.292504,0.133456,0.173468
505,1,0.051089,0.041653,0.391164,0.020458,1.252223,0.009155,1.261379,0.032186,0.167335
888,2,0.049306,0.042171,0.347415,0.086876,1.279858,0.097750,1.377608,0.106619,0.091561
507,0,0.051089,0.040559,0.352017,0.026088,1.263487,0.009155,1.272642,0.073598,0.173968
622,2,0.058430,0.035141,0.353041,0.417654,1.513899,0.183086,1.444607,0.027533,0.134121
339,0,0.049156,0.041921,0.106202,0.404258,1.359959,0.284069,1.497564,0.195027,0.011443
809,3,0.049306,0.041785,0.238601,0.229584,1.419432,0.097750,1.517182,0.161230,0.044044
530,0,0.051089,0.040271,0.373581,0.322223,1.392662,0.009155,1.401817,0.052036,0.174148
511,1,0.051089,0.040069,0.499866,0.105091,1.264662,0.009155,1.273817,0.076510,0.166427
529,0,0.051089,0.038902,0.235411,0.304028,1.371492,0.009155,1.380647,0.190199,0.172994
125,0,0.047503,0.040559,0.288777,0.303647,1.471179,0.198537,1.272642,0.182528,0.091339
535,0,0.051089,0.037543,0.245902,0.475681,1.282119,0.009155,1.291275,0.179708,0.173081
506,1,0.051089,0.037451,0.255441,0.028384,1.203180,0.009155,1.194025,0.167902,0.168468
515,0,0.051089,0.036882,0.405561,0.124702,1.264020,0.009155,1.273175,0.020057,0.174415
337,0,0.049156,0.036941,0.115430,0.394560,1.363018,0.284069,1.494506,0.186169,0.013382
525,0,0.051089,0.035316,0.325622,0.279274,1.222023,0.009155,1.231179,0.099993,0.173747
516,0,0.051089,0.035141,0.297870,0.144317,1.435452,0.009155,1.444607,0.127743,0.173515
135,0,0.047503,0.036941,0.276929,0.470985,1.448550,0.198537,1.494506,0.194140,0.089573
340,0,0.049156,0.035316,0.113437,0.477327,1.515248,0.284069,1.231179,0.188082,0.012964
343,1,0.049156,0.035149,0.439456,0.459427,1.214703,0.284069,1.498772,0.133982,0.113546
131,0,0.047503,0.035141,0.298704,0.412785,1.498448,0.198537,1.444607,0.172799,0.092818
