50,2,0.671934,0.817978,0.007163,0.000347,1.532945,0.047014,1.485930,0.023001,0.063984
512,3,0.671934,0.080068,0.157473,0.448646,1.559648,0.047014,1.534930,0.041559,0.033283
881,3,0.671934,0.053330,0.230990,0.102751,1.522103,0.047014,1.569118,0.031871,0.030585
528,3,0.671934,0.060023,0.224246,0.457603,1.500282,0.047014,1.547296,0.025134,0.030832
597,3,0.671934,0.055225,0.193551,0.382547,1.535106,0.047014,1.488091,0.005523,0.031959
581,2,0.671934,0.053404,0.018057,0.354001,1.550950,0.047014,1.543629,0.012043,0.064387
653,2,0.671934,0.051877,0.079293,0.292130,1.555646,0.047014,1.508632,0.049157,0.066636
896,3,0.671934,0.036683,0.206682,0.108990,1.538504,0.047014,1.491490,0.007592,0.031477
553,2,0.671934,0.045031,0.012384,0.412733,1.559201,0.047014,1.535377,0.017732,0.064178
376,3,0.053352,0.756709,0.001948,0.000928,1.464006,0.009216,1.473222,0.147502,0.038369
642,3,0.671934,0.035026,0.177333,0.356939,1.542270,0.047014,1.495255,0.021722,0.032554
559,2,0.671934,0.050100,0.002839,0.369987,1.569842,0.047014,1.524736,0.032534,0.063634
535,2,0.671934,0.038463,0.015525,0.424673,1.559214,0.047014,1.512200,0.014581,0.064293
843,2,0.671934,0.038474,0.086292,0.148414,1.544833,0.047014,1.497819,0.056148,0.066893
606,3,0.671934,0.044998,0.129933,0.372413,1.513344,0.047014,1.560359,0.069065,0.034294
520,3,0.671934,0.061844,0.203393,0.458948,1.471268,0.047014,1.518282,0.004306,0.031598
687,3,0.671934,0.035311,0.181338,0.320433,1.525976,0.047014,1.478962,0.017722,0.032407
589,3,0.671934,0.041692,0.117863,0.392625,1.558175,0.047014,1.511161,0.081121,0.034737
503,3,0.671934,0.051758,0.138900,0.488046,1.528275,0.047014,1.481260,0.060109,0.033965
492,2,0.671934,0.038310,0.039899,0.469859,1.511575,0.047014,1.558589,0.009799,0.065189
41,0,0.115036,0.817978,0.007342,0.009003,1.510160,0.145502,1.485930,0.116264,0.030274
709,2,0.671934,0.035282,0.098751,0.280074,1.540131,0.047014,1.493117,0.068594,0.067350
480,3,0.671934,0.125299,0.081651,0.421680,1.545522,0.047014,1.498507,0.117289,0.036066
635,2,0.671934,0.065666,0.004037,0.274262,1.519710,0.047014,1.472696,0.033836,0.063586
486,2,0.671934,0.035013,0.053326,0.474476,1.531544,0.047014,1.484530,0.023216,0.065682
914,3,0.671934,0.055014,0.076919,0.058748,1.534189,0.047014,1.560390,0.122016,0.036240
49,2,0.144571,0.817978,0.208777,0.029424,1.548418,0.062488,1.485930,0.026355,0.092968
401,2,0.671934,0.264078,0.063871,0.447117,1.532598,0.047014,1.485583,0.093810,0.061382
877,3,0.053352,0.053330,0.177397,0.093469,1.563259,0.009216,1.569118,0.031830,0.039867
524,3,0.053352,0.060023,0.170401,0.448624,1.556512,0.009216,1.547296,0.024835,0.039808
903,3,0.671934,0.163561,0.216937,0.023167,1.461744,0.047014,1.414729,0.017834,0.031100
574,3,0.671934,0.066816,0.239770,0.382159,1.415170,0.047014,1.462184,0.040640,0.030262
203,1,0.067470,0.756709,0.360549,0.096826,1.186305,0.286917,1.473222,0.035910,0.011926
47,2,0.053491,0.817978,0.370410,0.090147,1.536977,0.051047,1.485930,0.033358,0.153464
887,3,0.671934,0.165341,0.192153,0.062365,1.367632,0.047014,1.320618,0.006919,0.032010
46,2,0.051143,0.817978,0.475989,0.125476,1.554618,0.068687,1.485930,0.037432,0.188660
749,2,0.671934,0.046875,0.117402,0.232560,1.561017,0.047014,1.514003,0.147283,0.059417
566,3,0.671934,0.035145,0.252858,0.416148,1.456532,0.047014,1.503547,0.053713,0.029782
758,3,0.671934,0.055227,0.074475,0.246220,1.530052,0.047014,1.483038,0.124456,0.036329
787,2,0.671934,0.036784,0.034074,0.211829,1.476183,0.047014,1.523198,0.003977,0.064975
113,1,0.356110,0.299672,0.032239,0.003134,1.549869,0.118541,1.473182,0.151194,0.092053
923,3,0.671934,0.122761,0.178580,0.076286,1.470294,0.047014,1.423280,0.020477,0.032508
516,3,0.053352,0.061844,0.149299,0.450902,1.527498,0.009216,1.518282,0.003734,0.039632
664,2,0.671934,0.073635,0.083285,0.257144,1.521501,0.047014,1.474486,0.113204,0.060669
925,3,0.671934,0.058546,0.068583,0.024915,1.525515,0.047014,1.478500,0.130342,0.036546
382,3,0.116047,0.756709,0.055390,0.013121,1.539984,0.066762,1.473222,0.145753,0.051688
380,3,0.144571,0.756709,0.376869,0.019123,1.535710,0.062488,1.473222,0.144968,0.057670
375,3,0.051143,0.756709,0.204406,0.111538,1.541909,0.068687,1.473222,0.132887,0.149657
42,0,0.356110,0.817978,0.249298,0.013650,1.537122,0.118541,1.485930,0.115723,0.034948
377,3,0.053491,0.756709,0.307627,0.087161,1.524269,0.051047,1.473222,0.136073,0.125397
378,3,0.049048,0.756709,0.028773,0.082163,1.522039,0.048817,1.473222,0.136726,0.120422
381,3,0.671934,0.756709,0.051246,0.001726,1.520236,0.047014,1.473222,0.147658,0.037182
511,3,0.144571,0.080068,0.481440,0.429301,1.544174,0.062488,1.534930,0.040612,0.052615
138,0,0.356110,0.040133,0.364875,0.162482,1.517902,0.118541,1.505150,0.000972,0.024598
694,2,0.671934,0.035036,0.124774,0.291421,1.556195,0.047014,1.509181,0.154647,0.059146
182,0,0.356110,0.051877,0.346609,0.464746,1.514420,0.118541,1.508632,0.019108,0.026234
507,3,0.053352,0.080068,0.104296,0.442668,1.525715,0.009216,1.534930,0.041266,0.039256
513,3,0.116047,0.080068,0.160465,0.435660,1.539900,0.066762,1.534930,0.040923,0.046260
819,3,0.671934,0.040535,0.197172,0.191559,1.481001,0.047014,1.433987,0.001907,0.031826
471,3,0.671934,0.137146,0.016396,0.412256,1.516563,0.047014,1.469549,0.182466,0.038461
22,3,0.053491,0.632506,0.246026,0.154192,1.524363,0.051047,1.473316,0.197593,0.127760
21,3,0.051143,0.632506,0.142908,0.128891,1.542004,0.068687,1.473316,0.194230,0.152936
882,3,0.116047,0.053330,0.233378,0.090842,1.502355,0.066762,1.569118,0.031818,0.042493
546,3,0.671934,0.036652,0.052208,0.442886,1.515847,0.047014,1.562861,0.146697,0.037147
897,3,0.116047,0.036683,0.210428,0.096748,1.558252,0.066762,1.491490,0.008922,0.043679
48,2,0.097939,0.817978,0.334014,0.071768,1.550888,0.104774,1.485930,0.031238,0.135153
601,3,0.053352,0.044998,0.076422,0.367683,1.569574,0.009216,1.560359,0.069139,0.039024
598,3,0.116047,0.055225,0.197329,0.370108,1.554854,0.066762,1.488091,0.004146,0.044355
733,3,0.671934,0.035030,0.028253,0.274403,1.547349,0.047014,1.500334,0.170623,0.038026
188,0,0.356110,0.035282,0.348289,0.493788,1.529935,0.118541,1.493117,0.017440,0.026083
562,3,0.053352,0.035145,0.198323,0.405863,1.512762,0.009216,1.503547,0.052754,0.040042
624,3,0.671934,0.068657,0.034296,0.330646,1.514662,0.047014,1.467648,0.164587,0.037804
23,3,0.049048,0.632506,0.032851,0.159191,1.522133,0.048817,1.473316,0.198257,0.122786
308,1,0.065791,0.756709,0.323857,0.061491,1.292987,0.180235,1.473222,0.040529,0.047096
379,3,0.097939,0.756709,0.298511,0.038454,1.563596,0.104774,1.473222,0.142440,0.076918
850,3,0.671934,0.044119,0.187451,0.161552,1.408678,0.047014,1.361664,0.011616,0.032183
703,3,0.671934,0.055901,0.159545,0.299694,1.441855,0.047014,1.394841,0.039489,0.033207
658,2,0.671934,0.057046,0.063104,0.290141,1.480699,0.047014,1.433685,0.032985,0.066041
643,3,0.116047,0.035026,0.181008,0.344257,1.562018,0.066762,1.495255,0.020428,0.045198
126,0,0.356110,0.045481,0.374998,0.107230,1.563365,0.118541,1.444824,0.009078,0.023691
413,3,0.144571,0.395333,0.343850,0.254281,1.520902,0.062488,1.458414,0.177918,0.059266
100,1,0.356110,0.202464,0.159146,0.060001,1.535713,0.118541,1.487339,0.025194,0.103418
400,2,0.144571,0.264078,0.137922,0.418850,1.548071,0.062488,1.485583,0.097070,0.089542
414,3,0.671934,0.395333,0.017743,0.275273,1.505428,0.047014,1.458414,0.181121,0.038412
129,0,0.356110,0.264078,0.178414,0.089129,1.537468,0.118541,1.485583,0.186099,0.041296
919,3,0.671934,0.037506,0.181722,0.069537,1.323066,0.047014,1.276052,0.017338,0.032393
16,1,0.356110,0.632506,0.076470,0.107089,1.549736,0.118541,1.473316,0.107279,0.096014
116,1,0.356110,0.756709,0.136518,0.007046,1.549830,0.118541,1.473222,0.047660,0.101391
688,3,0.116047,0.035311,0.185290,0.307808,1.545724,0.066762,1.478962,0.016157,0.044977
118,1,0.356110,0.296990,0.049295,0.024486,1.553690,0.118541,1.469362,0.134260,0.093580
415,3,0.116047,0.395333,0.022255,0.260185,1.525176,0.066762,1.458414,0.178819,0.053400
671,2,0.671934,0.040520,0.014718,0.304114,1.492392,0.047014,1.445378,0.044670,0.063188
772,3,0.671934,0.037567,0.168893,0.246006,1.437484,0.047014,1.390470,0.030152,0.032864
764,2,0.671934,0.052623,0.088654,0.215364,1.417601,0.047014,1.370587,0.058508,0.066979
837,3,0.671934,0.045758,0.149622,0.127921,1.451764,0.047014,1.404750,0.049400,0.033571
17,1,0.067470,0.632506,0.295910,0.036425,1.186399,0.286917,1.473316,0.097887,0.025694
781,3,0.671934,0.040135,0.006962,0.244117,1.520918,0.047014,1.473903,0.191889,0.038807
742,3,0.671934,0.047701,0.144440,0.261815,1.439406,0.047014,1.392392,0.054576,0.033761
529,3,0.116047,0.060023,0.226276,0.445572,1.480534,0.066762,1.547296,0.024733,0.042860
374,3,0.053748,0.756709,0.257462,0.117371,1.543352,0.125019,1.473222,0.132124,0.155462
139,1,0.356110,0.395333,0.119925,0.096120,1.564638,0.118541,1.458414,0.064135,0.099905
128,0,0.356110,0.158630,0.199209,0.090636,1.507567,0.118541,1.515484,0.165454,0.039434
462,3,0.671934,0.065332,0.062556,0.476784,1.499124,0.047014,1.452110,0.136361,0.036767
402,2,0.116047,0.264078,0.487753,0.422666,1.552346,0.066762,1.485583,0.096630,0.085741
795,3,0.671934,0.047398,0.138048,0.233879,1.457518,0.047014,1.410503,0.060960,0.033996
218,1,0.067470,0.395333,0.344663,0.181273,1.171497,0.286917,1.458414,0.051142,0.015309
172,0,0.356110,0.053404,0.322957,0.400184,1.479423,0.118541,1.543629,0.042591,0.028352
873,3,0.671934,0.036876,0.150883,0.123302,1.326637,0.047014,1.279623,0.048140,0.033525
40,0,0.356110,0.056004,0.389669,0.010522,1.253146,0.118541,1.134605,0.023644,0.022377
859,3,0.671934,0.048999,0.129979,0.155008,1.334526,0.047014,1.287512,0.069019,0.034292
20,3,0.053748,0.632506,0.195981,0.120516,1.543257,0.125019,1.473316,0.193117,0.161269
588,3,0.144571,0.041692,0.442435,0.372826,1.567944,0.062488,1.511161,0.079537,0.054501
157,0,0.356110,0.035013,0.293779,0.297005,1.538522,0.118541,1.484530,0.071559,0.030965
865,2,0.671934,0.040819,0.089347,0.100396,1.252790,0.047014,1.205775,0.059200,0.067005
590,3,0.116047,0.041692,0.121260,0.379053,1.563669,0.066762,1.511161,0.080035,0.048285
615,3,0.671934,0.040834,0.139130,0.388033,1.447309,0.047014,1.400295,0.059880,0.033956
504,3,0.116047,0.051758,0.142824,0.474786,1.548023,0.066762,1.481260,0.058522,0.047171
828,3,0.671934,0.060622,0.109847,0.181066,1.300760,0.047014,1.253746,0.089127,0.035031
648,2,0.671934,0.039178,0.065920,0.300987,1.454795,0.047014,1.407781,0.035797,0.066145
502,3,0.144571,0.051758,0.464249,0.468485,1.543748,0.062488,1.481260,0.057768,0.053446
168,0,0.356110,0.045031,0.308233,0.348931,1.487675,0.118541,1.535377,0.057210,0.029670
652,2,0.144571,0.051877,0.281911,0.262203,1.570473,0.062488,1.508632,0.046631,0.096504
802,2,0.671934,0.038646,0.108837,0.213052,1.512622,0.047014,1.465607,0.138728,0.059731
28,0,0.356110,0.049243,0.380437,0.025281,1.262692,0.118541,1.144151,0.014478,0.023204
155,1,0.356110,0.137146,0.106773,0.217485,1.553503,0.118541,1.469549,0.077192,0.098728
580,2,0.144571,0.053404,0.222010,0.324769,1.535476,0.062488,1.543629,0.013149,0.093608
412,3,0.097939,0.395333,0.265957,0.233900,1.563188,0.104774,1.458414,0.174809,0.079513
165,0,0.356110,0.038463,0.286271,0.342387,1.510852,0.118541,1.512200,0.079014,0.031637
156,1,0.356110,0.125299,0.141565,0.217166,1.524544,0.118541,1.498507,0.042649,0.101843
151,0,0.356110,0.035051,0.406197,0.268345,1.279179,0.118541,1.397719,0.040054,0.020897
892,3,0.053352,0.036683,0.154051,0.100768,1.482274,0.009216,1.491490,0.008486,0.039672
159,0,0.356110,0.038310,0.390297,0.304396,1.440048,0.118541,1.558589,0.024268,0.022321
906,3,0.053352,0.055014,0.023579,0.056405,1.551174,0.009216,1.560390,0.121979,0.038582
108,0,0.356110,0.061665,0.344728,0.044519,1.351106,0.118541,1.232565,0.020975,0.026402
811,3,0.671934,0.059042,0.100974,0.207099,1.302912,0.047014,1.255897,0.097990,0.035357
552,2,0.144571,0.045031,0.215988,0.383575,1.543728,0.062488,1.535377,0.019159,0.093317
479,3,0.144571,0.125299,0.406584,0.401458,1.560995,0.062488,1.498507,0.115314,0.056234
169,0,0.356110,0.050100,0.282590,0.385190,1.498315,0.118541,1.524736,0.082669,0.031967
495,2,0.671934,0.052623,0.166178,0.418818,1.435734,0.047014,1.388720,0.135944,0.069825
638,3,0.053352,0.035026,0.124545,0.350047,1.486040,0.009216,1.495255,0.021019,0.039425
481,3,0.116047,0.125299,0.085301,0.407565,1.565270,0.066762,1.498507,0.115911,0.050143
842,2,0.144571,0.038474,0.288447,0.118403,1.560307,0.062488,1.497819,0.053154,0.096819
558,2,0.144571,0.050100,0.200778,0.341008,1.554368,0.062488,1.524736,0.034338,0.092581
34,0,0.356110,0.041765,0.364018,0.017400,1.238620,0.118541,1.120079,0.001823,0.024674
534,2,0.144571,0.038463,0.218236,0.395488,1.566904,0.062488,1.512200,0.016915,0.093425
115,1,0.356110,0.115729,0.103099,0.006450,1.539694,0.118541,1.483358,0.080841,0.098399
593,3,0.053352,0.055225,0.140886,0.374918,1.478876,0.009216,1.488091,0.004678,0.039562
895,3,0.097939,0.036683,0.453029,0.075758,1.545328,0.104774,1.491490,0.011204,0.064599
596,3,0.097939,0.055225,0.439971,0.348749,1.548727,0.104774,1.488091,0.001781,0.065640
101,1,0.067470,0.202464,0.383128,0.036681,1.200421,0.286917,1.487339,0.014262,0.007116
605,3,0.144571,0.044998,0.452621,0.352697,1.497871,0.062488,1.560359,0.069372,0.054008
133,0,0.356110,0.042489,0.352857,0.125634,1.480206,0.118541,1.361666,0.012904,0.025674
584,3,0.053352,0.041692,0.064775,0.388428,1.501945,0.009216,1.511161,0.080785,0.038926
708,2,0.144571,0.035282,0.300706,0.249916,1.555605,0.062488,1.493117,0.065387,0.097412
19,1,0.065791,0.632506,0.261504,0.066372,1.293081,0.180235,1.473316,0.101868,0.055497
607,3,0.116047,0.044998,0.132046,0.358978,1.493596,0.066762,1.560359,0.069275,0.047728
104,0,0.356110,0.035893,0.355985,0.032407,1.288092,0.118541,1.169551,0.009799,0.025394
394,2,0.053491,0.158630,0.291954,0.462001,1.566531,0.051047,1.515484,0.111711,0.150454
119,0,0.356110,0.075290,0.241512,0.084501,1.528379,0.118541,1.494673,0.123453,0.035646
538,2,0.671934,0.051745,0.182893,0.409691,1.347366,0.047014,1.300352,0.152639,0.070438
398,2,0.053491,0.264078,0.299521,0.357418,1.536630,0.051047,1.485583,0.104154,0.150744
122,0,0.356110,0.064869,0.315832,0.103132,1.360703,0.118541,1.242162,0.049664,0.028990
117,0,0.356110,0.037797,0.346943,0.094492,1.293649,0.118541,1.175108,0.018776,0.026204
111,0,0.356110,0.047982,0.332099,0.075417,1.350005,0.118541,1.231465,0.033514,0.027533
397,2,0.051143,0.264078,0.405136,0.323152,1.554271,0.068687,1.485583,0.108105,0.184882
223,1,0.067470,0.070177,0.462377,0.247025,1.217454,0.286917,1.504372,0.061725,0.009765
485,2,0.144571,0.035013,0.254959,0.444842,1.547018,0.062488,1.484530,0.019733,0.095200
399,2,0.097939,0.264078,0.263155,0.378738,1.551235,0.104774,1.485583,0.101696,0.129504
904,3,0.116047,0.163561,0.221890,0.035299,1.481492,0.066762,1.414729,0.020357,0.043087
641,3,0.097939,0.035026,0.423456,0.322435,1.541563,0.104774,1.495255,0.018201,0.066957
541,3,0.053352,0.036652,0.001161,0.441657,1.569515,0.009216,1.562861,0.146714,0.038376
326,1,0.065791,0.395333,0.307767,0.147095,1.278179,0.180235,1.458414,0.056357,0.049263
31,0,0.356110,0.037212,0.337902,0.022024,1.280551,0.118541,1.162010,0.027753,0.027013
686,3,0.097939,0.035311,0.428218,0.286114,1.557856,0.104774,1.478962,0.013467,0.066577
2,1,0.067470,0.133333,0.386525,0.056376,1.271106,0.286917,1.558023,0.011004,0.006392
408,3,0.051143,0.395333,0.173433,0.161630,1.527101,0.068687,1.458414,0.163782,0.151308
235,1,0.067470,0.051758,0.444612,0.335751,1.194343,0.286917,1.481260,0.044691,0.005981
393,2,0.051143,0.158630,0.398934,0.427849,1.557421,0.068687,1.515484,0.114292,0.184552
247,1,0.067470,0.055225,0.494764,0.449999,1.201174,0.286917,1.488091,0.092777,0.016664
570,3,0.053352,0.066816,0.184788,0.372435,1.471400,0.009216,1.462184,0.039221,0.039929
888,3,0.116047,0.165341,0.198763,0.075030,1.387380,0.066762,1.320618,0.002715,0.044281
509,3,0.049048,0.080068,0.128146,0.365264,1.557845,0.048817,1.534930,0.037478,0.116609
508,3,0.053491,0.080068,0.406596,0.360270,1.555615,0.051047,1.534930,0.037234,0.121599
251,1,0.067470,0.035026,0.469129,0.489270,1.208338,0.286917,1.495255,0.068198,0.011203
114,1,0.356110,0.085261,0.045528,0.016889,1.527827,0.118541,1.495224,0.138000,0.093243
410,3,0.053491,0.395333,0.276083,0.186494,1.509461,0.051047,1.458414,0.167575,0.126607
221,1,0.067470,0.035560,0.480644,0.220521,1.157814,0.286917,1.444731,0.079239,0.013656
145,1,0.356110,0.070177,0.235677,0.126709,1.518680,0.118541,1.504372,0.050790,0.110272
66,0,0.115036,0.045481,0.132756,0.114595,1.551267,0.145502,1.444824,0.007847,0.016384
748,2,0.144571,0.046875,0.085463,0.204924,1.565102,0.062488,1.514003,0.149433,0.087006
6,1,0.067470,0.037248,0.434249,0.031659,1.431539,0.286917,1.423136,0.034755,0.003773
8,0,0.115036,0.040524,0.172253,0.039441,1.513868,0.145502,1.368366,0.046912,0.012012
491,2,0.144571,0.038310,0.245532,0.440301,1.496101,0.062488,1.558589,0.010326,0.094745
39,0,0.115036,0.056004,0.144189,0.002551,1.280107,0.145502,1.134605,0.019155,0.015119
236,1,0.067470,0.080068,0.398731,0.334793,1.248013,0.286917,1.534930,0.000699,0.003792
4,1,0.067470,0.076731,0.396896,0.054167,1.254578,0.286917,1.541495,0.001060,0.004183
227,1,0.067470,0.036987,0.424545,0.331709,1.180024,0.286917,1.466941,0.025450,0.001706
411,3,0.049048,0.395333,0.002955,0.191498,1.507231,0.048817,1.458414,0.168339,0.121636
80,0,0.115036,0.035051,0.167288,0.276807,1.252218,0.145502,1.397719,0.042002,0.012562
510,3,0.097939,0.080068,0.401710,0.413214,1.501888,0.104774,1.534930,0.039825,0.068690
578,2,0.053491,0.053404,0.388351,0.264200,1.546917,0.051047,1.543629,0.015440,0.154153
43,0,0.067470,0.817978,0.370237,0.161140,1.199013,0.286917,1.485930,0.098706,0.181963
260,1,0.047851,0.756709,0.071386,0.002398,1.505442,0.162929,1.473222,0.048304,0.106296
44,0,0.065791,0.817978,0.380035,0.129866,1.305695,0.180235,1.485930,0.102313,0.150804
45,2,0.047125,0.817978,0.382969,0.097499,1.369947,0.115983,1.485930,0.034205,0.160788
131,0,0.356110,0.071728,0.228206,0.100296,1.527114,0.118541,1.495937,0.136664,0.036837
476,3,0.053491,0.125299,0.335092,0.333165,1.549554,0.051047,1.498507,0.108643,0.124343
229,1,0.067470,0.065332,0.399466,0.323669,1.165193,0.286917,1.452110,0.001404,0.003636
405,2,0.053491,0.106667,0.244275,0.473043,1.520230,0.051047,1.570316,0.159327,0.148625
160,0,0.356110,0.052623,0.304041,0.342260,1.507261,0.118541,1.388720,0.061372,0.030046
82,0,0.115036,0.038310,0.149498,0.312187,1.413087,0.145502,1.558589,0.024406,0.014531
470,3,0.144571,0.137146,0.342181,0.391259,1.532037,0.062488,1.469549,0.179584,0.059347
550,2,0.053491,0.045031,0.381657,0.322955,1.555169,0.051047,1.535377,0.022125,0.153896
913,3,0.144571,0.055014,0.400185,0.038444,1.518715,0.062488,1.560390,0.121699,0.056543
477,3,0.049048,0.125299,0.056401,0.338160,1.547324,0.048817,1.498507,0.109131,0.119362
196,1,0.067470,0.038904,0.413573,0.058624,1.096535,0.286917,1.383452,0.014930,0.000631
27,0,0.115036,0.049243,0.135111,0.017504,1.289653,0.145502,1.144151,0.010176,0.016124
556,2,0.053491,0.050100,0.365640,0.280242,1.565809,0.051047,1.524736,0.038121,0.153281
693,2,0.144571,0.035036,0.077912,0.263872,1.569924,0.062488,1.509181,0.156972,0.086641
75,0,0.115036,0.040133,0.123179,0.169652,1.490941,0.145502,1.505150,0.001625,0.017444
216,1,0.067470,0.036704,0.413681,0.154519,1.324540,0.286917,1.530136,0.015034,0.000608
683,3,0.053352,0.035311,0.128720,0.313349,1.469746,0.009216,1.478962,0.016844,0.039460
437,3,0.049048,0.036653,0.144451,0.472587,1.549784,0.048817,1.542992,0.021194,0.115983
750,2,0.116047,0.046875,0.435136,0.208914,1.560827,0.066762,1.514003,0.149123,0.083022
436,3,0.053491,0.036653,0.422857,0.467592,1.547554,0.051047,1.542992,0.020994,0.120975
226,1,0.067470,0.036653,0.408589,0.273439,1.256074,0.286917,1.542992,0.010151,0.001692
238,1,0.067470,0.060023,0.394115,0.347044,1.307379,0.286917,1.547296,0.003727,0.004776
911,3,0.049048,0.055014,0.044804,0.024827,1.532386,0.048817,1.560390,0.120713,0.119807
820,3,0.116047,0.040535,0.201843,0.179146,1.500749,0.066762,1.433987,0.000357,0.044122
161,1,0.356110,0.051758,0.215679,0.220826,1.541791,0.118541,1.481260,0.030935,0.108481
231,1,0.067470,0.125299,0.362753,0.307797,1.211590,0.286917,1.498507,0.033797,0.011456
634,2,0.144571,0.065666,0.197422,0.245284,1.535184,0.062488,1.472696,0.037687,0.092419
910,3,0.053491,0.055014,0.323085,0.029824,1.530156,0.051047,1.560390,0.120636,0.124804
474,3,0.051143,0.125299,0.231056,0.309208,1.567195,0.068687,1.498507,0.106303,0.148236
899,3,0.053352,0.163561,0.165224,0.031937,1.405514,0.009216,1.414729,0.019658,0.039765
222,1,0.067470,0.043460,0.398690,0.238734,1.369524,0.286917,1.485151,0.000660,0.003801
112,1,0.356110,0.054957,0.011135,0.015474,1.181535,0.118541,1.300076,0.194252,0.088169
915,3,0.116047,0.055014,0.079404,0.044540,1.514441,0.066762,1.560390,0.121794,0.050447
746,2,0.053491,0.046875,0.249360,0.143005,1.565050,0.051047,1.514003,0.154249,0.148820
732,3,0.144571,0.035030,0.353154,0.253559,1.562822,0.062488,1.500334,0.168633,0.058817
521,3,0.116047,0.061844,0.204919,0.446565,1.451520,0.066762,1.518282,0.003426,0.043963
423,3,0.053491,0.070177,0.433695,0.473843,1.555419,0.051047,1.504372,0.010170,0.120560
103,1,0.065791,0.202464,0.346294,0.001272,1.307103,0.180235,1.487339,0.018457,0.044072
162,1,0.356110,0.080068,0.180219,0.233212,1.488121,0.118541,1.534930,0.004272,0.105305
879,3,0.049048,0.053330,0.197214,0.019378,1.520301,0.048817,1.569118,0.031500,0.113959
424,3,0.049048,0.070177,0.155035,0.478837,1.553188,0.048817,1.504372,0.010624,0.115577
506,3,0.051143,0.080068,0.301424,0.337370,1.537975,0.068687,1.534930,0.036113,0.144484
695,2,0.116047,0.035036,0.427607,0.267887,1.565650,0.066762,1.509181,0.156633,0.082633
650,2,0.053491,0.051877,0.445435,0.202243,1.559679,0.051047,1.508632,0.041570,0.156343
91,0,0.115036,0.051877,0.104925,0.471528,1.487459,0.145502,1.508632,0.019680,0.019465
585,3,0.053491,0.041692,0.369734,0.304190,1.562208,0.051047,1.511161,0.074047,0.123014
532,2,0.053491,0.038463,0.382021,0.334895,1.563247,0.051047,1.512200,0.021762,0.153910
29,1,0.067470,0.039225,0.392859,0.001274,1.055270,0.286917,1.342188,0.004931,0.005043
586,3,0.049048,0.041692,0.091130,0.309183,1.559978,0.048817,1.511161,0.074447,0.118029
472,3,0.116047,0.137146,0.020679,0.397155,1.536311,0.066762,1.469549,0.180393,0.053482
33,0,0.115036,0.041765,0.118594,0.009946,1.265581,0.145502,1.120079,0.006160,0.017952
501,3,0.097939,0.051758,0.385662,0.451895,1.555558,0.104774,1.481260,0.055782,0.069970
174,1,0.356110,0.055225,0.263483,0.320125,1.534960,0.118541,1.488091,0.078397,0.112762
924,3,0.116047,0.122761,0.183481,0.088989,1.490042,0.066762,1.423280,0.017961,0.045071
449,3,0.116047,0.036987,0.107136,0.488700,1.533704,0.066762,1.466941,0.094126,0.049015
883,3,0.053352,0.165341,0.141234,0.070162,1.311402,0.009216,1.320618,0.004331,0.039565
179,0,0.356110,0.065666,0.224264,0.463296,1.550356,0.118541,1.472696,0.140577,0.037190
691,2,0.053491,0.035036,0.241393,0.201874,1.560228,0.051047,1.509181,0.162206,0.148514
177,1,0.356110,0.068657,0.126336,0.366616,1.555404,0.118541,1.467648,0.057769,0.100480
127,0,0.356110,0.066748,0.210521,0.091805,1.509041,0.118541,1.514011,0.154222,0.038421
448,3,0.144571,0.036987,0.428680,0.482515,1.529429,0.062488,1.466941,0.093264,0.055165
54,0,0.115036,0.061665,0.100567,0.051356,1.378067,0.145502,1.232565,0.023991,0.019947
246,1,0.067470,0.041692,0.385152,0.425813,1.224244,0.286917,1.511161,0.012320,0.006685
192,1,0.356110,0.055227,0.149607,0.462634,1.540014,0.118541,1.483038,0.034665,0.102564
734,3,0.116047,0.035030,0.031893,0.259489,1.567097,0.066762,1.500334,0.169199,0.052902
228,1,0.067470,0.036667,0.385255,0.300004,1.283879,0.286917,1.570796,0.012222,0.006663
72,0,0.115036,0.042489,0.109832,0.132538,1.507168,0.145502,1.361666,0.014826,0.018922
555,2,0.051143,0.050100,0.473096,0.244979,1.548169,0.068687,1.524736,0.040317,0.188506
575,3,0.116047,0.066816,0.240475,0.370223,1.395422,0.066762,1.462184,0.038898,0.042126
878,3,0.053491,0.053330,0.475397,0.014377,1.518071,0.051047,1.569118,0.031477,0.118960
18,1,0.047851,0.632506,0.011267,0.109950,1.505348,0.162929,1.473316,0.107659,0.098860
757,3,0.144571,0.055227,0.399814,0.225909,1.545526,0.062488,1.483038,0.122070,0.056561
453,3,0.049048,0.036667,0.153435,0.441028,1.521979,0.048817,1.570796,0.012222,0.115639
422,3,0.051143,0.070177,0.329481,0.451362,1.568534,0.068687,1.504372,0.008127,0.142988
475,3,0.053352,0.125299,0.028519,0.419115,1.489291,0.009216,1.498507,0.117039,0.038623
331,1,0.065791,0.070177,0.423783,0.203528,1.324136,0.180235,1.504372,0.057771,0.033631
53,0,0.115036,0.035893,0.111150,0.039589,1.315053,0.145502,1.169551,0.013523,0.018776
759,3,0.116047,0.055227,0.078411,0.231995,1.549800,0.066762,1.483038,0.122785,0.050499
902,3,0.097939,0.163561,0.466561,0.055983,1.519504,0.104774,1.414729,0.024659,0.063520
745,2,0.051143,0.046875,0.356263,0.109491,1.558902,0.068687,1.514003,0.156855,0.182277
549,2,0.051143,0.045031,0.489591,0.287441,1.537528,0.068687,1.535377,0.023863,0.189385
452,3,0.053491,0.036667,0.431640,0.436028,1.519749,0.051047,1.570796,0.012222,0.120639
395,2,0.097939,0.158630,0.254728,0.483658,1.521334,0.104774,1.515484,0.110075,0.128832
407,3,0.053748,0.395333,0.226645,0.154518,1.558160,0.125019,1.458414,0.162697,0.158373
215,1,0.067470,0.055564,0.372059,0.139547,1.181251,0.286917,1.468168,0.024875,0.009474
498,3,0.053352,0.051758,0.086070,0.482886,1.472044,0.009216,1.481260,0.059492,0.039104
37,0,0.356110,0.041163,0.293620,0.023150,1.312209,0.118541,1.193668,0.071718,0.030979
154,1,0.356110,0.065332,0.169676,0.222218,1.570651,0.118541,1.452110,0.014739,0.104361
577,2,0.051143,0.053404,0.496685,0.228575,1.529276,0.068687,1.543629,0.016788,0.189763
663,2,0.144571,0.073635,0.118084,0.229095,1.536974,0.062488,1.474486,0.116870,0.088583
583,3,0.051143,0.041692,0.265273,0.280750,1.561744,0.068687,1.511161,0.072172,0.146412
180,1,0.356110,0.035026,0.240644,0.366991,1.527796,0.118541,1.495255,0.055721,0.110716
922,3,0.144571,0.058546,0.394105,0.045292,1.540988,0.062488,1.478500,0.127767,0.056837
531,2,0.051143,0.038463,0.488851,0.299395,1.560705,0.068687,1.512200,0.024602,0.189346
729,3,0.053491,0.035030,0.281501,0.185803,1.551381,0.051047,1.500334,0.162164,0.126399
130,0,0.356110,0.039148,0.292936,0.117169,1.411067,0.118541,1.292526,0.072397,0.031040
730,3,0.049048,0.035030,0.002885,0.190797,1.549151,0.048817,1.500334,0.162641,0.121417
58,0,0.115036,0.037797,0.102223,0.101468,1.320610,0.145502,1.175108,0.022353,0.019764
357,1,0.065791,0.055225,0.454149,0.403636,1.307856,0.180235,1.488091,0.087644,0.029540
134,1,0.356110,0.055564,0.146566,0.046234,1.554883,0.118541,1.468168,0.037684,0.102291
840,2,0.053491,0.038474,0.451049,0.058497,1.548866,0.051047,1.497819,0.047176,0.156558
690,2,0.051143,0.035036,0.348072,0.168482,1.563725,0.068687,1.509181,0.165025,0.181840
435,3,0.051143,0.036653,0.317491,0.444930,1.529913,0.068687,1.542992,0.020087,0.143627
7,1,0.067470,0.041765,0.370332,0.033178,1.245020,0.286917,1.531937,0.026530,0.009842
3,1,0.065791,0.133333,0.353205,0.093128,1.377788,0.180235,1.558023,0.011659,0.043141
173,1,0.356110,0.041692,0.164268,0.328446,1.511891,0.118541,1.511161,0.020109,0.103877
543,3,0.049048,0.036652,0.017674,0.359181,1.514045,0.048817,1.562861,0.147815,0.120848
152,1,0.356110,0.036987,0.194855,0.222790,1.556110,0.118541,1.466941,0.010259,0.106616
880,3,0.097939,0.053330,0.473669,0.070382,1.464343,0.104774,1.569118,0.031727,0.062954
886,3,0.097939,0.165341,0.446218,0.096564,1.425392,0.104774,1.320618,0.004431,0.065142
603,3,0.049048,0.044998,0.095214,0.288829,1.511542,0.048817,1.560359,0.070368,0.117872
344,1,0.065791,0.051758,0.405343,0.293484,1.301025,0.180235,1.481260,0.039632,0.036116
243,1,0.067470,0.035145,0.370226,0.411169,1.351129,0.286917,1.503547,0.026632,0.009864
567,3,0.116047,0.035145,0.254236,0.404486,1.436784,0.066762,1.503547,0.052626,0.041416
329,1,0.065791,0.035560,0.437698,0.174736,1.264495,0.180235,1.444731,0.071460,0.031756
428,3,0.049048,0.065018,0.125280,0.471670,1.506201,0.048817,1.555018,0.040341,0.116719
639,3,0.053491,0.035026,0.431156,0.268577,1.546302,0.051047,1.495255,0.012706,0.120657
362,1,0.065791,0.035026,0.429802,0.445117,1.315020,0.180235,1.495255,0.063693,0.032820
542,3,0.053491,0.036652,0.295803,0.354178,1.511814,0.051047,1.562861,0.147882,0.125850
724,2,0.671934,0.051102,0.103945,0.249311,1.222703,0.047014,1.269718,0.133842,0.059911
478,3,0.097939,0.125299,0.327600,0.383043,1.538311,0.104774,1.498507,0.113515,0.074599
25,0,0.356110,0.036893,0.288932,0.024584,1.371213,0.118541,1.252672,0.076372,0.031399
665,2,0.116047,0.073635,0.467974,0.232978,1.541249,0.066762,1.474486,0.116363,0.084719
602,3,0.053491,0.044998,0.373340,0.283825,1.509311,0.051047,1.560359,0.070445,0.122875
640,3,0.049048,0.035026,0.152440,0.273572,1.544072,0.048817,1.495255,0.013215,0.115677
368,1,0.065791,0.035311,0.453123,0.485821,1.298726,0.180235,1.478962,0.086634,0.029678
926,3,0.116047,0.058546,0.072648,0.039225,1.545263,0.066762,1.478500,0.128534,0.050796
56,0,0.115036,0.047982,0.087992,0.081984,1.376966,0.145502,1.231465,0.036429,0.021339
727,3,0.051143,0.035030,0.177424,0.161043,1.569022,0.068687,1.500334,0.159801,0.151095
30,0,0.115036,0.037212,0.093120,0.015237,1.307512,0.145502,1.162010,0.031357,0.020772
183,0,0.356110,0.057046,0.248681,0.459580,1.552225,0.118541,1.433685,0.116336,0.035004
545,3,0.144571,0.036652,0.374860,0.422265,1.500373,0.062488,1.562861,0.146973,0.057767
186,1,0.356110,0.035311,0.261381,0.402565,1.544090,0.118541,1.478962,0.076309,0.112574
706,2,0.053491,0.035282,0.462918,0.190124,1.544164,0.051047,1.493117,0.059030,0.157014
404,2,0.051143,0.106667,0.353709,0.439527,1.502589,0.068687,1.570316,0.159402,0.182140
427,3,0.053491,0.065018,0.403373,0.466665,1.503971,0.051047,1.555018,0.040452,0.121723
141,1,0.356110,0.043563,0.089954,0.106348,1.515774,0.118541,1.507277,0.093892,0.097221
132,1,0.356110,0.043457,0.123266,0.038281,1.515132,0.118541,1.507919,0.060817,0.100205
594,3,0.053491,0.055225,0.448144,0.294196,1.539139,0.051047,1.488091,0.004260,0.120005
818,3,0.097939,0.040535,0.446016,0.157910,1.538761,0.104774,1.433987,0.004230,0.065158
367,1,0.065791,0.035306,0.403849,0.474186,1.195603,0.180235,1.375838,0.038161,0.036317
908,3,0.053352,0.122761,0.126475,0.083297,1.414064,0.009216,1.423280,0.019089,0.039442
893,3,0.053491,0.036683,0.461092,0.020675,1.542537,0.051047,1.491490,0.017191,0.119508
88,0,0.115036,0.053404,0.081522,0.406483,1.452462,0.145502,1.543629,0.042829,0.022056
894,3,0.049048,0.036683,0.182343,0.025668,1.540307,0.048817,1.491490,0.016648,0.114529
489,2,0.053491,0.038310,0.415228,0.379857,1.507542,0.051047,1.558589,0.011402,0.155184
595,3,0.049048,0.055225,0.169384,0.299192,1.536908,0.048817,1.488091,0.003707,0.115026
905,3,0.051143,0.055014,0.217065,0.054003,1.512516,0.068687,1.560390,0.120259,0.148982
637,3,0.051143,0.035026,0.327194,0.246058,1.563943,0.068687,1.495255,0.010408,0.143110
249,1,0.067470,0.068657,0.350387,0.453482,1.180730,0.286917,1.467648,0.045654,0.014090
230,1,0.067470,0.137146,0.329021,0.297999,1.182631,0.286917,1.469549,0.066140,0.018641
921,3,0.097939,0.122761,0.428032,0.110750,1.528054,0.104774,1.423280,0.013651,0.066592
345,1,0.065791,0.080068,0.363880,0.296857,1.354695,0.180235,1.534930,0.001157,0.041703
592,3,0.051143,0.055225,0.344370,0.271930,1.556779,0.068687,1.488091,0.006725,0.142194
623,3,0.144571,0.068657,0.360114,0.309856,1.530136,0.062488,1.467648,0.161688,0.058480
587,3,0.097939,0.041692,0.363162,0.355532,1.525657,0.104774,1.511161,0.078154,0.071764
194,1,0.356110,0.040135,0.092278,0.483209,1.549148,0.118541,1.473903,0.091584,0.097429
190,1,0.356110,0.035030,0.086426,0.457606,1.522717,0.118541,1.500334,0.097394,0.096905
62,0,0.115036,0.064869,0.071914,0.109333,1.387664,0.145502,1.242162,0.052332,0.023119
891,3,0.051143,0.036683,0.357268,0.001595,1.560177,0.068687,1.491490,0.019590,0.141507
465,3,0.051143,0.137146,0.170337,0.298640,1.538236,0.068687,1.469549,0.166870,0.151473
780,3,0.144571,0.040135,0.332614,0.223013,1.536391,0.062488,1.473903,0.189131,0.059809
717,3,0.671934,0.042849,0.061377,0.288234,1.377213,0.047014,1.330199,0.137539,0.036810
336,1,0.065791,0.036987,0.385147,0.290942,1.286706,0.180235,1.466941,0.019764,0.038837
11,1,0.067470,0.048444,0.352370,0.037041,1.201632,0.286917,1.488550,0.043753,0.013668
526,3,0.049048,0.060023,0.188049,0.374099,1.498479,0.048817,1.547296,0.022347,0.114310
469,3,0.097939,0.137146,0.263976,0.370826,1.567269,0.104774,1.469549,0.176779,0.079671
323,1,0.065791,0.036704,0.382518,0.115903,1.431221,0.180235,1.530136,0.017177,0.039191
14,1,0.067470,0.096850,0.335539,0.035676,1.320967,0.286917,1.533709,0.059890,0.017253
754,3,0.053491,0.055227,0.329680,0.157654,1.534085,0.051047,1.483038,0.114049,0.124550
467,3,0.053491,0.137146,0.273368,0.323535,1.520596,0.051047,1.469549,0.170287,0.126711
752,3,0.051143,0.055227,0.226124,0.133612,1.551725,0.068687,1.483038,0.111223,0.148499
755,3,0.049048,0.055227,0.050889,0.162651,1.531854,0.048817,1.483038,0.114636,0.119573
338,1,0.065791,0.065332,0.360201,0.284828,1.271874,0.180235,1.452110,0.004776,0.042198
851,3,0.116047,0.044119,0.193359,0.148898,1.428427,0.066762,1.361664,0.008107,0.044560
347,1,0.065791,0.060023,0.362527,0.309923,1.414061,0.180235,1.547296,0.002488,0.041885
417,3,0.051143,0.049993,0.152948,0.497606,1.506138,0.068687,1.566767,0.184215,0.152401
625,3,0.116047,0.068657,0.038587,0.315812,1.534410,0.066762,1.467648,0.162519,0.052556
330,1,0.065791,0.043460,0.370080,0.201528,1.476206,0.180235,1.485151,0.004942,0.040867
483,2,0.053491,0.035013,0.416479,0.384577,1.535577,0.051047,1.484530,0.012651,0.155232
334,1,0.065791,0.036653,0.373800,0.234748,1.362756,0.180235,1.542992,0.008602,0.040366
468,3,0.049048,0.137146,0.005561,0.328535,1.518366,0.048817,1.469549,0.170973,0.121737
499,3,0.053491,0.051758,0.394293,0.399582,1.532307,0.051047,1.481260,0.049521,0.122071
782,3,0.116047,0.040135,0.011168,0.228877,1.540666,0.066762,1.473903,0.189897,0.053974
497,3,0.051143,0.051758,0.290751,0.376507,1.549948,0.068687,1.481260,0.046759,0.145053
197,1,0.065791,0.038904,0.369846,0.017636,1.203216,0.180235,1.383452,0.004712,0.040899
525,3,0.053491,0.060023,0.466087,0.369091,1.496249,0.051047,1.547296,0.022180,0.119317
500,3,0.049048,0.051758,0.115489,0.404579,1.530077,0.048817,1.481260,0.050119,0.117094
547,3,0.116047,0.036652,0.054248,0.428285,1.496099,0.066762,1.562861,0.146892,0.051747
237,1,0.067470,0.061844,0.339204,0.332362,1.336393,0.286917,1.518282,0.056376,0.016472
224,1,0.067470,0.065018,0.338132,0.230000,1.299658,0.286917,1.555018,0.057404,0.016701
920,3,0.116047,0.037506,0.189129,0.056594,1.342814,0.066762,1.276052,0.012327,0.044779
202,1,0.067470,0.115729,0.323354,0.085306,1.196440,0.286917,1.483358,0.071574,0.019848
815,3,0.053352,0.040535,0.145089,0.183714,1.424771,0.009216,1.433987,0.000476,0.039597
81,0,0.115036,0.035013,0.051807,0.302647,1.511561,0.145502,1.484530,0.072222,0.025345
660,2,0.051143,0.073635,0.383820,0.133473,1.543174,0.068687,1.474486,0.129368,0.183746
340,1,0.065791,0.125299,0.327197,0.272513,1.318272,0.180235,1.498507,0.037243,0.046645
454,3,0.097939,0.036667,0.429470,0.490189,1.466022,0.104774,1.570796,0.012222,0.066477
876,3,0.051143,0.053330,0.369087,0.007546,1.500430,0.068687,1.569118,0.031380,0.140877
661,2,0.053491,0.073635,0.278719,0.167436,1.525533,0.051047,1.474486,0.124929,0.149946
214,1,0.067470,0.043457,0.342212,0.122831,1.221002,0.286917,1.507919,0.053493,0.015832
86,0,0.115036,0.045031,0.066687,0.354908,1.460714,0.145502,1.535377,0.057502,0.023698
846,3,0.053352,0.044119,0.136029,0.154049,1.352448,0.009216,1.361664,0.009535,0.039521
124,0,0.356110,0.080013,0.242272,0.092840,1.420687,0.118541,1.539228,0.122699,0.035577
451,3,0.051143,0.036667,0.325375,0.413460,1.502109,0.068687,1.570796,0.012222,0.143207
573,3,0.097939,0.066816,0.477854,0.349606,1.357410,0.104774,1.462184,0.035888,0.062620
69,0,0.115036,0.264078,0.063721,0.092307,1.510507,0.145502,1.485583,0.186466,0.038131
83,0,0.115036,0.052623,0.061341,0.348113,1.534222,0.145502,1.388720,0.062791,0.024290
682,3,0.051143,0.035311,0.333640,0.209594,1.547649,0.068687,1.478962,0.003978,0.142766
684,3,0.053491,0.035311,0.437110,0.232029,1.530009,0.051047,1.478962,0.006760,0.120429
631,2,0.051143,0.065666,0.462940,0.149261,1.541383,0.068687,1.472696,0.050448,0.187964
679,3,0.671934,0.035306,0.018494,0.331927,1.422852,0.047014,1.375838,0.180371,0.038384
801,2,0.144571,0.038646,0.092247,0.185292,1.528095,0.062488,1.465607,0.142660,0.087334
137,0,0.356110,0.106667,0.203782,0.132642,1.452736,0.118541,1.570316,0.160913,0.039024
685,3,0.049048,0.035311,0.158284,0.237026,1.527779,0.048817,1.478962,0.007380,0.115452
907,3,0.053352,0.037506,0.131093,0.062131,1.266836,0.009216,1.276052,0.014471,0.039480
142,1,0.356110,0.035560,0.242839,0.094931,1.563272,0.118541,1.444731,0.057900,0.110913
121,0,0.356110,0.086680,0.235918,0.088997,1.424656,0.118541,1.543197,0.129007,0.036147
632,2,0.053491,0.065666,0.357975,0.184413,1.523743,0.051047,1.472696,0.045776,0.152987
144,0,0.356110,0.050770,0.257587,0.187320,1.292898,0.118541,1.174357,0.107493,0.034206
704,3,0.116047,0.055901,0.164960,0.286671,1.461603,0.066762,1.394841,0.036439,0.046028
337,1,0.065791,0.036667,0.352632,0.263448,1.390561,0.180235,1.570796,0.012222,0.043218
356,1,0.065791,0.041692,0.349522,0.388794,1.330926,0.180235,1.511161,0.015281,0.043637
773,3,0.116047,0.037567,0.174368,0.233118,1.457232,0.066762,1.390470,0.027053,0.045541
702,3,0.144571,0.055901,0.487127,0.280259,1.457329,0.062488,1.394841,0.034937,0.052340
149,1,0.356110,0.036653,0.190527,0.168857,1.480060,0.118541,1.542992,0.005963,0.106228
651,2,0.097939,0.051877,0.408533,0.217522,1.528186,0.104774,1.508632,0.042859,0.141094
527,3,0.097939,0.060023,0.465940,0.424855,1.442522,0.104774,1.547296,0.024041,0.063570
257,1,0.047851,0.299672,0.033143,0.001885,1.505481,0.162929,1.473182,0.151372,0.093384
775,3,0.051143,0.040135,0.160160,0.130361,1.542591,0.068687,1.473903,0.177021,0.152016
771,3,0.144571,0.037567,0.496581,0.226670,1.452958,0.062488,1.390470,0.025503,0.051883
803,2,0.116047,0.038646,0.442177,0.189263,1.532370,0.066762,1.465607,0.142098,0.083386
662,2,0.097939,0.073635,0.242705,0.189615,1.562332,0.104774,1.474486,0.122030,0.127874
756,3,0.097939,0.055227,0.321197,0.207289,1.553781,0.104774,1.483038,0.119881,0.075109
777,3,0.053491,0.040135,0.263348,0.155402,1.524951,0.051047,1.473903,0.180294,0.127096
618,3,0.051143,0.068657,0.188470,0.217322,1.536335,0.068687,1.467648,0.148783,0.150507
565,3,0.097939,0.035145,0.492808,0.384425,1.398772,0.104774,1.503547,0.050757,0.061428
747,2,0.097939,0.046875,0.212135,0.166428,1.522815,0.104774,1.514003,0.152427,0.125436
841,2,0.097939,0.038474,0.414384,0.073537,1.538999,0.104774,1.497819,0.048676,0.141561
778,3,0.049048,0.040135,0.015526,0.160401,1.522720,0.048817,1.473903,0.180948,0.122121
767,3,0.053352,0.037567,0.117000,0.239400,1.381254,0.009216,1.390470,0.028563,0.039362
184,0,0.356110,0.040520,0.183453,0.457884,1.563919,0.118541,1.445378,0.181096,0.040845
261,1,0.047851,0.296990,0.016086,0.022562,1.509302,0.162929,1.469362,0.134524,0.095495
731,3,0.097939,0.035030,0.274098,0.233460,1.536484,0.104774,1.500334,0.166714,0.078864
540,3,0.051143,0.036652,0.189043,0.329551,1.494174,0.068687,1.562861,0.148211,0.150476
633,2,0.097939,0.065666,0.321918,0.203305,1.564123,0.104774,1.472696,0.043266,0.134189
322,1,0.065791,0.055564,0.334697,0.103193,1.287933,0.180235,1.468168,0.029865,0.045635
698,3,0.053352,0.055901,0.107519,0.293522,1.385625,0.009216,1.394841,0.038043,0.039283
533,2,0.097939,0.038463,0.344985,0.352809,1.524618,0.104774,1.512200,0.020329,0.136028
707,2,0.097939,0.035282,0.426351,0.204669,1.543701,0.104774,1.493117,0.060576,0.142515
135,0,0.356110,0.042720,0.256862,0.128959,1.333608,0.118541,1.215067,0.108213,0.034271
692,2,0.097939,0.035036,0.204317,0.225623,1.527638,0.104774,1.509181,0.160201,0.124813
620,3,0.053491,0.068657,0.291462,0.241947,1.518695,0.051047,1.467648,0.152217,0.126017
353,1,0.065791,0.035145,0.341295,0.376202,1.457811,0.180235,1.503547,0.023374,0.044746
600,3,0.051143,0.044998,0.266638,0.260360,1.491671,0.068687,1.560359,0.070811,0.146339
557,2,0.097939,0.050100,0.328257,0.298850,1.512082,0.104774,1.524736,0.036963,0.134694
519,3,0.097939,0.061844,0.443675,0.425153,1.413508,0.104774,1.518282,0.001903,0.065345
198,0,0.069743,0.061665,0.497538,0.187952,1.227162,0.681865,1.232565,0.084218,0.108978
621,3,0.049048,0.068657,0.012572,0.246947,1.516464,0.048817,1.467648,0.152914,0.121044
622,3,0.097939,0.068657,0.281940,0.289988,1.569171,0.104774,1.467648,0.158917,0.078239
484,2,0.097939,0.035013,0.380100,0.401045,1.552288,0.104774,1.484530,0.014587,0.138827
838,3,0.116047,0.045758,0.154886,0.114762,1.471512,0.066762,1.404750,0.046488,0.046548
204,1,0.067470,0.296990,0.266856,0.086505,1.182444,0.286917,1.469362,0.125745,0.031883
123,0,0.356110,0.043986,0.252838,0.103178,1.232906,0.118541,1.114365,0.112208,0.034631
447,3,0.097939,0.036987,0.350450,0.464806,1.569877,0.104774,1.466941,0.090794,0.072777
426,3,0.051143,0.065018,0.296560,0.443642,1.486330,0.068687,1.555018,0.040964,0.144743
874,3,0.116047,0.036876,0.158415,0.109889,1.346385,0.066762,1.279623,0.042968,0.046366
461,3,0.144571,0.065332,0.388758,0.456310,1.514598,0.062488,1.452110,0.133103,0.057095
728,3,0.053352,0.035030,0.025054,0.274252,1.491118,0.009216,1.500334,0.170609,0.038176
36,0,0.115036,0.041163,0.049451,0.017410,1.339170,0.145502,1.193668,0.074553,0.025606
836,3,0.144571,0.045758,0.476965,0.108390,1.467238,0.062488,1.404750,0.045078,0.052831
872,3,0.144571,0.036876,0.481598,0.103369,1.342111,0.062488,1.279623,0.040454,0.052607
70,0,0.115036,0.039148,0.049530,0.122831,1.438028,0.145502,1.292526,0.074475,0.025597
443,3,0.051143,0.036987,0.257018,0.390323,1.535629,0.068687,1.466941,0.080406,0.146852
786,2,0.144571,0.036784,0.241081,0.182241,1.460710,0.062488,1.523198,0.005884,0.094530
743,3,0.116047,0.047701,0.149944,0.248560,1.459154,0.066762,1.392392,0.051419,0.046803
779,3,0.097939,0.040135,0.254279,0.202278,1.562915,0.104774,1.473903,0.186421,0.080444
256,1,0.047851,0.062465,0.011249,0.013960,1.557304,0.162929,1.394375,0.107677,0.098858
798,2,0.051143,0.038646,0.356928,0.089774,1.534295,0.068687,1.465607,0.156191,0.182312
741,3,0.144571,0.047701,0.472130,0.242196,1.454880,0.062488,1.392392,0.049904,0.053065
96,1,0.067470,0.059956,0.316386,0.010565,1.245631,0.286917,1.532548,0.078255,0.021333
832,3,0.053352,0.045758,0.097425,0.122214,1.395534,0.009216,1.404750,0.048137,0.039199
868,3,0.053352,0.036876,0.099715,0.117355,1.270407,0.009216,1.279623,0.045847,0.039218
84,0,0.115036,0.038463,0.044498,0.347879,1.483891,0.145502,1.512200,0.079453,0.026154
35,0,0.069743,0.041765,0.493994,0.129238,1.339648,0.681865,1.120079,0.086970,0.107303
463,3,0.116047,0.065332,0.067103,0.462365,1.518872,0.066762,1.452110,0.134067,0.051083
445,3,0.053491,0.036987,0.360071,0.413920,1.517988,0.051047,1.466941,0.083697,0.123384
657,2,0.144571,0.057046,0.262706,0.260319,1.496173,0.062488,1.433685,0.027465,0.095575
849,3,0.097939,0.044119,0.439627,0.127319,1.466438,0.104774,1.361664,0.002122,0.065668
105,0,0.069743,0.035893,0.496396,0.177665,1.290176,0.681865,1.169551,0.085105,0.108438
87,0,0.115036,0.050100,0.040906,0.390611,1.471354,0.145502,1.524736,0.083007,0.026552
24,0,0.115036,0.036893,0.045240,0.018974,1.398174,0.145502,1.252672,0.078718,0.026072
390,0,0.069743,0.052623,0.484731,0.477486,1.071008,0.681865,1.388720,0.094163,0.102925
409,3,0.053352,0.395333,0.035617,0.275599,1.449198,0.009216,1.458414,0.181171,0.038088
233,1,0.067470,0.041229,0.318171,0.312340,1.537599,0.286917,1.317076,0.076544,0.020953
551,2,0.097939,0.045031,0.344062,0.340908,1.501441,0.104774,1.535377,0.021247,0.135954
446,3,0.049048,0.036987,0.081169,0.418921,1.515758,0.048817,1.466941,0.084395,0.118411
799,2,0.053491,0.038646,0.252178,0.123348,1.516654,0.051047,1.465607,0.151435,0.148928
737,3,0.053352,0.047701,0.092292,0.256332,1.383176,0.009216,1.392392,0.053270,0.039156
15,1,0.065791,0.096850,0.305855,0.067959,1.427649,0.180235,1.533709,0.058238,0.049521
373,0,0.069743,0.047982,0.483987,0.213383,1.228263,0.681865,1.231465,0.094740,0.102573
796,3,0.116047,0.047398,0.143251,0.220551,1.477266,0.066762,1.410503,0.058096,0.047149
244,1,0.067470,0.066816,0.310616,0.403327,1.392491,0.286917,1.462184,0.083787,0.022562
359,1,0.065791,0.068657,0.313748,0.418925,1.287412,0.180235,1.467648,0.050474,0.048458
339,1,0.065791,0.137146,0.293252,0.265248,1.289313,0.180235,1.469549,0.070636,0.051219
918,3,0.097939,0.037506,0.437919,0.034622,1.380826,0.104774,1.276052,0.003820,0.065804
383,0,0.069743,0.037797,0.488243,0.236177,1.284619,0.681865,1.175108,0.091436,0.104585
794,3,0.144571,0.047398,0.465283,0.214222,1.472991,0.062488,1.410503,0.056736,0.053396
616,3,0.116047,0.040834,0.144503,0.374710,1.467057,0.066762,1.400295,0.056847,0.047084
147,0,0.356110,0.066913,0.231345,0.247797,1.332863,0.118541,1.214322,0.133547,0.036556
800,2,0.097939,0.038646,0.216449,0.146627,1.570382,0.104774,1.465607,0.148137,0.125780
164,1,0.356110,0.060023,0.184161,0.246131,1.428755,0.118541,1.547296,0.000358,0.105658
614,3,0.144571,0.040834,0.466618,0.368369,1.462783,0.062488,1.400295,0.055404,0.053332
384,0,0.069743,0.064869,0.469153,0.234713,1.217565,0.681865,1.242162,0.106258,0.095563
360,1,0.065791,0.041946,0.318949,0.491106,1.240740,0.180235,1.420975,0.045357,0.047757
265,1,0.047851,0.395333,0.054666,0.091767,1.520250,0.162929,1.458414,0.064799,0.104230
670,2,0.144571,0.040520,0.185504,0.275223,1.507866,0.062488,1.445378,0.049581,0.091843
860,3,0.116047,0.048999,0.137425,0.141303,1.354275,0.066762,1.287512,0.063908,0.047450
248,1,0.067470,0.044998,0.312263,0.426143,1.294317,0.286917,1.560359,0.082208,0.022211
858,3,0.144571,0.048999,0.460500,0.134869,1.350000,0.062488,1.287512,0.061509,0.053627
790,3,0.053352,0.047398,0.085713,0.228706,1.401287,0.009216,1.410503,0.059849,0.039101
579,2,0.097939,0.053404,0.350575,0.281886,1.493190,0.104774,1.543629,0.014771,0.136473
909,3,0.053352,0.058546,0.015465,0.026892,1.469285,0.009216,1.478500,0.130092,0.038514
106,1,0.067470,0.038630,0.313319,0.029880,1.192229,0.286917,1.479146,0.081195,0.021986
610,3,0.053352,0.040834,0.086872,0.382802,1.391079,0.009216,1.400295,0.058689,0.039111
346,1,0.065791,0.061844,0.310099,0.299839,1.443075,0.180235,1.518282,0.054063,0.048949
523,3,0.051143,0.060023,0.359125,0.346994,1.478609,0.068687,1.547296,0.021443,0.141408
32,0,0.069743,0.037212,0.476516,0.115385,1.297717,0.681865,1.162010,0.100541,0.099043
332,1,0.065791,0.065018,0.307440,0.197389,1.406339,0.180235,1.555018,0.056678,0.049307
464,3,0.053748,0.137146,0.223441,0.291399,1.547025,0.125019,1.469549,0.165876,0.158676
473,3,0.053748,0.125299,0.283956,0.304471,1.518066,0.125019,1.498507,0.105841,0.152960
753,3,0.053352,0.055227,0.021365,0.243977,1.473822,0.009216,1.483038,0.124193,0.038564
460,3,0.097939,0.065332,0.310935,0.437342,1.556884,0.104774,1.452110,0.130085,0.075927
199,1,0.067470,0.062465,0.304320,0.062228,1.107458,0.286917,1.394375,0.089824,0.023903
854,3,0.053352,0.048999,0.078386,0.150063,1.278296,0.009216,1.287512,0.067175,0.039040
171,1,0.356110,0.066816,0.111460,0.326278,1.343644,0.118541,1.462184,0.072539,0.099147
110,0,0.356110,0.045848,0.237152,0.058130,1.337552,0.118541,1.219011,0.127782,0.036036
225,1,0.067470,0.053744,0.304458,0.258704,1.421274,0.286917,1.433401,0.089692,0.023874
770,3,0.097939,0.037567,0.419889,0.211057,1.495244,0.104774,1.390470,0.021748,0.067241
220,1,0.067470,0.043563,0.306763,0.180343,1.220360,0.286917,1.507277,0.087482,0.023383
120,1,0.356110,0.063406,0.012097,0.031683,1.378183,0.118541,1.496724,0.171195,0.090249
701,3,0.097939,0.055901,0.410373,0.264352,1.499615,0.104774,1.394841,0.031211,0.068000
307,1,0.065791,0.115729,0.288459,0.053164,1.303122,0.180235,1.483358,0.075351,0.051865
146,1,0.356110,0.065018,0.128587,0.146008,1.436477,0.118541,1.555018,0.055535,0.100681
456,3,0.051143,0.065332,0.218936,0.363862,1.520797,0.068687,1.452110,0.118393,0.148882
321,1,0.065791,0.043457,0.307728,0.089323,1.327684,0.180235,1.507919,0.056395,0.049269
143,1,0.356110,0.043460,0.197173,0.135325,1.366611,0.118541,1.485151,0.012561,0.106823
109,1,0.356110,0.062465,0.076746,0.011105,1.512916,0.118541,1.394375,0.107005,0.096039
200,1,0.067470,0.299672,0.248140,0.059482,1.186265,0.286917,1.473182,0.143691,0.035870
163,1,0.356110,0.061844,0.133814,0.247566,1.399741,0.118541,1.518282,0.050345,0.101149
258,1,0.047851,0.085261,0.019788,0.015090,1.483439,0.162929,1.495224,0.138184,0.095036
305,1,0.065791,0.299672,0.215483,0.033530,1.292947,0.180235,1.473182,0.147140,0.061698
309,1,0.065791,0.296990,0.233387,0.058958,1.289126,0.180235,1.469362,0.129527,0.059286
827,3,0.144571,0.060622,0.441372,0.160523,1.316234,0.062488,1.253746,0.080597,0.054552
829,3,0.116047,0.060622,0.118025,0.166942,1.320508,0.066762,1.253746,0.083263,0.048452
136,1,0.356110,0.036704,0.205650,0.047456,1.411595,0.118541,1.530136,0.020977,0.107583
187,1,0.356110,0.055901,0.324137,0.404830,1.513382,0.118541,1.394841,0.138616,0.118194
871,3,0.097939,0.036876,0.407407,0.087044,1.384397,0.104774,1.279623,0.034159,0.068236
185,1,0.356110,0.035306,0.203991,0.401681,1.494379,0.118541,1.375838,0.019330,0.107434
386,0,0.069743,0.039148,0.454033,0.241424,1.167201,0.681865,1.292526,0.117999,0.088416
458,3,0.053491,0.065332,0.321476,0.388052,1.503157,0.051047,1.452110,0.122242,0.124865
148,1,0.356110,0.053744,0.108128,0.183013,1.314860,0.118541,1.433401,0.075847,0.098849
784,2,0.053491,0.036784,0.413617,0.121580,1.472151,0.051047,1.523198,0.009793,0.155122
518,3,0.049048,0.061844,0.164020,0.375195,1.469465,0.048817,1.518282,0.001651,0.115232
835,3,0.097939,0.045758,0.400035,0.092173,1.509524,0.104774,1.404750,0.041490,0.068824
166,0,0.356110,0.051745,0.224808,0.360825,1.418892,0.118541,1.300352,0.140037,0.037141
342,1,0.065791,0.041229,0.297690,0.281687,1.497312,0.180235,1.317076,0.066271,0.050621
59,0,0.115036,0.075290,0.001151,0.089029,1.501418,0.145502,1.494673,0.123915,0.031130
459,3,0.049048,0.065332,0.042476,0.393057,1.500927,0.048817,1.452110,0.123038,0.119896
178,1,0.356110,0.041946,0.128050,0.437623,1.539516,0.118541,1.420975,0.056068,0.100633
153,1,0.356110,0.036667,0.172211,0.202079,1.452255,0.118541,1.570796,0.012222,0.104588
140,1,0.356110,0.049993,0.003420,0.110554,1.456284,0.118541,1.566767,0.179820,0.089471
444,3,0.053352,0.036987,0.050001,0.498968,1.457725,0.009216,1.466941,0.095558,0.038803
421,3,0.053748,0.070177,0.382515,0.450698,1.512202,0.125019,1.504372,0.008066,0.143650
591,3,0.053748,0.055225,0.397431,0.271882,1.528482,0.125019,1.488091,0.006731,0.142241
212,0,0.067470,0.264078,0.294114,0.035801,1.198666,0.286917,1.485583,0.171694,0.165748
751,3,0.053748,0.055227,0.279116,0.128675,1.533536,0.125019,1.483038,0.110643,0.153417
150,0,0.356110,0.048446,0.206274,0.282689,1.216091,0.118541,1.097550,0.158439,0.038801
740,3,0.097939,0.047701,0.395497,0.225812,1.497166,0.104774,1.392392,0.046002,0.069186
318,0,0.065791,0.264078,0.306583,0.010883,1.305348,0.180235,1.485583,0.174569,0.140907
496,3,0.053748,0.051758,0.343786,0.374243,1.535313,0.125019,1.481260,0.046488,0.147308
823,3,0.053352,0.060622,0.058110,0.177025,1.244530,0.009216,1.253746,0.087450,0.038871
783,2,0.047125,0.036784,0.427387,0.119817,1.502411,0.115983,1.523198,0.009906,0.156883
191,1,0.356110,0.047701,0.312164,0.451843,1.510933,0.118541,1.392392,0.126729,0.117121
517,3,0.053491,0.061844,0.441868,0.370174,1.467235,0.051047,1.518282,0.002008,0.120246
617,3,0.053748,0.068657,0.241583,0.210831,1.548926,0.125019,1.467648,0.147877,0.156962
195,1,0.356110,0.047398,0.287855,0.479735,1.529044,0.118541,1.410503,0.102594,0.114944
669,2,0.097939,0.040520,0.308452,0.233611,1.550152,0.104774,1.445378,0.056655,0.133115
170,1,0.356110,0.035145,0.166560,0.316720,1.385006,0.118541,1.503547,0.017833,0.104082
406,2,0.097939,0.106667,0.205249,0.496780,1.466502,0.104774,1.570316,0.159274,0.124887
912,3,0.097939,0.055014,0.319662,0.019755,1.476429,0.104774,1.560390,0.121408,0.075232
763,2,0.144571,0.052623,0.285735,0.185046,1.433075,0.062488,1.370587,0.050446,0.096688
810,3,0.144571,0.059042,0.432509,0.186455,1.318385,0.062488,1.255897,0.089442,0.054980
175,1,0.356110,0.044998,0.102917,0.349966,1.441818,0.118541,1.560359,0.081021,0.098382
812,3,0.116047,0.059042,0.109181,0.192842,1.322660,0.066762,1.255897,0.092087,0.048909
889,3,0.053748,0.036683,0.410340,0.001188,1.525084,0.125019,1.491490,0.019537,0.141022
77,0,0.115036,0.050770,0.013568,0.192332,1.319859,0.145502,1.174357,0.110072,0.029581
26,0,0.069743,0.036893,0.442716,0.095966,1.207055,0.681865,1.252672,0.126786,0.083068
189,1,0.356110,0.042849,0.293798,0.439063,1.448740,0.118541,1.330199,0.108495,0.115477
0,0,0.069743,0.059449,0.434520,0.032564,1.337807,0.681865,1.121921,0.133149,0.079194
354,1,0.065791,0.066816,0.284341,0.373288,1.499173,0.180235,1.462184,0.079402,0.052420
13,1,0.067470,0.041646,0.291485,0.036651,1.252350,0.286917,1.539267,0.102130,0.026637
636,3,0.053748,0.035026,0.380233,0.245300,1.521318,0.125019,1.495255,0.010330,0.143866
681,3,0.053748,0.035311,0.386698,0.209103,1.537612,0.125019,1.478962,0.003917,0.143255
774,3,0.053748,0.040135,0.213215,0.122699,1.542670,0.125019,1.473903,0.176020,0.159641
158,1,0.356110,0.041229,0.135446,0.229332,1.198536,0.118541,1.317076,0.048725,0.101295
176,1,0.356110,0.040834,0.298740,0.332433,1.518836,0.118541,1.400295,0.113401,0.115919
793,3,0.097939,0.047398,0.388286,0.197640,1.515278,0.104774,1.410503,0.053172,0.069761
726,3,0.053748,0.035030,0.230234,0.154087,1.516239,0.125019,1.500334,0.159136,0.158034
864,2,0.144571,0.040819,0.279455,0.068931,1.268263,0.062488,1.205775,0.044180,0.096385
125,0,0.356110,0.039991,0.200980,0.089068,1.431403,0.118541,1.549944,0.163694,0.039275
667,2,0.051143,0.040520,0.447434,0.179144,1.514065,0.068687,1.445378,0.065914,0.187137
613,3,0.097939,0.040834,0.389830,0.351820,1.505069,0.104774,1.400295,0.051637,0.069638
418,3,0.053748,0.043563,0.239505,0.497076,1.509297,0.125019,1.507277,0.149939,0.157158
38,0,0.069743,0.041163,0.437738,0.097113,1.266059,0.681865,1.193668,0.130651,0.080715
97,1,0.065791,0.059956,0.283815,0.020849,1.352313,0.180235,1.532548,0.079920,0.052491
647,2,0.144571,0.039178,0.264540,0.271068,1.470269,0.062488,1.407781,0.029295,0.095664
857,3,0.097939,0.048999,0.386267,0.117898,1.392286,0.104774,1.287512,0.055180,0.069922
181,0,0.356110,0.039178,0.225147,0.467379,1.526322,0.118541,1.407781,0.139701,0.037111
73,0,0.115036,0.042720,0.013123,0.133909,1.360569,0.145502,1.215067,0.110514,0.029631
193,1,0.356110,0.037567,0.338236,0.476572,1.509011,0.118541,1.390470,0.152614,0.119456
442,3,0.053748,0.036987,0.310109,0.386666,1.549632,0.125019,1.466941,0.079896,0.150489
167,1,0.356110,0.036652,0.026393,0.291825,1.444320,0.118541,1.562861,0.156999,0.091529
68,0,0.115036,0.158630,0.042758,0.094265,1.480606,0.145502,1.515484,0.165728,0.035810
64,0,0.115036,0.080013,0.001429,0.097449,1.393726,0.145502,1.539228,0.122494,0.030971
582,3,0.053748,0.041692,0.318163,0.277427,1.505413,0.125019,1.511161,0.071906,0.149729
806,3,0.053352,0.059042,0.049067,0.203482,1.246682,0.009216,1.255897,0.096492,0.038795
92,0,0.115036,0.057046,0.006407,0.464250,1.562406,0.145502,1.433685,0.117200,0.030379
396,2,0.047125,0.264078,0.310623,0.340952,1.369600,0.115983,1.485583,0.106053,0.167149
604,3,0.097939,0.044998,0.371726,0.335623,1.455584,0.104774,1.560359,0.069638,0.071081
455,3,0.053748,0.065332,0.272143,0.358631,1.564464,0.125019,1.452110,0.117561,0.154075
63,0,0.115036,0.043986,0.008458,0.108174,1.259867,0.145502,1.114365,0.115150,0.030150
358,1,0.065791,0.044998,0.281972,0.395612,1.400999,0.180235,1.560359,0.081733,0.052739
333,1,0.065791,0.053744,0.279365,0.229208,1.527956,0.180235,1.433401,0.084297,0.053090
656,2,0.097939,0.057046,0.384851,0.216262,1.538459,0.104774,1.433685,0.019311,0.139206
61,0,0.115036,0.086680,0.005537,0.093464,1.397695,0.145502,1.543197,0.128828,0.031680
466,3,0.053352,0.137146,0.036966,0.412643,1.460333,0.009216,1.469549,0.182519,0.038077
94,1,0.067470,0.041646,0.282291,0.009769,1.315439,0.286917,1.539236,0.110945,0.028595
668,2,0.053491,0.040520,0.343765,0.214125,1.496425,0.051047,1.445378,0.059968,0.152442
71,0,0.115036,0.071728,0.013837,0.104540,1.500153,0.145502,1.495937,0.137097,0.032606
107,1,0.065791,0.038630,0.278563,0.001889,1.298910,0.180235,1.479146,0.085086,0.053199
89,0,0.115036,0.065666,0.017905,0.467450,1.523395,0.145502,1.472696,0.141129,0.033057
826,3,0.097939,0.060622,0.368096,0.142825,1.358520,0.104774,1.253746,0.073248,0.071370
259,1,0.047851,0.115729,0.037958,0.002671,1.495306,0.162929,1.483358,0.081285,0.102165
505,3,0.053748,0.080068,0.354333,0.335540,1.481643,0.125019,1.534930,0.036024,0.146312
328,1,0.065791,0.043563,0.273436,0.149772,1.327042,0.180235,1.507277,0.090130,0.053889
102,1,0.047851,0.202464,0.094159,0.065713,1.491325,0.162929,1.487339,0.025840,0.109111
304,1,0.065791,0.062465,0.266252,0.030793,1.214140,0.180235,1.394375,0.097197,0.054857
74,0,0.115036,0.106667,0.037900,0.136395,1.425775,0.145502,1.570316,0.160921,0.035272
211,0,0.067470,0.158630,0.310875,0.039493,1.228567,0.286917,1.515484,0.155624,0.169319
776,3,0.053352,0.040135,0.046442,0.244930,1.464688,0.009216,1.473903,0.191996,0.037997
317,0,0.065791,0.158630,0.323835,0.013412,1.335249,0.180235,1.515484,0.157598,0.143232
901,3,0.049048,0.163561,0.200966,0.106899,1.463546,0.048817,1.414729,0.035248,0.113815
809,3,0.097939,0.059042,0.359297,0.168475,1.360672,0.104774,1.255897,0.081997,0.072072
494,2,0.144571,0.052623,0.363836,0.387660,1.451208,0.062488,1.388720,0.128388,0.100464
55,0,0.115036,0.045848,0.006567,0.062648,1.364513,0.145502,1.219011,0.129862,0.031796
885,3,0.049048,0.165341,0.186991,0.147366,1.369435,0.048817,1.320618,0.021290,0.114351
884,3,0.053491,0.165341,0.466889,0.152461,1.371665,0.051047,1.320618,0.022981,0.119286
564,3,0.049048,0.035145,0.211636,0.332320,1.454730,0.048817,1.503547,0.045903,0.113405
814,3,0.051143,0.040535,0.355975,0.080768,1.502674,0.068687,1.433987,0.018301,0.141576
78,0,0.115036,0.066913,0.012327,0.252193,1.359824,0.145502,1.214322,0.135599,0.032438
890,3,0.053748,0.163561,0.431525,0.132417,1.539748,0.125019,1.414729,0.040554,0.139021
900,3,0.053491,0.163561,0.480218,0.111920,1.465776,0.051047,1.414729,0.036292,0.118775
898,3,0.051143,0.163561,0.378570,0.133784,1.483417,0.068687,1.414729,0.040838,0.140371
201,1,0.067470,0.085261,0.260482,0.077065,1.208307,0.286917,1.495224,0.131857,0.033241
429,2,0.144571,0.066913,0.479448,0.493819,1.276810,0.062488,1.214322,0.243761,0.106053
392,2,0.047125,0.158630,0.303606,0.444662,1.399501,0.115983,1.515484,0.113021,0.167766
98,1,0.067470,0.051693,0.265171,0.004586,1.248808,0.286917,1.535725,0.127361,0.032242
12,0,0.069743,0.038035,0.405586,0.056756,1.341663,0.681865,1.118064,0.155616,0.065519
387,0,0.069743,0.042720,0.403528,0.234388,1.244660,0.681865,1.215067,0.157213,0.064547
619,3,0.053352,0.068657,0.018973,0.330221,1.458432,0.009216,1.467648,0.164528,0.038227
51,1,0.067470,0.037229,0.266435,0.000776,1.418040,0.286917,1.436635,0.126149,0.031973
537,2,0.144571,0.051745,0.376793,0.377885,1.362840,0.062488,1.300352,0.141318,0.101090
813,3,0.053748,0.040535,0.409014,0.081201,1.559005,0.125019,1.433987,0.018222,0.141147
544,3,0.097939,0.036652,0.293690,0.402728,1.458087,0.104774,1.562861,0.147234,0.077302
276,1,0.047851,0.137146,0.041562,0.213582,1.509115,0.162929,1.469549,0.077728,0.102610
5,0,0.069743,0.048448,0.399300,0.023694,1.347560,0.681865,1.112168,0.160497,0.062548
388,0,0.069743,0.050770,0.398392,0.291727,1.285370,0.681865,1.174357,0.161202,0.062119
93,0,0.115036,0.040520,0.058856,0.461163,1.550713,0.145502,1.445378,0.181654,0.037592
723,2,0.144571,0.051102,0.112932,0.219536,1.207230,0.062488,1.269718,0.122013,0.088334
67,0,0.115036,0.066748,0.031434,0.095676,1.482080,0.145502,1.514011,0.154524,0.034556
217,0,0.067470,0.106667,0.305658,0.003462,1.283399,0.286917,1.570316,0.160625,0.168207
655,2,0.053491,0.057046,0.420122,0.199938,1.484732,0.051047,1.433685,0.016290,0.155372
324,0,0.065791,0.106667,0.320700,0.028857,1.390080,0.180235,1.570316,0.160682,0.142809
563,3,0.053491,0.035145,0.489373,0.327290,1.452500,0.051047,1.503547,0.045435,0.118423
60,1,0.115036,0.063406,0.497920,0.022993,1.351222,0.145502,1.496724,0.170307,0.098926
434,3,0.053748,0.036653,0.370445,0.443767,1.473582,0.125019,1.542992,0.020040,0.144790
9,1,0.067470,0.101629,0.234658,0.063725,1.266681,0.286917,1.553598,0.156617,0.038742
488,2,0.047125,0.038310,0.428921,0.378293,1.467020,0.115983,1.558589,0.011430,0.156748
277,1,0.047851,0.125299,0.076612,0.212054,1.480157,0.162929,1.498507,0.043149,0.106942
10,1,0.065791,0.101629,0.205243,0.088059,1.373363,0.180235,1.553598,0.157213,0.063078
515,3,0.051143,0.061844,0.334008,0.347642,1.449595,0.068687,1.518282,0.003611,0.142747
716,3,0.144571,0.042849,0.390966,0.267450,1.392687,0.062488,1.330199,0.130899,0.056989
816,3,0.053491,0.040535,0.458155,0.102931,1.485034,0.051047,1.433987,0.014258,0.119621
85,0,0.115036,0.051745,0.018308,0.365017,1.445853,0.145502,1.300352,0.141529,0.033102
57,1,0.115036,0.054957,0.476873,0.006737,1.154574,0.145502,1.300076,0.191123,0.096597
725,2,0.116047,0.051102,0.460644,0.223720,1.202955,0.066762,1.269718,0.123675,0.084340
95,1,0.065791,0.041646,0.253542,0.018240,1.422121,0.180235,1.539236,0.109700,0.056570
207,0,0.067470,0.086680,0.332874,0.048964,1.311478,0.286917,1.543197,0.134531,0.174005
678,3,0.144571,0.035306,0.346894,0.310787,1.438326,0.062488,1.375838,0.174881,0.059119
76,1,0.115036,0.049993,0.488245,0.102170,1.429323,0.145502,1.566767,0.179876,0.097855
312,0,0.065791,0.086680,0.348403,0.021522,1.418160,0.180235,1.543197,0.133430,0.146542
403,2,0.047125,0.106667,0.256928,0.449798,1.454332,0.115983,1.570316,0.159379,0.171870
306,1,0.065791,0.085261,0.228236,0.050248,1.314989,0.180235,1.495224,0.134594,0.059980
79,0,0.115036,0.048446,0.037825,0.286661,1.243052,0.145502,1.097550,0.160847,0.035264
490,2,0.097939,0.038310,0.376599,0.396494,1.453815,0.104774,1.558589,0.011106,0.138548
817,3,0.049048,0.040535,0.179034,0.107943,1.482803,0.048817,1.433987,0.013344,0.114656
90,0,0.115036,0.039178,0.017378,0.471547,1.553283,0.145502,1.407781,0.140607,0.032999
208,0,0.067470,0.080013,0.338729,0.046936,1.315447,0.286917,1.539228,0.128917,0.175252
314,0,0.065791,0.080013,0.354254,0.019022,1.422129,0.180235,1.539228,0.127674,0.147331
1,1,0.067470,0.078328,0.249240,0.075630,1.272405,0.286917,1.559322,0.142636,0.035636
718,3,0.116047,0.042849,0.068309,0.273597,1.396961,0.066762,1.330199,0.132863,0.051021
762,2,0.097939,0.052623,0.404141,0.140088,1.475361,0.104774,1.370587,0.038491,0.140744
493,2,0.097939,0.052623,0.483000,0.340303,1.493494,0.104774,1.388720,0.116904,0.147031
205,0,0.067470,0.075290,0.359816,0.060031,1.207756,0.286917,1.494673,0.108698,0.179744
536,2,0.097939,0.051745,0.490273,0.329613,1.405126,0.104774,1.300352,0.124136,0.147611
722,2,0.097939,0.051102,0.259842,0.176684,1.164943,0.104774,1.269718,0.104990,0.129240
310,0,0.065791,0.075290,0.370396,0.029709,1.314437,0.180235,1.494673,0.111794,0.149506
65,0,0.115036,0.039991,0.040594,0.092774,1.404442,0.145502,1.549944,0.163587,0.035570
213,0,0.067470,0.071728,0.345586,0.039993,1.209020,0.286917,1.495937,0.122342,0.176712
320,0,0.065791,0.071728,0.356650,0.010851,1.315702,0.180235,1.495937,0.125317,0.147653
389,0,0.069743,0.066913,0.377142,0.342414,1.245405,0.681865,1.214322,0.177701,0.052076
680,3,0.116047,0.035306,0.024650,0.316743,1.442600,0.066762,1.375838,0.176428,0.053276
210,0,0.067470,0.066748,0.323185,0.041953,1.227094,0.286917,1.514011,0.143820,0.171941
250,0,0.067470,0.065666,0.346014,0.322984,1.185778,0.286917,1.472696,0.121931,0.176804
433,3,0.049048,0.053744,0.216927,0.457759,1.384584,0.048817,1.433401,0.051187,0.113202
316,0,0.065791,0.066748,0.335694,0.014808,1.333776,0.180235,1.514011,0.145932,0.144830
572,3,0.049048,0.066816,0.194039,0.297834,1.413368,0.048817,1.462184,0.028330,0.114081
361,0,0.065791,0.065666,0.356125,0.352351,1.292460,0.180235,1.472696,0.125834,0.147583
715,3,0.097939,0.042849,0.316244,0.248379,1.434973,0.104774,1.330199,0.124807,0.075504
457,3,0.053352,0.065332,0.009468,0.475075,1.442894,0.009216,1.452110,0.136089,0.038464
313,0,0.065791,0.064869,0.497105,0.042256,1.061927,0.180235,1.242162,0.012853,0.166579
206,1,0.067470,0.063406,0.214414,0.078996,1.357952,0.286917,1.496724,0.176027,0.043054
311,1,0.065791,0.063406,0.188438,0.056648,1.464633,0.180235,1.496724,0.173745,0.065342
863,2,0.097939,0.040819,0.387727,0.022829,1.310550,0.104774,1.205775,0.022170,0.139435
280,1,0.047851,0.080068,0.115703,0.226739,1.443733,0.162929,1.534930,0.004589,0.111773
646,2,0.097939,0.039178,0.385240,0.226904,1.512555,0.104774,1.407781,0.019697,0.139237
253,0,0.067470,0.057046,0.380941,0.308882,1.146767,0.286917,1.433685,0.088443,0.184243
785,2,0.097939,0.036784,0.374191,0.138364,1.418423,0.104774,1.523198,0.008711,0.138356
365,0,0.065791,0.057046,0.387984,0.341566,1.253449,0.180235,1.433685,0.094493,0.151875
659,2,0.047125,0.073635,0.289091,0.148248,1.358503,0.115983,1.474486,0.127437,0.169042
677,3,0.097939,0.035306,0.271204,0.290421,1.480612,0.104774,1.375838,0.169591,0.079095
568,3,0.053748,0.066816,0.415283,0.271200,1.337166,0.125019,1.462184,0.024441,0.140555
571,3,0.053491,0.066816,0.471506,0.292775,1.411137,0.051047,1.462184,0.027591,0.119109
441,2,0.097939,0.035051,0.228909,0.460400,1.292945,0.104774,1.397719,0.135748,0.126774
391,0,0.069743,0.051745,0.382097,0.455832,1.159376,0.681865,1.300352,0.173854,0.054417
425,3,0.053748,0.065018,0.349307,0.441598,1.429999,0.125019,1.555018,0.041010,0.146787
245,0,0.067470,0.053404,0.435373,0.232631,1.256711,0.286917,1.543629,0.036253,0.195838
269,1,0.047851,0.070177,0.171076,0.118346,1.474292,0.162929,1.504372,0.050029,0.118615
569,3,0.051143,0.066816,0.362028,0.270498,1.393497,0.068687,1.462184,0.024339,0.141253
255,0,0.067470,0.052623,0.348641,0.401115,1.083670,0.286917,1.370587,0.119413,0.177363
234,0,0.067470,0.052623,0.452769,0.169888,1.101803,0.286917,1.388720,0.019573,0.199544
355,0,0.065791,0.053404,0.445796,0.268818,1.363393,0.180235,1.543629,0.037622,0.159665
290,1,0.047851,0.068657,0.061145,0.362040,1.511016,0.162929,1.467648,0.058407,0.105031
370,0,0.065791,0.052623,0.354371,0.431748,1.190352,0.180235,1.370587,0.127559,0.147346
343,0,0.065791,0.052623,0.454438,0.209258,1.208484,0.180235,1.388720,0.029120,0.160830
364,0,0.065791,0.051877,0.476443,0.326908,1.328396,0.180235,1.508632,0.007473,0.163794
514,3,0.053748,0.061844,0.386972,0.347159,1.393263,0.125019,1.518282,0.003645,0.143229
349,0,0.065791,0.051745,0.384592,0.242245,1.120116,0.180235,1.300352,0.097830,0.151418
99,1,0.065791,0.051693,0.234249,0.022541,1.355489,0.180235,1.535725,0.128679,0.059170
242,0,0.067470,0.050100,0.397085,0.229305,1.237819,0.286917,1.524736,0.072964,0.187682
285,1,0.047851,0.066816,0.047445,0.322063,1.299256,0.162929,1.462184,0.071923,0.103337
219,1,0.067470,0.049993,0.210776,0.156193,1.279850,0.286917,1.566767,0.179515,0.043829
821,3,0.053748,0.060622,0.350001,0.063534,1.378765,0.125019,1.253746,0.040322,0.146721
824,3,0.053491,0.060622,0.392744,0.089410,1.304793,0.051047,1.253746,0.051067,0.122131
522,3,0.053748,0.060023,0.412280,0.347563,1.422277,0.125019,1.547296,0.021462,0.140839
352,0,0.065791,0.050100,0.407769,0.262482,1.344501,0.180235,1.524736,0.075030,0.154541
275,1,0.047851,0.065332,0.104435,0.216155,1.526554,0.162929,1.452110,0.015704,0.110380
327,1,0.065791,0.049993,0.182421,0.133870,1.386532,0.180235,1.566767,0.179665,0.066153
270,1,0.047851,0.065018,0.064163,0.141285,1.392089,0.162929,1.555018,0.055430,0.105404
630,2,0.047125,0.065666,0.370117,0.175438,1.356712,0.115983,1.472696,0.046969,0.161918
385,0,0.069743,0.043986,0.385019,0.203978,1.345362,0.681865,1.114365,0.171585,0.055798
804,3,0.053748,0.059042,0.341136,0.089065,1.380916,0.125019,1.255897,0.049116,0.147559
807,3,0.053491,0.059042,0.383758,0.115451,1.306944,0.051047,1.255897,0.060042,0.122476
372,0,0.069743,0.045848,0.383769,0.155355,1.240716,0.681865,1.219011,0.172555,0.055208
822,3,0.051143,0.060622,0.296343,0.065603,1.322433,0.068687,1.253746,0.041181,0.144755
805,3,0.051143,0.059042,0.287373,0.091511,1.324585,0.068687,1.255897,0.050129,0.145233
281,1,0.047851,0.061844,0.069674,0.242623,1.355353,0.162929,1.518282,0.049993,0.106085
825,3,0.049048,0.060622,0.112388,0.094584,1.302563,0.048817,1.253746,0.053216,0.117213
696,3,0.053748,0.055901,0.377442,0.187020,1.519860,0.125019,1.394841,0.013098,0.144129
241,0,0.067470,0.045031,0.421856,0.185533,1.248460,0.286917,1.535377,0.049213,0.192959
699,3,0.053491,0.055901,0.425225,0.210632,1.445888,0.051047,1.394841,0.018629,0.120885
282,1,0.047851,0.060023,0.120218,0.239456,1.384367,0.162929,1.547296,0.000135,0.112331
808,3,0.049048,0.059042,0.103408,0.120625,1.304714,0.048817,1.255897,0.062184,0.117558
351,0,0.065791,0.045031,0.432264,0.220674,1.355141,0.180235,1.535377,0.050933,0.157842
626,3,0.053748,0.041946,0.203691,0.166587,1.545994,0.125019,1.420975,0.185468,0.160541
303,1,0.047851,0.059042,0.341186,0.496578,1.418826,0.162929,1.255897,0.217817,0.139636
430,3,0.053748,0.053744,0.437544,0.432268,1.308382,0.125019,1.433401,0.046525,0.138453
697,3,0.051143,0.055901,0.324290,0.187898,1.463528,0.068687,1.394841,0.013304,0.143265
432,3,0.053491,0.053744,0.494202,0.452675,1.382354,0.051047,1.433401,0.050257,0.118238
875,3,0.053748,0.053330,0.422282,0.006564,1.444099,0.125019,1.569118,0.031384,0.139894
761,2,0.053491,0.052623,0.438190,0.124453,1.421634,0.051047,1.370587,0.034334,0.156065
700,3,0.049048,0.055901,0.145839,0.215665,1.443658,0.048817,1.394841,0.019808,0.115930
431,3,0.051143,0.053744,0.383969,0.430622,1.364714,0.068687,1.433401,0.046224,0.140083
654,2,0.047125,0.057046,0.433633,0.198967,1.317701,0.115983,1.433685,0.016110,0.156334
721,2,0.053491,0.051102,0.307777,0.153825,1.218670,0.051047,1.269718,0.095909,0.151061
295,1,0.047851,0.055901,0.258191,0.393467,1.557770,0.162929,1.394841,0.135955,0.129380
254,0,0.067470,0.040520,0.307132,0.329157,1.158461,0.286917,1.445378,0.159213,0.168521
263,1,0.047851,0.055564,0.081418,0.040961,1.510495,0.162929,1.468168,0.038408,0.107536
209,0,0.067470,0.039991,0.298612,0.038395,1.304731,0.286917,1.549944,0.167382,0.166706
299,1,0.047851,0.055227,0.084571,0.457251,1.495626,0.162929,1.483038,0.035298,0.107926
287,1,0.047851,0.055225,0.198791,0.310815,1.490572,0.162929,1.488091,0.077366,0.122040
416,3,0.053748,0.049993,0.205008,0.489590,1.449806,0.125019,1.566767,0.184162,0.160417
712,3,0.053352,0.042849,0.008560,0.286538,1.320983,0.009216,1.330199,0.136997,0.038457
366,0,0.065791,0.040520,0.317642,0.355496,1.265142,0.180235,1.445378,0.163690,0.142397
252,0,0.067470,0.039178,0.360271,0.322715,1.120864,0.286917,1.407781,0.108262,0.179840
325,0,0.065791,0.040133,0.496207,0.020299,1.324914,0.180235,1.505150,0.011969,0.166458
852,3,0.053748,0.048999,0.364554,0.039339,1.412531,0.125019,1.287512,0.025885,0.145347
315,0,0.065791,0.039991,0.314617,0.013676,1.411413,0.180235,1.549944,0.166667,0.141990
720,2,0.051143,0.051102,0.432074,0.116890,1.201030,0.068687,1.269718,0.081236,0.186319
855,3,0.053491,0.048999,0.408693,0.064156,1.338559,0.051047,1.287512,0.035140,0.121519
271,1,0.047851,0.053744,0.044234,0.178883,1.270472,0.162929,1.433401,0.075092,0.102940
239,0,0.067470,0.038463,0.403939,0.184598,1.225283,0.286917,1.512200,0.066392,0.189142
363,0,0.065791,0.039178,0.367095,0.353912,1.227546,0.180235,1.407781,0.115042,0.149061
319,0,0.065791,0.039148,0.461163,0.018798,1.112291,0.180235,1.292526,0.022505,0.161736
576,2,0.047125,0.053404,0.401674,0.259207,1.427645,0.115983,1.543629,0.015629,0.159143
735,3,0.053748,0.047701,0.362894,0.148247,1.517411,0.125019,1.392392,0.027531,0.145504
738,3,0.053491,0.047701,0.410482,0.172693,1.443439,0.051047,1.392392,0.033353,0.121450
788,3,0.053748,0.047398,0.353861,0.120030,1.535522,0.125019,1.410503,0.036492,0.146357
371,0,0.065791,0.038474,0.472985,0.484774,1.317583,0.180235,1.497819,0.010875,0.163329
348,0,0.065791,0.038463,0.413797,0.218447,1.331965,0.180235,1.512200,0.069100,0.155353
791,3,0.053491,0.047398,0.401978,0.144936,1.461550,0.051047,1.410503,0.041845,0.121777
760,2,0.047125,0.052623,0.452360,0.125859,1.254604,0.115983,1.370587,0.034708,0.154687
853,3,0.051143,0.048999,0.311140,0.040777,1.356200,0.068687,1.287512,0.026421,0.143966
279,1,0.047851,0.051758,0.150788,0.213167,1.497404,0.162929,1.481260,0.030018,0.116108
240,1,0.067470,0.036652,0.233528,0.344374,1.291814,0.286917,1.562861,0.157700,0.038982
649,2,0.047125,0.051877,0.459464,0.204528,1.392648,0.115983,1.508632,0.041763,0.154063
52,1,0.065791,0.037229,0.241681,0.026692,1.524722,0.180235,1.436635,0.121368,0.058168
830,3,0.053748,0.045758,0.366098,0.014722,1.529768,0.125019,1.404750,0.024353,0.145201
719,2,0.047125,0.051102,0.326977,0.138478,1.385701,0.115983,1.269718,0.089812,0.165711
736,3,0.051143,0.047701,0.309673,0.149730,1.461079,0.068687,1.392392,0.027884,0.144044
833,3,0.053491,0.045758,0.414126,0.038948,1.455797,0.051047,1.404750,0.029713,0.121310
350,1,0.065791,0.036652,0.205075,0.320255,1.398496,0.180235,1.562861,0.157378,0.063100
789,3,0.051143,0.047398,0.300644,0.121885,1.479191,0.068687,1.410503,0.036891,0.144526
856,3,0.049048,0.048999,0.128572,0.069287,1.336329,0.048817,1.287512,0.037053,0.116592
599,3,0.053748,0.044998,0.319215,0.257070,1.435340,0.125019,1.560359,0.070862,0.149629
232,0,0.067470,0.035013,0.418391,0.135121,1.197613,0.286917,1.484530,0.052535,0.192221
554,2,0.047125,0.050100,0.378530,0.272336,1.408753,0.115983,1.524736,0.038614,0.161178
844,3,0.053748,0.044119,0.410051,0.050253,1.486683,0.125019,1.361664,0.019250,0.141050
739,3,0.049048,0.047701,0.131076,0.177728,1.441209,0.048817,1.392392,0.034552,0.116496
847,3,0.053491,0.044119,0.457082,0.072118,1.412711,0.051047,1.361664,0.013187,0.119662
369,0,0.065791,0.035282,0.481315,0.354978,1.312881,0.180235,1.493117,0.002681,0.164451
831,3,0.051143,0.045758,0.312915,0.016070,1.473437,0.068687,1.404750,0.024651,0.143871
792,3,0.049048,0.047398,0.122692,0.149960,1.459320,0.048817,1.410503,0.042925,0.116818
335,0,0.065791,0.035051,0.490366,0.121365,1.563638,0.180235,1.397719,0.006224,0.165671
341,0,0.065791,0.035013,0.426418,0.170425,1.304295,0.180235,1.484530,0.056684,0.157054
419,3,0.053748,0.043460,0.480018,0.482419,1.360132,0.125019,1.485151,0.088661,0.134441
298,1,0.047851,0.047701,0.246193,0.440891,1.555321,0.162929,1.392392,0.124121,0.127897
710,3,0.053748,0.042849,0.290329,0.169220,1.455218,0.125019,1.330199,0.099518,0.152358
302,1,0.047851,0.047398,0.222164,0.469618,1.568161,0.162929,1.410503,0.100420,0.124928
713,3,0.053491,0.042849,0.335000,0.198072,1.381246,0.051047,1.330199,0.108736,0.124346
845,3,0.051143,0.044119,0.357060,0.049775,1.430351,0.068687,1.361664,0.019383,0.141518
834,3,0.049048,0.045758,0.134807,0.043975,1.453566,0.048817,1.404750,0.030825,0.116353
268,1,0.047851,0.043460,0.133934,0.128096,1.322223,0.162929,1.485151,0.013393,0.114026
628,3,0.053491,0.041946,0.251476,0.199956,1.472023,0.051047,1.420975,0.192151,0.127551
744,2,0.047125,0.046875,0.260309,0.120213,1.398020,0.115983,1.514003,0.156021,0.171572
420,3,0.051143,0.043460,0.426120,0.479011,1.416464,0.068687,1.485151,0.088268,0.137836
711,3,0.051143,0.042849,0.236404,0.173759,1.398886,0.068687,1.330199,0.100968,0.147951
608,3,0.053748,0.040834,0.356403,0.274202,1.525314,0.125019,1.400295,0.033970,0.146117
611,3,0.053491,0.040834,0.404214,0.298992,1.451342,0.051047,1.400295,0.039613,0.121691
862,2,0.053491,0.040819,0.417897,0.005874,1.256822,0.051047,1.205775,0.014067,0.155286
848,3,0.049048,0.044119,0.177472,0.077174,1.410481,0.048817,1.361664,0.011784,0.114716
288,1,0.047851,0.044998,0.038286,0.346143,1.397430,0.162929,1.560359,0.080962,0.102205
627,3,0.051143,0.041946,0.150070,0.174666,1.489663,0.068687,1.420975,0.187086,0.152554
548,2,0.047125,0.045031,0.394844,0.317103,1.419393,0.115983,1.535377,0.022412,0.159744
714,3,0.049048,0.042849,0.055170,0.203157,1.379016,0.048817,1.330199,0.110360,0.119409
266,1,0.047851,0.043563,0.024894,0.103014,1.471387,0.162929,1.507277,0.094180,0.100549
645,2,0.053491,0.039178,0.419977,0.210556,1.458828,0.051047,1.407781,0.016145,0.155366
262,1,0.047851,0.043457,0.058308,0.033797,1.470745,0.162929,1.507919,0.061206,0.104680
609,3,0.051143,0.040834,0.303172,0.275954,1.468982,0.068687,1.400295,0.034369,0.144391
629,3,0.049048,0.041946,0.027744,0.204974,1.469792,0.048817,1.420975,0.193156,0.122590
296,1,0.047851,0.042849,0.226998,0.428713,1.493127,0.162929,1.330199,0.105188,0.125526
487,3,0.049048,0.041229,0.356408,0.443208,1.268260,0.048817,1.317076,0.190486,0.107851
765,3,0.053748,0.037567,0.387436,0.133848,1.515489,0.125019,1.390470,0.003184,0.143186
291,1,0.047851,0.041946,0.062577,0.432996,1.557688,0.162929,1.420975,0.056994,0.105208
768,3,0.053491,0.037567,0.435138,0.156907,1.441517,0.051047,1.390470,0.008729,0.120504
916,3,0.053491,0.037506,0.461799,0.021473,1.327099,0.051047,1.276052,0.017897,0.119481
612,3,0.049048,0.040834,0.124862,0.304022,1.449112,0.048817,1.400295,0.040758,0.116735
286,1,0.047851,0.041692,0.099491,0.322543,1.467503,0.162929,1.511161,0.020581,0.109769
866,3,0.053748,0.036876,0.386672,0.008738,1.404642,0.125019,1.279623,0.003943,0.143258
278,1,0.047851,0.041229,0.072776,0.223988,1.154148,0.162929,1.317076,0.046934,0.106468
869,3,0.053491,0.036876,0.430821,0.032282,1.330670,0.051047,1.279623,0.013040,0.120670
450,3,0.053748,0.036667,0.378326,0.412621,1.445777,0.125019,1.570796,0.012222,0.144046
539,3,0.053748,0.036652,0.241159,0.323025,1.437842,0.125019,1.562861,0.148298,0.157002
289,1,0.047851,0.040834,0.232904,0.321943,1.563224,0.162929,1.400295,0.111014,0.126255
861,2,0.047125,0.040819,0.430914,0.004505,1.089792,0.115983,1.205775,0.013409,0.156573
301,1,0.047851,0.040135,0.027073,0.479804,1.504760,0.162929,1.473903,0.092029,0.100819
766,3,0.051143,0.037567,0.334324,0.134311,1.459157,0.068687,1.390470,0.003296,0.142730
666,2,0.047125,0.040520,0.355166,0.203246,1.329395,0.115983,1.445378,0.061817,0.163233
273,1,0.047851,0.036987,0.129776,0.215856,1.511723,0.162929,1.466941,0.009292,0.113512
672,3,0.053748,0.035306,0.240506,0.210930,1.500857,0.125019,1.375838,0.148946,0.157064
917,3,0.049048,0.037506,0.181599,0.016328,1.324869,0.048817,1.276052,0.015905,0.114558
560,3,0.053748,0.035145,0.434533,0.306926,1.378528,0.125019,1.503547,0.043538,0.138737
675,3,0.053491,0.035306,0.286555,0.242391,1.426885,0.051047,1.375838,0.157117,0.126205
674,3,0.053352,0.035306,0.034894,0.332222,1.366622,0.009216,1.375838,0.180448,0.038094
867,3,0.051143,0.036876,0.333481,0.009239,1.348310,0.068687,1.279623,0.004137,0.142775
440,2,0.053491,0.035051,0.273258,0.437088,1.346672,0.051047,1.397719,0.130382,0.149737
264,1,0.047851,0.036704,0.142041,0.040006,1.367207,0.162929,1.530136,0.021390,0.115028
272,1,0.047851,0.036653,0.126123,0.162022,1.435672,0.162929,1.542992,0.005689,0.113061
644,2,0.047125,0.039178,0.433450,0.209559,1.291798,0.115983,1.407781,0.015928,0.156350
769,3,0.049048,0.037567,0.155720,0.161943,1.439286,0.048817,1.390470,0.009939,0.115551
293,1,0.047851,0.035306,0.138046,0.394442,1.538767,0.162929,1.375838,0.017450,0.114534
797,2,0.047125,0.038646,0.261696,0.100697,1.349624,0.115983,1.465607,0.154644,0.171450
839,2,0.047125,0.038474,0.465217,0.061507,1.381836,0.115983,1.497819,0.047476,0.153557
530,2,0.047125,0.038463,0.395029,0.329066,1.396217,0.115983,1.512200,0.022228,0.159728
870,3,0.049048,0.036876,0.150630,0.037423,1.328440,0.048817,1.279623,0.015024,0.115746
673,3,0.051143,0.035306,0.186592,0.217513,1.444525,0.068687,1.375838,0.150656,0.150607
561,3,0.051143,0.035145,0.381136,0.305425,1.434859,0.068687,1.503547,0.043398,0.140234
300,1,0.047851,0.037567,0.272193,0.464724,1.553398,0.162929,1.390470,0.149766,0.131110
439,2,0.051143,0.035051,0.390858,0.402179,1.329032,0.068687,1.397719,0.122347,0.184121
274,1,0.047851,0.036667,0.107965,0.195850,1.407867,0.162929,1.570796,0.012222,0.110817
283,1,0.047851,0.036652,0.038829,0.290673,1.399933,0.162929,1.562861,0.156983,0.092681
676,3,0.049048,0.035306,0.007064,0.247437,1.424655,0.048817,1.375838,0.158428,0.121255
267,1,0.047851,0.035560,0.177578,0.086355,1.533933,0.162929,1.444731,0.056443,0.119419
294,1,0.047851,0.035311,0.196559,0.393334,1.499702,0.162929,1.478962,0.075165,0.121764
284,1,0.047851,0.035145,0.102854,0.310602,1.340618,0.162929,1.503547,0.017263,0.110185
297,1,0.047851,0.035030,0.021330,0.454395,1.478330,0.162929,1.500334,0.097701,0.100108
292,1,0.047851,0.035026,0.175964,0.358463,1.483408,0.162929,1.495255,0.054851,0.119219
705,2,0.047125,0.035282,0.477336,0.194661,1.377134,0.115983,1.493117,0.059512,0.152491
438,2,0.047125,0.035051,0.290636,0.417626,1.513703,0.115983,1.397719,0.125903,0.168906
689,2,0.047125,0.035036,0.252055,0.178042,1.393197,0.115983,1.509181,0.164218,0.172298
482,2,0.047125,0.035013,0.429981,0.383148,1.368547,0.115983,1.484530,0.012483,0.156655
