6,1,0.215233,0.518080,0.417101,0.220297,1.566569,0.035299,1.539724,0.044723,0.005443
25,1,0.085010,0.518080,0.110547,0.228561,1.570520,0.031349,1.539724,0.044516,0.002816
130,2,0.150234,0.636024,0.009014,0.194892,1.561540,0.049810,1.530243,0.063997,0.026856
190,3,0.181681,0.518080,0.062682,0.177805,1.539930,0.000206,1.539724,0.067665,0.021111
166,3,0.853455,0.518080,0.013006,0.019673,1.555413,0.015689,1.539724,0.063705,0.136938
11,1,0.095346,0.518080,0.285762,0.215313,1.534409,0.067460,1.539724,0.044847,0.010424
131,2,0.055018,0.636024,0.184535,0.200248,1.544464,0.014222,1.530243,0.063827,0.032208
30,1,0.063322,0.518080,0.384867,0.200450,1.558282,0.018558,1.539724,0.045220,0.025279
128,2,0.054960,0.636024,0.258922,0.175062,1.568338,0.038095,1.530243,0.064626,0.007044
20,1,0.061686,0.518080,0.190895,0.244807,1.522828,0.016896,1.539724,0.044109,0.019053
182,3,0.168536,0.518080,0.102246,0.126107,1.542153,0.059715,1.539724,0.066371,0.030558
2,0,0.215233,0.636024,0.129040,0.128646,1.565542,0.035299,1.530243,0.094423,0.031816
178,3,0.158275,0.518080,0.214662,0.087657,1.533119,0.006605,1.539724,0.065408,0.068987
52,1,0.056817,0.518080,0.442909,0.182963,1.563325,0.038543,1.539724,0.045657,0.042757
174,3,0.146697,0.518080,0.036655,0.073709,1.564068,0.024343,1.539724,0.065058,0.082927
124,2,0.043329,0.636024,0.014923,0.160311,1.544922,0.014680,1.530243,0.065094,0.007694
191,3,0.054960,0.518080,0.453763,0.203452,1.563773,0.038095,1.539724,0.068307,0.046744
129,2,0.035039,0.636024,0.049112,0.186485,1.570628,0.040722,1.530243,0.064264,0.018457
93,0,0.728160,0.636024,0.020814,0.017505,1.550330,0.061020,1.530243,0.090894,0.079382
125,2,0.043365,0.636024,0.326493,0.150315,1.566321,0.036079,1.530243,0.065411,0.017682
112,2,0.158275,0.636024,0.394851,0.105809,1.523637,0.006605,1.530243,0.066822,0.062151
21,0,0.071742,0.636024,0.053901,0.109266,1.557008,0.054342,1.530243,0.093808,0.012450
7,0,0.095346,0.636024,0.380534,0.155454,1.543890,0.067460,1.530243,0.095273,0.058605
188,3,0.043365,0.518080,0.397615,0.176570,1.565789,0.036079,1.539724,0.067634,0.019877
121,2,0.041691,0.636024,0.499172,0.134413,1.549470,0.019227,1.530243,0.065915,0.033570
126,2,0.036665,0.636024,0.085856,0.189585,1.519377,0.010865,1.530243,0.064166,0.021554
26,0,0.063322,0.636024,0.313489,0.091869,1.548800,0.018558,1.530243,0.093256,0.004938
132,1,0.728160,0.068924,0.008692,0.012941,1.474001,0.061020,1.535021,0.052891,0.141663
127,2,0.088643,0.636024,0.039376,0.199071,1.479286,0.050956,1.530243,0.063865,0.031032
118,2,0.061737,0.636024,0.269600,0.146699,1.501674,0.028569,1.530243,0.065526,0.021295
187,3,0.045000,0.518080,0.138003,0.151123,1.539724,0.000000,1.539724,0.066997,0.005556
185,3,0.041691,0.518080,0.226567,0.143599,1.558951,0.019227,1.539724,0.066809,0.013076
156,3,0.853455,0.079995,0.086451,0.495334,1.566734,0.015689,1.559169,0.163127,0.139151
122,2,0.040023,0.636024,0.206803,0.166052,1.512389,0.017853,1.530243,0.064912,0.001958
48,0,0.056817,0.636024,0.261885,0.094705,1.568786,0.038543,1.530243,0.093346,0.002102
189,3,0.045121,0.518080,0.171088,0.178844,1.539052,0.062816,1.539724,0.067691,0.022150
120,2,0.053261,0.636024,0.007950,0.148925,1.500849,0.029393,1.530243,0.065455,0.019070
117,2,0.168536,0.636024,0.496486,0.074306,1.551635,0.059715,1.530243,0.067821,0.093630
96,2,0.853455,0.636024,0.099777,0.013939,1.545932,0.015689,1.530243,0.069737,0.154001
115,2,0.041661,0.636024,0.031840,0.105265,1.546661,0.016419,1.530243,0.066839,0.062695
92,1,0.036665,0.518080,0.091810,0.148290,1.550604,0.010880,1.539724,0.046526,0.077411
88,1,0.056697,0.518080,0.383268,0.129884,1.562371,0.039497,1.539724,0.046987,0.095807
135,1,0.728160,0.518080,0.013444,0.083612,1.540849,0.061020,1.539724,0.048145,0.142054
84,0,0.056697,0.636024,0.321997,0.043360,1.569739,0.039497,1.530243,0.091717,0.053442
183,3,0.061737,0.518080,0.437654,0.104561,1.511155,0.028569,1.539724,0.065831,0.052093
113,2,0.044962,0.636024,0.238292,0.108177,1.512083,0.018159,1.530243,0.066747,0.059785
177,3,0.043325,0.518080,0.184747,0.083354,1.559898,0.020174,1.539724,0.065300,0.073288
133,1,0.728160,0.079995,0.095460,0.052482,1.521404,0.061020,1.559169,0.156835,0.133102
31,0,0.055024,0.636024,0.115104,0.091270,1.507444,0.022799,1.530243,0.093237,0.005536
73,1,0.051766,0.518080,0.104428,0.180759,1.493133,0.046591,1.539724,0.045713,0.044960
196,3,0.853455,0.046856,0.113930,0.070287,1.522200,0.015689,1.506511,0.190602,0.139763
181,3,0.035034,0.518080,0.427799,0.131998,1.535780,0.066089,1.539724,0.066518,0.024670
186,3,0.062022,0.518080,0.313290,0.194756,1.506171,0.095697,1.539724,0.068090,0.038053
102,2,0.095186,0.636024,0.471014,0.080545,1.491903,0.038339,1.530243,0.067623,0.087395
168,3,0.070015,0.518080,0.065759,0.040922,1.546972,0.007248,1.539724,0.064237,0.115697
134,1,0.728160,0.055556,0.021821,0.055288,1.509776,0.061020,1.570796,0.083333,0.139156
116,2,0.205126,0.636024,0.029185,0.130646,1.469973,0.060270,1.530243,0.066035,0.037334
123,2,0.062022,0.636024,0.393434,0.106487,1.515653,0.095697,1.530243,0.066801,0.061473
83,1,0.040033,0.518080,0.148756,0.155935,1.507305,0.032419,1.539724,0.046334,0.069770
107,2,0.050000,0.636024,0.056941,0.066819,1.530243,0.000000,1.530243,0.068059,0.101111
65,0,0.041799,0.636024,0.469405,0.103218,1.535487,0.075863,1.530243,0.093616,0.006406
69,1,0.041799,0.518080,0.251041,0.154290,1.526006,0.075863,1.539724,0.046375,0.071414
17,1,0.061686,0.068924,0.177555,0.173377,1.551917,0.016896,1.535021,0.057446,0.018757
97,2,0.039990,0.636024,0.489063,0.023863,1.552644,0.022401,1.530243,0.069422,0.144056
180,3,0.044962,0.518080,0.485029,0.076335,1.521565,0.018159,1.539724,0.065124,0.080303
170,3,0.095186,0.518080,0.202875,0.028166,1.501385,0.038339,1.539724,0.063918,0.128448
155,1,0.083480,0.518080,0.108032,0.122430,1.488470,0.051254,1.539724,0.047173,0.103257
3,1,0.215233,0.068924,0.405040,0.149752,1.499722,0.035299,1.535021,0.056776,0.004853
33,0,0.045114,0.636024,0.178345,0.117432,1.517583,0.093767,1.530243,0.094067,0.020610
114,2,0.035034,0.636024,0.304559,0.075091,1.545261,0.066089,1.530243,0.067796,0.092845
109,2,0.146729,0.636024,0.118229,0.064425,1.487741,0.042502,1.530243,0.068135,0.103504
42,1,0.045277,0.518080,0.035316,0.209820,1.491744,0.110124,1.539724,0.044985,0.015914
110,2,0.038354,0.636024,0.097492,0.073921,1.539174,0.072176,1.530243,0.067833,0.094015
108,2,0.046696,0.636024,0.232595,0.081595,1.498437,0.031805,1.530243,0.067590,0.086346
111,2,0.048275,0.636024,0.355651,0.112400,1.481028,0.049215,1.530243,0.066613,0.055565
5,1,0.215233,0.055556,0.378465,0.190892,1.535497,0.035299,1.570796,0.083333,0.003552
167,3,0.039990,0.518080,0.237610,0.036446,1.562125,0.022401,1.539724,0.064125,0.120171
161,1,0.068916,0.055556,0.000678,0.005472,1.490303,0.080493,1.570796,0.083333,0.188972
98,2,0.046654,0.636024,0.037138,0.042839,1.507047,0.023195,1.530243,0.068819,0.125078
175,3,0.035148,0.518080,0.010002,0.066907,1.531069,0.070799,1.539724,0.064888,0.089726
162,1,0.068916,0.518080,0.033844,0.032970,1.521375,0.080493,1.539724,0.049414,0.192672
58,1,0.035026,0.518080,0.232780,0.226231,1.464033,0.075692,1.539724,0.044574,0.000487
70,1,0.051766,0.068924,0.094511,0.108980,1.559981,0.046591,1.535021,0.055619,0.045599
152,1,0.035039,0.518080,0.211498,0.127948,1.497796,0.041928,1.539724,0.047035,0.097742
19,1,0.061686,0.055556,0.151664,0.212625,1.553900,0.016896,1.570796,0.083333,0.018180
22,1,0.085010,0.068924,0.098048,0.157955,1.503672,0.031349,1.535021,0.057008,0.003344
27,1,0.063322,0.068924,0.373881,0.129607,1.516463,0.018558,1.535021,0.056204,0.024985
119,2,0.062466,0.636024,0.291185,0.220598,1.355591,0.174652,1.530243,0.063182,0.052541
24,1,0.085010,0.055556,0.071710,0.198902,1.539448,0.031349,1.570796,0.083333,0.004457
146,1,0.039945,0.518080,0.051535,0.133354,1.487286,0.052438,1.539724,0.046900,0.092339
39,1,0.058712,0.518080,0.441890,0.294269,1.419840,0.119885,1.539724,0.042870,0.068488
173,3,0.046696,0.518080,0.489434,0.036068,1.507919,0.031805,1.539724,0.064116,0.120549
55,1,0.035026,0.068924,0.220426,0.153834,1.530880,0.075692,1.535021,0.056891,0.000774
80,1,0.040033,0.068924,0.140164,0.084413,1.567440,0.032419,1.535021,0.054921,0.070152
4,1,0.215233,0.079995,0.306248,0.185573,1.547124,0.035299,1.559169,0.155501,0.000018
29,1,0.063322,0.055556,0.346746,0.170184,1.552238,0.018558,1.570796,0.083333,0.024261
247,2,0.150234,0.106293,0.101253,0.369142,1.072317,0.049810,1.022506,0.046051,0.019165
95,0,0.038473,0.636024,0.433602,0.060181,1.507971,0.103379,1.530243,0.092251,0.036615
47,1,0.040798,0.518080,0.299606,0.265168,1.388885,0.150839,1.539724,0.043599,0.039403
74,0,0.048416,0.636024,0.048336,0.033338,1.505995,0.105355,1.530243,0.091399,0.063477
176,3,0.048275,0.518080,0.365971,0.049712,1.490509,0.049215,1.539724,0.064457,0.106913
179,3,0.035039,0.518080,0.185315,0.070514,1.485407,0.054317,1.539724,0.064978,0.086121
89,1,0.036665,0.068924,0.083616,0.077279,1.524141,0.010880,1.535021,0.054719,0.077283
64,1,0.035158,0.518080,0.487041,0.252120,1.440192,0.099533,1.539724,0.043926,0.026362
0,0,0.050233,0.636024,0.175586,0.171634,1.486370,0.124980,1.530243,0.095786,0.074772
101,2,0.057542,0.636024,0.314051,0.132582,1.355311,0.174932,1.530243,0.065973,0.035400
49,1,0.056817,0.068924,0.432843,0.112362,1.496477,0.038543,1.535021,0.055715,0.042219
99,2,0.049827,0.636024,0.180597,0.062315,1.473969,0.056274,1.530243,0.068202,0.105612
79,1,0.037259,0.518080,0.292486,0.224771,1.381375,0.158349,1.539724,0.044611,0.000972
140,1,0.083480,0.068924,0.101228,0.050826,1.555318,0.051254,1.535021,0.053968,0.103726
51,1,0.056817,0.055556,0.405203,0.153701,1.532253,0.038543,1.570796,0.083333,0.040744
137,1,0.039945,0.068924,0.044148,0.061691,1.554134,0.052438,1.535021,0.054277,0.092864
139,1,0.035039,0.068924,0.204400,0.056401,1.564644,0.041928,1.535021,0.054126,0.098152
61,1,0.035158,0.068924,0.473287,0.179129,1.507039,0.099533,1.535021,0.057609,0.024504
144,1,0.040311,0.518080,0.416891,0.208414,1.411667,0.128057,1.539724,0.045020,0.017319
23,1,0.085010,0.079995,0.000421,0.193098,1.551075,0.031349,1.559169,0.155426,0.007506
28,1,0.063322,0.079995,0.274340,0.163262,1.563866,0.018558,1.559169,0.155725,0.022327
10,1,0.095346,0.055556,0.247186,0.187516,1.503336,0.067460,1.570796,0.083333,0.006928
245,2,0.054960,0.106293,0.361681,0.348706,1.060601,0.038095,1.022506,0.038056,0.001729
72,1,0.051766,0.055556,0.066764,0.147056,1.524205,0.046591,1.570796,0.083333,0.047388
91,1,0.036665,0.055556,0.055001,0.117607,1.559916,0.010880,1.570796,0.083333,0.076837
246,2,0.035039,0.106293,0.156506,0.361449,1.063228,0.040722,1.022506,0.043042,0.012602
90,1,0.036665,0.079995,0.017945,0.109885,1.570049,0.010880,1.559169,0.156260,0.075701
18,1,0.061686,0.079995,0.079653,0.202170,1.542273,0.016896,1.559169,0.155335,0.016578
82,1,0.040033,0.055556,0.111737,0.123027,1.538377,0.032419,1.570796,0.083333,0.071417
50,1,0.056817,0.079995,0.332608,0.148719,1.543880,0.038543,1.559169,0.155871,0.036869
32,1,0.055024,0.079995,0.481460,0.200356,1.536370,0.022799,1.559169,0.155353,0.014764
106,2,0.037259,0.636024,0.248870,0.132944,1.372020,0.158223,1.530243,0.065962,0.035038
302,3,0.168536,0.046856,0.027172,0.169073,1.566226,0.059715,1.506511,0.195541,0.041196
86,1,0.056697,0.079995,0.273760,0.095867,1.542927,0.039497,1.559169,0.156400,0.089718
282,2,0.150234,0.063226,0.028705,0.354657,1.274052,0.049810,1.224242,0.026412,0.024229
193,3,0.036818,0.518080,0.210327,0.165707,1.445773,0.093951,1.539724,0.067362,0.009020
8,1,0.095346,0.068924,0.273934,0.145250,1.467561,0.067460,1.535021,0.056648,0.009352
192,3,0.038423,0.518080,0.146394,0.155636,1.399432,0.140292,1.539724,0.067110,0.001046
294,3,0.146697,0.046856,0.091567,0.122675,1.530855,0.024343,1.506511,0.193221,0.087492
149,1,0.038473,0.518080,0.291692,0.082532,1.498489,0.103379,1.539724,0.048172,0.143133
244,2,0.043365,0.106293,0.419045,0.320646,1.058585,0.036079,1.022506,0.027079,0.022211
87,1,0.056697,0.055556,0.346890,0.100660,1.531299,0.039497,1.570796,0.083333,0.093784
197,3,0.853455,0.054079,0.018041,0.042827,1.256723,0.015689,1.272412,0.094715,0.137629
194,2,0.853455,0.058395,0.170481,0.197116,1.387405,0.015689,1.371716,0.140432,0.152428
195,2,0.853455,0.063226,0.104947,0.165170,1.239931,0.015689,1.224242,0.074907,0.153886
81,1,0.040033,0.079995,0.038781,0.110922,1.526750,0.032419,1.559169,0.156249,0.074663
272,2,0.062466,0.063226,0.339464,0.396729,1.049590,0.174652,1.224242,0.015644,0.063776
279,2,0.088643,0.063226,0.079485,0.364835,1.173285,0.050956,1.224242,0.023807,0.033796
36,1,0.058712,0.068924,0.425858,0.220555,1.486687,0.119885,1.535021,0.058785,0.065902
85,1,0.056697,0.068924,0.376044,0.059149,1.495524,0.039497,1.535021,0.054204,0.095405
100,2,0.043451,0.636024,0.368248,0.097873,1.431755,0.098487,1.530243,0.067074,0.070080
154,1,0.083480,0.055556,0.071824,0.088692,1.519543,0.051254,1.570796,0.083333,0.105752
57,1,0.035026,0.055556,0.193906,0.190963,1.495105,0.075692,1.570796,0.083333,0.003482
151,1,0.035039,0.055556,0.175166,0.094602,1.528868,0.041928,1.570796,0.083333,0.099842
104,2,0.035348,0.636024,0.160207,0.024254,1.489897,0.121453,1.530243,0.069409,0.143664
59,0,0.047140,0.636024,0.056002,0.079136,1.467795,0.143555,1.530243,0.092853,0.017664
9,1,0.095346,0.079995,0.174848,0.185219,1.514964,0.067460,1.559169,0.155505,0.000372
311,3,0.054960,0.046856,0.322363,0.250399,1.544606,0.038095,1.506511,0.199608,0.039948
153,1,0.083480,0.079995,0.001669,0.074776,1.507915,0.051254,1.559169,0.156612,0.110809
150,1,0.035039,0.079995,0.101886,0.081505,1.517241,0.041928,1.559169,0.156544,0.104079
283,2,0.055018,0.063226,0.223920,0.362332,1.238463,0.014222,1.224242,0.024447,0.031444
309,3,0.043365,0.046856,0.266881,0.223870,1.542590,0.036079,1.506511,0.198281,0.013479
71,1,0.051766,0.079995,0.006025,0.133507,1.512578,0.046591,1.559169,0.156023,0.052081
35,0,0.058712,0.636024,0.270551,0.040926,1.410358,0.119885,1.530243,0.091640,0.055877
270,2,0.205126,0.063226,0.052615,0.291212,1.163972,0.060270,1.224242,0.042649,0.035408
297,3,0.158275,0.046856,0.085861,0.142370,1.499906,0.006605,1.506511,0.194206,0.067841
310,3,0.045121,0.046856,0.040356,0.221211,1.569327,0.062816,1.506511,0.198148,0.010825
145,1,0.039945,0.055556,0.015055,0.099510,1.518358,0.052438,1.570796,0.083333,0.094934
284,3,0.039990,0.046856,0.110315,0.085948,1.528912,0.022401,1.506511,0.191385,0.124137
296,3,0.043325,0.046856,0.056271,0.133185,1.526685,0.020174,1.506511,0.193747,0.077005
305,3,0.041691,0.046856,0.096573,0.193777,1.525738,0.019227,1.506511,0.196777,0.016547
314,3,0.055018,0.046856,0.396849,0.255009,1.520733,0.014222,1.506511,0.199838,0.044549
278,2,0.036665,0.063226,0.123041,0.352428,1.213377,0.010865,1.224242,0.026982,0.022134
300,3,0.035034,0.046856,0.298236,0.174100,1.568993,0.066089,1.506511,0.195793,0.036181
339,3,0.181681,0.054079,0.052876,0.208992,1.272206,0.000206,1.272412,0.057858,0.021111
285,3,0.070015,0.046856,0.061746,0.092984,1.513759,0.007248,1.506511,0.191737,0.117116
281,2,0.035039,0.063226,0.084890,0.346441,1.264963,0.040722,1.224242,0.028514,0.016506
105,2,0.056989,0.636024,0.193175,0.017284,1.314222,0.297127,1.530243,0.070723,0.185067
280,2,0.054960,0.063226,0.292016,0.334553,1.262337,0.038095,1.224242,0.031557,0.005332
250,2,0.062022,0.078279,0.499710,0.285308,1.051218,0.095697,0.955522,0.038974,0.075232
16,1,0.035614,0.518080,0.346821,0.135092,1.384239,0.217629,1.539724,0.046856,0.090602
54,0,0.035026,0.636024,0.498929,0.019083,1.454551,0.075692,1.530243,0.090944,0.077791
157,3,0.049827,0.079995,0.439499,0.478252,1.502895,0.056274,1.559169,0.162955,0.156232
243,2,0.062022,0.106293,0.465380,0.263711,1.118203,0.095697,1.022506,0.004805,0.070788
201,2,0.062022,0.070858,0.488328,0.281136,1.069231,0.095697,0.973534,0.027645,0.073759
53,0,0.046932,0.636024,0.095457,0.036594,1.431687,0.098556,1.530243,0.091502,0.060215
274,2,0.040023,0.063226,0.238409,0.327695,1.206388,0.017853,1.224242,0.033312,0.001114
172,3,0.071257,0.518080,0.055186,0.027762,1.357161,0.182564,1.539724,0.063908,0.128852
308,3,0.045000,0.046856,0.007673,0.204794,1.506511,0.000000,1.506511,0.197327,0.005556
276,2,0.043329,0.063226,0.044741,0.320060,1.238922,0.014680,1.224242,0.035266,0.008292
67,1,0.041799,0.079995,0.140989,0.125408,1.506561,0.075863,1.559169,0.156104,0.060178
12,0,0.035614,0.636024,0.391584,0.230811,1.393721,0.217629,1.530243,0.097663,0.133901
271,2,0.061737,0.063226,0.296626,0.307377,1.195673,0.028569,1.224242,0.038512,0.020213
273,2,0.053261,0.063226,0.035494,0.309767,1.194849,0.029393,1.224242,0.037900,0.017966
68,1,0.041799,0.055556,0.213974,0.126815,1.494934,0.075863,1.570796,0.083333,0.067629
340,3,0.054960,0.054079,0.470375,0.236724,1.234317,0.038095,1.272412,0.051707,0.047603
335,3,0.062022,0.054079,0.327966,0.228716,1.176715,0.095697,1.272412,0.053483,0.039953
136,1,0.040311,0.068924,0.405450,0.135307,1.478515,0.128057,1.535021,0.056366,0.019289
307,3,0.062022,0.046856,0.182100,0.231477,1.539384,0.095697,1.506511,0.198662,0.021068
184,3,0.062466,0.518080,0.431343,0.026467,1.365073,0.174652,1.539724,0.063875,0.130146
277,2,0.043365,0.063226,0.353737,0.308652,1.260321,0.036079,1.224242,0.038186,0.019015
43,0,0.040798,0.636024,0.435229,0.020532,1.379403,0.150839,1.530243,0.089698,0.117049
94,0,0.040311,0.636024,0.315607,0.053790,1.402186,0.128057,1.530243,0.088641,0.150373
255,2,0.057542,0.063226,0.339390,0.297541,1.049310,0.174932,1.224242,0.041029,0.029459
75,0,0.037259,0.636024,0.447256,0.068335,1.371893,0.158349,1.530243,0.088179,0.164917
103,2,0.035621,0.636024,0.061775,0.035625,1.445304,0.166046,1.530243,0.069048,0.132291
63,1,0.035158,0.055556,0.447430,0.215455,1.471264,0.099533,1.570796,0.083333,0.021011
44,1,0.040798,0.068924,0.285089,0.191107,1.455732,0.150839,1.535021,0.057949,0.036475
60,0,0.035158,0.636024,0.246881,0.019343,1.430710,0.099533,1.530243,0.090953,0.077528
266,2,0.158275,0.063226,0.411784,0.262922,1.217636,0.006605,1.224242,0.049890,0.062001
260,2,0.037259,0.063226,0.274070,0.297320,1.066019,0.158223,1.224242,0.041086,0.029667
338,3,0.045121,0.054079,0.181391,0.211013,1.209596,0.062816,1.272412,0.057410,0.023043
337,3,0.043365,0.054079,0.407220,0.208191,1.236333,0.036079,1.272412,0.058036,0.020347
299,3,0.044962,0.046856,0.356374,0.133323,1.488352,0.018159,1.506511,0.193754,0.076867
306,3,0.040023,0.046856,0.391739,0.191307,1.488658,0.017853,1.506511,0.196653,0.019012
76,1,0.037259,0.068924,0.280129,0.151027,1.448223,0.158349,1.535021,0.056812,0.003580
331,3,0.168536,0.054079,0.098687,0.154598,1.212697,0.059715,1.272412,0.069923,0.030851
40,1,0.045277,0.068924,0.023727,0.140425,1.424897,0.110124,1.535021,0.056511,0.014174
66,1,0.041799,0.068924,0.242481,0.084026,1.459158,0.075863,1.535021,0.054910,0.070540
169,3,0.043451,0.518080,0.362277,0.016358,1.441237,0.098487,1.539724,0.062803,0.172935
342,3,0.036818,0.054079,0.216862,0.195477,1.366363,0.093951,1.272412,0.060856,0.008201
56,1,0.035026,0.079995,0.121417,0.174708,1.483477,0.075692,1.559169,0.155610,0.010882
341,3,0.038423,0.054079,0.150366,0.185003,1.412705,0.140292,1.272412,0.063179,0.001805
242,2,0.035034,0.106293,0.364729,0.231593,1.088595,0.066089,1.022506,0.007759,0.098191
336,3,0.045000,0.054079,0.140950,0.181077,1.272412,0.000000,1.272412,0.064050,0.005556
34,1,0.045114,0.079995,0.429288,0.123749,1.488656,0.093767,1.559169,0.156121,0.061837
241,2,0.038354,0.106293,0.156976,0.229677,1.094682,0.072176,1.022506,0.008509,0.099825
171,3,0.035629,0.518080,0.146519,0.001855,1.344891,0.194833,1.539724,0.063168,0.158377
303,3,0.061737,0.046856,0.308172,0.163350,1.477942,0.028569,1.506511,0.195255,0.046907
265,2,0.048275,0.063226,0.374492,0.271105,1.175027,0.049215,1.224242,0.047795,0.054308
334,3,0.041691,0.054079,0.227587,0.173233,1.253185,0.019227,1.272412,0.065789,0.013048
267,2,0.044962,0.063226,0.255884,0.265778,1.206082,0.018159,1.224242,0.049158,0.059315
275,2,0.062022,0.063226,0.409983,0.261203,1.319939,0.095697,1.224242,0.050329,0.063616
293,3,0.046696,0.046856,0.361629,0.095243,1.474706,0.031805,1.506511,0.191850,0.114863
289,3,0.095186,0.046856,0.075181,0.088459,1.468172,0.038339,1.506511,0.191511,0.121631
269,2,0.041661,0.063226,0.015216,0.261749,1.240661,0.016419,1.224242,0.050190,0.063102
41,1,0.045277,0.055556,0.003528,0.184319,1.460672,0.110124,1.570796,0.083333,0.010126
38,1,0.058712,0.055556,0.401128,0.256359,1.450912,0.119885,1.570796,0.083333,0.061914
330,3,0.035034,0.054079,0.425783,0.160879,1.206324,0.066089,1.272412,0.068529,0.024850
254,2,0.043451,0.063226,0.383876,0.256535,1.125755,0.098487,1.224242,0.051524,0.068004
46,1,0.040798,0.055556,0.259410,0.225739,1.419957,0.150839,1.570796,0.083333,0.031295
291,3,0.035348,0.046856,0.444215,0.171197,1.513628,0.121453,1.506511,0.195648,0.039077
147,1,0.038473,0.079995,0.182483,0.057682,1.479044,0.103379,1.559169,0.156783,0.127902
256,2,0.095186,0.063226,0.482003,0.236530,1.185902,0.038339,1.224242,0.056644,0.086808
327,3,0.158275,0.054079,0.201319,0.114800,1.279017,0.006605,1.272412,0.078750,0.068868
78,1,0.037259,0.055556,0.253269,0.185198,1.412447,0.158349,1.570796,0.083333,0.009247
163,3,0.043451,0.055556,0.341644,0.479807,1.472309,0.098487,1.570796,0.083333,0.170193
332,3,0.061737,0.054079,0.428710,0.132737,1.300981,0.028569,1.272412,0.074772,0.051734
263,2,0.146729,0.063226,0.111166,0.219203,1.181740,0.042502,1.224242,0.061078,0.103095
143,1,0.040311,0.055556,0.378254,0.170473,1.442739,0.128057,1.570796,0.083333,0.023971
220,2,0.205126,0.058395,0.028550,0.309704,1.311447,0.060270,1.371716,0.123659,0.042080
301,3,0.205126,0.046856,0.407786,0.120044,1.446242,0.060270,1.506511,0.193090,0.090117
262,2,0.046696,0.063226,0.243809,0.237553,1.192436,0.031805,1.224242,0.056382,0.085847
13,1,0.035614,0.068924,0.339087,0.066198,1.317392,0.217629,1.535021,0.054405,0.088359
235,2,0.150234,0.058395,0.057694,0.383512,1.421526,0.049810,1.371716,0.112663,0.030258
148,1,0.038473,0.055556,0.256337,0.056242,1.467417,0.103379,1.570796,0.083333,0.138203
221,2,0.168536,0.058395,0.433480,0.262392,1.431431,0.059715,1.371716,0.130707,0.088450
295,3,0.048275,0.046856,0.237591,0.111792,1.457296,0.049215,1.506511,0.192677,0.098350
141,1,0.068916,0.068924,0.031803,0.038024,1.454528,0.080493,1.535021,0.051449,0.192450
158,3,0.043451,0.079995,0.261658,0.474920,1.460682,0.098487,1.559169,0.162922,0.159563
216,2,0.158275,0.058395,0.334881,0.288681,1.365111,0.006605,1.371716,0.126791,0.062685
323,3,0.146697,0.054079,0.019560,0.099447,1.248069,0.024343,1.272412,0.082155,0.083536
268,2,0.035034,0.063226,0.313863,0.229228,1.290330,0.066089,1.224242,0.058513,0.093672
264,2,0.038354,0.063226,0.106504,0.227927,1.296417,0.072176,1.224242,0.058846,0.094895
62,1,0.035158,0.079995,0.375002,0.196819,1.459636,0.099533,1.559169,0.155389,0.011227
248,2,0.035621,0.078279,0.132264,0.196399,1.121567,0.166046,0.955522,0.000472,0.147823
261,2,0.050000,0.063226,0.064462,0.221314,1.224242,0.000000,1.224242,0.060538,0.101111
236,2,0.036818,0.058395,0.486851,0.455776,1.277765,0.093951,1.371716,0.101898,0.101082
198,2,0.035621,0.070858,0.122559,0.194111,1.139580,0.166046,0.973534,0.009100,0.145685
232,2,0.088643,0.058395,0.009909,0.380838,1.320760,0.050956,1.371716,0.113061,0.027637
298,3,0.035039,0.046856,0.056334,0.133530,1.452194,0.054317,1.506511,0.193764,0.076661
223,2,0.062466,0.058395,0.242628,0.394718,1.197065,0.174652,1.371716,0.110994,0.041240
286,3,0.049827,0.046856,0.412532,0.055824,1.450238,0.056274,1.506511,0.189879,0.154194
240,2,0.056989,0.106293,0.213547,0.120432,1.319634,0.297127,1.022506,0.051247,0.193033
253,2,0.049827,0.063226,0.187181,0.217055,1.167968,0.056274,1.224242,0.061628,0.105115
238,2,0.035621,0.106293,0.103763,0.180781,1.188552,0.166046,1.022506,0.027637,0.141543
326,3,0.043325,0.054079,0.170170,0.109733,1.252238,0.020174,1.272412,0.079874,0.073710
206,2,0.095186,0.058395,0.407525,0.260011,1.333377,0.038339,1.371716,0.131062,0.090784
318,3,0.095186,0.054079,0.174539,0.054019,1.310752,0.038339,1.272412,0.092232,0.126935
237,2,0.055018,0.058395,0.136134,0.386459,1.385938,0.014222,1.371716,0.112224,0.033146
249,2,0.035348,0.078279,0.227006,0.188118,1.076975,0.121453,0.955522,0.003114,0.154584
37,1,0.058712,0.079995,0.328934,0.235866,1.439284,0.119885,1.559169,0.154997,0.050271
159,3,0.057542,0.079995,0.310500,0.439155,1.384237,0.174932,1.559169,0.162564,0.195325
239,2,0.035348,0.106293,0.198429,0.170971,1.143960,0.121453,1.022506,0.031475,0.149913
200,2,0.056989,0.070858,0.229085,0.129474,1.270661,0.297127,0.973534,0.036392,0.199108
1,1,0.050233,0.079995,0.427777,0.150262,1.457444,0.124980,1.559169,0.155855,0.035326
320,3,0.071257,0.054079,0.027520,0.059069,1.454976,0.182564,1.272412,0.091112,0.122111
329,3,0.044962,0.054079,0.468846,0.103284,1.290572,0.018159,1.272412,0.081304,0.079871
316,3,0.070015,0.054079,0.040307,0.065485,1.265164,0.007248,1.272412,0.089688,0.115981
227,2,0.062022,0.058395,0.334509,0.297701,1.467413,0.095697,1.371716,0.125447,0.053844
222,2,0.061737,0.058395,0.214265,0.328650,1.343147,0.028569,1.371716,0.120836,0.023512
259,2,0.056989,0.063226,0.181247,0.136962,1.521369,0.297127,1.224242,0.082127,0.180402
199,2,0.035348,0.070858,0.217217,0.185279,1.094987,0.121453,0.973534,0.012829,0.152984
333,3,0.062466,0.054079,0.403325,0.057483,1.447064,0.174652,1.272412,0.091464,0.123625
205,2,0.057542,0.058395,0.254322,0.302232,1.196784,0.174932,1.371716,0.124772,0.049404
209,2,0.056989,0.058395,0.119642,0.193152,1.472749,0.297127,1.371716,0.141023,0.156313
45,1,0.040798,0.079995,0.186571,0.202194,1.408329,0.150839,1.559169,0.155335,0.016602
142,1,0.040311,0.079995,0.305108,0.149023,1.431112,0.128057,1.559169,0.155868,0.036565
233,2,0.054960,0.058395,0.207720,0.362528,1.409811,0.038095,1.371716,0.115789,0.009692
224,2,0.053261,0.058395,0.047151,0.330932,1.342323,0.029393,1.371716,0.120496,0.021276
77,1,0.037259,0.079995,0.179930,0.160868,1.400820,0.158349,1.559169,0.155749,0.024721
160,3,0.037259,0.079995,0.393938,0.454495,1.400946,0.158223,1.559169,0.162717,0.179986
304,3,0.062466,0.046856,0.300603,0.110420,1.331860,0.174652,1.506511,0.192609,0.099720
14,1,0.035614,0.079995,0.234913,0.127443,1.364794,0.217629,1.559169,0.156084,0.058143
252,2,0.046654,0.063226,0.035366,0.195880,1.201047,0.023195,1.224242,0.067048,0.125019
211,2,0.050000,0.058395,0.007633,0.249475,1.371716,0.000000,1.371716,0.132632,0.101111
203,2,0.049827,0.058395,0.114620,0.239795,1.315443,0.056274,1.371716,0.134074,0.110598
214,2,0.048275,0.058395,0.295875,0.291878,1.322501,0.049215,1.371716,0.126315,0.059552
288,3,0.057542,0.046856,0.284537,0.020703,1.331580,0.174932,1.506511,0.188123,0.189238
212,2,0.046696,0.058395,0.169336,0.261668,1.339911,0.031805,1.371716,0.130815,0.089161
15,1,0.035614,0.055556,0.309449,0.114682,1.353167,0.217629,1.570796,0.083333,0.079762
138,1,0.038473,0.068924,0.286971,0.012135,1.431641,0.103379,1.535021,0.052868,0.142475
231,2,0.036665,0.058395,0.035920,0.373838,1.360851,0.010865,1.371716,0.114104,0.020776
230,2,0.045121,0.058395,0.494350,0.312435,1.434532,0.062816,1.371716,0.123252,0.039404
218,2,0.044962,0.058395,0.178434,0.290009,1.353557,0.018159,1.371716,0.126593,0.061384
325,3,0.048275,0.054079,0.343170,0.076569,1.321627,0.049215,1.272412,0.087230,0.105392
234,2,0.035039,0.058395,0.000830,0.374242,1.412438,0.040722,1.371716,0.114044,0.021173
251,2,0.039990,0.063226,0.486277,0.175720,1.246643,0.022401,1.224242,0.072207,0.143969
204,2,0.043451,0.058395,0.305836,0.272673,1.273229,0.098487,1.371716,0.129176,0.078374
322,3,0.046696,0.054079,0.463058,0.061931,1.304217,0.031805,1.272412,0.090477,0.119376
229,2,0.043365,0.058395,0.272321,0.337304,1.407795,0.036079,1.371716,0.119547,0.015031
228,2,0.043329,0.058395,0.038286,0.345876,1.386396,0.014680,1.371716,0.118270,0.006629
215,2,0.043325,0.058395,0.475299,0.257100,1.391890,0.020174,1.371716,0.131496,0.093637
225,2,0.041691,0.058395,0.442939,0.319919,1.390943,0.019227,1.371716,0.122137,0.032069
317,3,0.043451,0.054079,0.323180,0.011335,1.370899,0.098487,1.272412,0.101706,0.167739
226,2,0.040023,0.058395,0.153930,0.349201,1.353863,0.017853,1.371716,0.117775,0.003370
202,2,0.039990,0.058395,0.419635,0.207864,1.394117,0.022401,1.371716,0.138831,0.141893
257,2,0.035621,0.063226,0.061795,0.188139,1.390288,0.166046,1.224242,0.069029,0.132295
258,2,0.035348,0.063226,0.157589,0.176500,1.345695,0.121453,1.224242,0.072008,0.143236
213,2,0.038354,0.058395,0.034539,0.262989,1.443892,0.072176,1.371716,0.130618,0.087866
210,2,0.037259,0.058395,0.189559,0.303992,1.213493,0.158223,1.371716,0.124510,0.047679
315,3,0.039990,0.054079,0.210873,0.060227,1.250011,0.022401,1.272412,0.090855,0.121004
207,2,0.035621,0.058395,0.005227,0.232725,1.537762,0.166046,1.371716,0.135127,0.117527
208,2,0.035348,0.058395,0.091702,0.217484,1.493170,0.121453,1.371716,0.137398,0.132465
165,3,0.037259,0.055556,0.474356,0.452873,1.412574,0.158223,1.570796,0.083333,0.197127
217,2,0.035039,0.058395,0.493352,0.318179,1.317399,0.054317,1.371716,0.122396,0.033775
219,2,0.035034,0.058395,0.241689,0.263607,1.437805,0.066089,1.371716,0.130526,0.087260
287,3,0.043451,0.046856,0.234655,0.054039,1.408024,0.098487,1.506511,0.189790,0.155975
321,3,0.037259,0.054079,0.450050,0.014074,1.430635,0.158223,1.272412,0.107326,0.191946
164,3,0.035629,0.055556,0.125964,0.496940,1.375963,0.194833,1.570796,0.083333,0.153060
319,3,0.035629,0.054079,0.111590,0.030570,1.467245,0.194833,1.272412,0.097434,0.149341
328,3,0.035039,0.054079,0.167809,0.098085,1.326729,0.054317,1.272412,0.082458,0.084837
324,3,0.035148,0.054079,0.009217,0.091051,1.201613,0.070799,1.272412,0.084018,0.091557
312,3,0.038423,0.046856,0.013302,0.234800,1.366219,0.140292,1.506511,0.198828,0.024384
292,3,0.037259,0.046856,0.367445,0.035633,1.348289,0.158223,1.506511,0.188869,0.174340
313,3,0.036818,0.046856,0.078216,0.236009,1.412560,0.093951,1.506511,0.198888,0.025590
290,3,0.035629,0.046856,0.015855,0.085510,1.311678,0.194833,1.506511,0.191363,0.124574
