178,0,0.580028,0.706691,0.003294,0.003972,1.568243,0.005470,1.567879,0.158150,0.116043
344,3,0.711235,0.380704,0.007772,0.001530,1.526852,0.009365,1.517487,0.022341,0.089414
86,1,0.620001,0.226856,0.006204,0.004332,1.534349,0.008922,1.543271,0.069562,0.079020
182,2,0.455739,0.706691,0.001729,0.003858,1.540150,0.027729,1.567879,0.154969,0.069451
183,2,0.131186,0.706691,0.006213,0.001188,1.530884,0.036995,1.567879,0.154991,0.074497
85,1,0.620001,0.722490,0.000751,0.002861,1.503817,0.008922,1.512738,0.064102,0.079066
126,1,0.651154,0.226856,0.011770,0.002619,1.535084,0.008187,1.543271,0.069302,0.085884
181,2,0.711235,0.706691,0.003738,0.010070,1.558514,0.009365,1.567879,0.155031,0.083379
162,3,0.711235,0.722490,0.024582,0.007448,1.522104,0.009365,1.512738,0.005494,0.089555
125,1,0.651154,0.722490,0.017520,0.004065,1.504552,0.008187,1.512738,0.063552,0.085923
167,3,0.455739,0.722490,0.282704,0.011470,1.540468,0.027729,1.512738,0.005170,0.085517
349,3,0.455739,0.380704,0.265840,0.003196,1.545216,0.027729,1.517487,0.022027,0.085151
265,3,0.455739,0.407158,0.253115,0.180306,1.548761,0.027729,1.521031,0.034747,0.084875
346,3,0.093350,0.380704,0.016528,0.002430,1.479452,0.038034,1.517487,0.022416,0.090444
260,3,0.711235,0.407158,0.005082,0.175866,1.530397,0.009365,1.521031,0.035053,0.089308
51,0,0.651154,0.038345,0.022720,0.016326,1.554576,0.008187,1.562762,0.145087,0.081303
129,0,0.651154,0.706691,0.009510,0.038613,1.565527,0.008187,1.567879,0.158304,0.081392
198,0,0.580028,0.156683,0.026702,0.248828,1.566962,0.005470,1.561492,0.187780,0.116192
144,0,0.651154,0.156683,0.020448,0.283429,1.569678,0.008187,1.561492,0.188243,0.081592
89,0,0.620001,0.706691,0.058356,0.046598,1.564791,0.008922,1.567879,0.158340,0.073407
104,0,0.620001,0.156683,0.028359,0.291364,1.570414,0.008922,1.561492,0.188348,0.073657
180,2,0.088887,0.706691,0.190275,0.069730,1.561440,0.006439,1.567879,0.155296,0.143038
421,2,0.711235,0.118344,0.022068,0.081393,1.561519,0.009365,1.570709,0.180817,0.083594
304,2,0.711235,0.156683,0.019679,0.294758,1.552127,0.009365,1.561492,0.178428,0.083575
271,3,0.711235,0.080014,0.047984,0.451267,1.549548,0.009365,1.540182,0.078028,0.088949
169,1,0.580028,0.226856,0.090840,0.036119,1.537801,0.005470,1.543271,0.068034,0.119420
168,3,0.081473,0.722490,0.045164,0.113076,1.412071,0.216783,1.512738,0.002960,0.015944
306,2,0.455739,0.156683,0.021559,0.308377,1.533763,0.027729,1.561492,0.178246,0.069956
364,3,0.711235,0.093391,0.041238,0.261216,1.537852,0.009365,1.528487,0.071282,0.089006
423,2,0.455739,0.118344,0.024161,0.094975,1.543155,0.027729,1.570709,0.180848,0.070013
138,1,0.651154,0.080014,0.027638,0.194516,1.531996,0.008187,1.540182,0.108709,0.085621
98,1,0.620001,0.080014,0.045645,0.201450,1.531261,0.008922,1.540182,0.109002,0.078691
451,3,0.711235,0.058544,0.016998,0.019170,1.485796,0.009365,1.495161,0.047028,0.089208
164,3,0.093350,0.722490,0.033431,0.007070,1.474704,0.038034,1.512738,0.005524,0.089936
102,1,0.620001,0.043365,0.023658,0.224261,1.538170,0.008922,1.529249,0.039704,0.079269
192,1,0.580028,0.080014,0.051587,0.160898,1.534712,0.005470,1.540182,0.107288,0.119223
207,1,0.580028,0.093391,0.047556,0.337843,1.523016,0.005470,1.528487,0.111319,0.119203
142,1,0.651154,0.043365,0.040975,0.217444,1.537435,0.008187,1.529249,0.040098,0.086080
153,1,0.651154,0.093391,0.032194,0.371486,1.520300,0.008187,1.528487,0.113264,0.085591
113,1,0.620001,0.093391,0.050309,0.378432,1.519565,0.008922,1.528487,0.113665,0.078652
110,1,0.620001,0.380704,0.012723,0.353239,1.508565,0.008922,1.517487,0.076082,0.078966
369,3,0.455739,0.093391,0.216850,0.266138,1.556216,0.027729,1.528487,0.070997,0.084088
95,1,0.620001,0.407158,0.022192,0.149768,1.512110,0.008922,1.521031,0.085551,0.078886
189,1,0.580028,0.407158,0.076115,0.109257,1.515561,0.005470,1.521031,0.082759,0.119346
114,1,0.620001,0.038363,0.055740,0.377964,1.517544,0.008922,1.508623,0.007624,0.079537
161,3,0.088887,0.722490,0.455399,0.051124,1.519178,0.006439,1.512738,0.010173,0.147946
135,1,0.651154,0.407158,0.004004,0.142867,1.512845,0.008187,1.521031,0.085075,0.085779
204,1,0.580028,0.380704,0.085761,0.312749,1.512016,0.005470,1.517487,0.073113,0.119394
150,1,0.651154,0.380704,0.005495,0.346352,1.509300,0.008187,1.517487,0.075577,0.085842
154,1,0.651154,0.038363,0.072879,0.371195,1.516809,0.008187,1.508623,0.008195,0.086293
105,1,0.620001,0.060208,0.050063,0.291519,1.498453,0.008922,1.489531,0.013301,0.079490
276,3,0.455739,0.080014,0.210028,0.456280,1.567912,0.027729,1.540182,0.077816,0.083939
158,1,0.580028,0.722490,0.098008,0.037637,1.507268,0.005470,1.512738,0.060865,0.119456
145,1,0.651154,0.060208,0.067021,0.284732,1.497717,0.008187,1.489531,0.014053,0.086254
399,3,0.711235,0.050110,0.009329,0.169438,1.506793,0.009365,1.497428,0.039339,0.089272
50,0,0.620001,0.038345,0.071714,0.008345,1.553841,0.008922,1.562762,0.144980,0.073295
290,3,0.711235,0.043365,0.052012,0.464878,1.519884,0.009365,1.529249,0.082057,0.088916
179,2,0.071248,0.706691,0.270813,0.090713,1.504077,0.069636,1.567879,0.155390,0.164022
52,1,0.056644,0.722490,0.364947,0.092174,1.410931,0.217923,1.512738,0.071249,0.010118
259,3,0.088887,0.407158,0.426485,0.117344,1.527471,0.006439,1.521031,0.039086,0.147753
4,1,0.054478,0.722490,0.255949,0.168543,1.423521,0.205333,1.512738,0.077357,0.086350
266,3,0.081473,0.407158,0.014005,0.286427,1.403778,0.216783,1.521031,0.027434,0.021105
35,1,0.052287,0.722490,0.090431,0.078424,1.440791,0.188063,1.512738,0.070149,0.003607
350,3,0.081473,0.380704,0.027382,0.107259,1.407323,0.216783,1.517487,0.014385,0.018889
196,1,0.580028,0.043365,0.116838,0.183942,1.534719,0.005470,1.529249,0.042035,0.119550
343,3,0.088887,0.380704,0.438939,0.059730,1.523926,0.006439,1.517487,0.026632,0.147836
404,3,0.455739,0.050110,0.248971,0.173938,1.525157,0.027729,1.497428,0.038890,0.084785
165,3,0.049314,0.722490,0.194158,0.032977,1.410449,0.102290,1.512738,0.003448,0.064022
262,3,0.093350,0.407158,0.003791,0.174346,1.482997,0.038034,1.521031,0.035158,0.090827
453,3,0.093350,0.058544,0.007915,0.017196,1.533196,0.038034,1.495161,0.046826,0.091178
107,0,0.620001,0.120600,0.278955,0.340584,1.381305,0.008922,1.390227,0.062256,0.071564
93,0,0.620001,0.422932,0.249078,0.119567,1.376975,0.008922,1.385896,0.032381,0.071814
373,3,0.711235,0.038363,0.039450,0.316588,1.499257,0.009365,1.508623,0.069493,0.089021
428,2,0.455739,0.204974,0.144145,0.002414,1.415554,0.027729,1.387825,0.012612,0.066360
467,2,0.711235,0.040551,0.016686,0.002082,1.411225,0.009365,1.401860,0.142072,0.083271
172,3,0.088887,0.226856,0.421485,0.442375,1.549710,0.006439,1.543271,0.044086,0.147720
103,0,0.620001,0.188262,0.220168,0.260819,1.374842,0.008922,1.383763,0.003472,0.072055
353,2,0.711235,0.060206,0.021472,0.311129,1.488449,0.009365,1.479084,0.180222,0.083590
91,0,0.620001,0.086613,0.212445,0.102084,1.356624,0.008922,1.365545,0.004251,0.072120
208,1,0.580028,0.038363,0.147852,0.337715,1.514093,0.005470,1.508623,0.011021,0.119705
147,0,0.651154,0.120600,0.228020,0.332077,1.382041,0.008187,1.390227,0.060209,0.079932
310,3,0.711235,0.060208,0.064690,0.382521,1.480166,0.009365,1.489531,0.094736,0.088810
112,0,0.620001,0.069612,0.278592,0.385288,1.352272,0.008922,1.361194,0.061893,0.071567
133,0,0.651154,0.422932,0.198101,0.111103,1.377710,0.008187,1.385896,0.030292,0.080132
99,0,0.620001,0.081704,0.193488,0.213847,1.361758,0.008922,1.370679,0.023206,0.072278
152,0,0.651154,0.069612,0.227321,0.376730,1.353007,0.008187,1.361194,0.059510,0.079936
447,2,0.455739,0.041964,0.172890,0.113245,1.486899,0.027729,1.459170,0.016121,0.065736
199,1,0.580028,0.060208,0.141101,0.251198,1.495001,0.005470,1.489531,0.017773,0.119672
143,0,0.651154,0.188262,0.169182,0.252400,1.375577,0.008187,1.383763,0.001374,0.080325
446,2,0.711235,0.041964,0.177332,0.096948,1.468535,0.009365,1.459170,0.018567,0.081929
303,2,0.088887,0.156683,0.166346,0.235132,1.555053,0.006439,1.561492,0.179225,0.143198
30,1,0.620001,0.199702,0.054056,0.097490,1.307131,0.008922,1.316053,0.009308,0.079523
174,3,0.093350,0.226856,0.003040,0.499086,1.505236,0.038034,1.543271,0.041940,0.091031
131,0,0.651154,0.086613,0.161241,0.093646,1.357359,0.008187,1.365545,0.006567,0.080378
163,3,0.098402,0.722490,0.074387,0.014655,1.505370,0.123484,1.512738,0.007254,0.111519
100,0,0.620001,0.061123,0.237633,0.220374,1.373708,0.008922,1.382630,0.020937,0.071909
427,2,0.711235,0.204974,0.150077,0.013794,1.397190,0.009365,1.387825,0.008686,0.082157
307,2,0.131186,0.156683,0.017225,0.303135,1.524497,0.036995,1.561492,0.178317,0.075198
212,1,0.580028,0.050110,0.050269,0.473916,1.491957,0.005470,1.497428,0.108606,0.119216
139,0,0.651154,0.081704,0.142367,0.205452,1.362493,0.008187,1.370679,0.025440,0.080504
420,2,0.088887,0.118344,0.164886,0.021782,1.564445,0.006439,1.570709,0.180685,0.143208
140,0,0.651154,0.061123,0.186622,0.211923,1.374443,0.008187,1.382630,0.018813,0.080208
32,1,0.651154,0.199702,0.074129,0.104495,1.307866,0.008187,1.316053,0.006946,0.086301
115,0,0.620001,0.054253,0.243495,0.406617,1.357390,0.008922,1.366312,0.026798,0.071860
92,0,0.620001,0.057853,0.223533,0.115216,1.368471,0.008922,1.377393,0.006837,0.072027
432,3,0.711235,0.064716,0.031951,0.113668,1.360003,0.009365,1.350638,0.001879,0.089617
424,2,0.131186,0.118344,0.019744,0.089714,1.533888,0.036995,1.570709,0.180836,0.075274
295,3,0.455739,0.043365,0.205492,0.469958,1.501520,0.027729,1.529249,0.082351,0.083841
87,0,0.620001,0.079440,0.161718,0.022923,1.371095,0.008922,1.380016,0.054975,0.072543
155,0,0.651154,0.054253,0.192299,0.398129,1.358126,0.008187,1.366312,0.024490,0.080170
132,0,0.651154,0.057853,0.172472,0.106781,1.369206,0.008187,1.377393,0.004664,0.080303
108,1,0.620001,0.053561,0.016601,0.324433,1.470709,0.008922,1.461788,0.046760,0.079210
241,0,0.051876,0.422932,0.003486,0.013975,1.567061,0.181165,1.385896,0.006310,0.175609
88,0,0.620001,0.069611,0.175585,0.055152,1.387206,0.008922,1.396128,0.041109,0.072428
111,0,0.620001,0.060206,0.129161,0.375506,1.470162,0.008922,1.479084,0.087531,0.072815
355,2,0.455739,0.060206,0.025226,0.324741,1.506813,0.027729,1.479084,0.181912,0.070036
77,1,0.056644,0.380704,0.353432,0.440577,1.406183,0.217923,1.517487,0.082488,0.008241
151,0,0.651154,0.060206,0.079263,0.367360,1.470897,0.008187,1.479084,0.088542,0.080926
148,1,0.651154,0.053561,0.033311,0.317574,1.469974,0.008187,1.461788,0.047762,0.086028
128,0,0.651154,0.069611,0.124765,0.046831,1.387941,0.008187,1.396128,0.043042,0.080622
62,1,0.056644,0.407158,0.344241,0.235509,1.402638,0.217923,1.521031,0.091459,0.006742
94,0,0.620001,0.157862,0.143902,0.129669,1.371313,0.008922,1.380235,0.072791,0.072692
127,0,0.651154,0.079440,0.110721,0.014599,1.371830,0.008187,1.380016,0.057085,0.080715
166,3,0.056642,0.722490,0.097324,0.001202,1.409569,0.219286,1.512738,0.006139,0.097605
11,1,0.054478,0.407158,0.236146,0.312190,1.415228,0.205333,1.521031,0.096744,0.083321
270,3,0.088887,0.080014,0.385066,0.392711,1.546622,0.006439,1.540182,0.080504,0.147476
117,0,0.620001,0.038904,0.300045,0.477178,1.373737,0.008922,1.382659,0.083345,0.071388
261,3,0.098402,0.407158,0.045032,0.156356,1.497077,0.123484,1.521031,0.036398,0.108793
47,1,0.052287,0.380704,0.078875,0.427079,1.436043,0.188063,1.517487,0.081498,0.005237
363,3,0.088887,0.093391,0.390902,0.202652,1.534926,0.006439,1.528487,0.074668,0.147515
29,1,0.056644,0.199702,0.394671,0.001228,1.533975,0.217923,1.316053,0.042235,0.014964
205,0,0.580028,0.060206,0.068255,0.332418,1.473614,0.005470,1.479084,0.092879,0.115716
438,3,0.081473,0.064716,0.075054,0.216802,1.567421,0.216783,1.350638,0.032113,0.010993
157,0,0.651154,0.038904,0.249006,0.468621,1.374472,0.008187,1.382659,0.081194,0.079792
416,2,0.711235,0.054593,0.112404,0.166033,1.372565,0.009365,1.363199,0.046357,0.082471
38,1,0.052287,0.407158,0.069666,0.222213,1.432498,0.188063,1.521031,0.090543,0.006537
345,3,0.098402,0.380704,0.057669,0.021816,1.500621,0.123484,1.517487,0.023850,0.109966
456,3,0.455739,0.058544,0.240357,0.023791,1.467432,0.027729,1.495161,0.047500,0.084598
28,1,0.052287,0.199702,0.123773,0.014206,1.504115,0.188063,1.316053,0.037402,0.001097
407,3,0.711235,0.037594,0.093357,0.182172,1.336138,0.009365,1.326773,0.063290,0.090130
473,3,0.711235,0.040030,0.034326,0.020508,1.328832,0.009365,1.319467,0.004254,0.089637
134,0,0.651154,0.157862,0.092912,0.121375,1.372048,0.008187,1.380235,0.074894,0.080834
478,3,0.081473,0.040030,0.081658,0.082302,1.536249,0.216783,1.319467,0.038554,0.009900
292,3,0.093350,0.043365,0.042975,0.461559,1.567283,0.038034,1.529249,0.081865,0.092231
378,3,0.455739,0.038363,0.217939,0.321508,1.480893,0.027729,1.508623,0.069908,0.084111
466,3,0.081473,0.035111,0.072234,0.136690,1.500748,0.216783,1.424062,0.029362,0.011461
90,1,0.620001,0.055394,0.023163,0.092763,1.305253,0.008922,1.314175,0.040199,0.079265
470,2,0.711235,0.064394,0.083479,0.024770,1.410456,0.009365,1.401091,0.075281,0.082713
72,1,0.056644,0.060208,0.435850,0.393039,1.271608,0.217923,1.489531,0.002041,0.021678
130,1,0.651154,0.055394,0.043270,0.085702,1.305988,0.008187,1.314175,0.037803,0.086095
460,3,0.711235,0.035111,0.039395,0.034448,1.433427,0.009365,1.424062,0.009325,0.089679
116,0,0.620001,0.043598,0.175501,0.455798,1.414530,0.008922,1.423452,0.041193,0.072428
448,2,0.131186,0.041964,0.177940,0.109622,1.496165,0.036995,1.459170,0.016665,0.069336
201,0,0.580028,0.120600,0.212760,0.296432,1.384757,0.005470,1.390227,0.051633,0.114992
81,1,0.056644,0.038363,0.438945,0.479888,1.290700,0.217923,1.508623,0.000980,0.022183
53,1,0.056644,0.226856,0.363229,0.093196,1.380399,0.217923,1.543271,0.072925,0.009838
187,0,0.580028,0.422932,0.182625,0.075478,1.380426,0.005470,1.385896,0.021498,0.115143
97,0,0.620001,0.038655,0.178818,0.170974,1.420247,0.008922,1.429168,0.037876,0.072401
325,2,0.711235,0.120600,0.038684,0.296605,1.399592,0.009365,1.390227,0.120074,0.083087
255,2,0.711235,0.422932,0.004072,0.215421,1.395262,0.009365,1.385896,0.154696,0.083376
33,1,0.580028,0.199702,0.163596,0.139101,1.310583,0.005470,1.316053,0.004723,0.119784
300,2,0.455739,0.188262,0.032131,0.322280,1.411493,0.027729,1.383763,0.188814,0.070186
298,2,0.711235,0.188262,0.026652,0.308592,1.393129,0.009365,1.383763,0.185402,0.083633
188,0,0.580028,0.157862,0.077244,0.085892,1.374765,0.005470,1.380235,0.083889,0.115671
257,2,0.131186,0.422932,0.004322,0.224398,1.422892,0.036995,1.385896,0.156912,0.074555
197,0,0.580028,0.188262,0.153629,0.216810,1.378293,0.005470,1.383763,0.007498,0.115288
359,2,0.711235,0.069612,0.008479,0.306997,1.370559,0.009365,1.361194,0.150282,0.083339
256,2,0.455739,0.422932,0.001480,0.229520,1.413626,0.027729,1.385896,0.158176,0.069521
8,0,0.054478,0.706691,0.367885,0.102596,1.362547,0.205333,1.567879,0.158589,0.017408
56,0,0.056644,0.706691,0.265379,0.018119,1.349957,0.217923,1.567879,0.158213,0.101887
160,3,0.071248,0.722490,0.396110,0.027808,1.443103,0.069636,1.512738,0.008307,0.124665
159,1,0.059222,0.722490,0.020164,0.034576,1.452045,0.176809,1.512738,0.061110,0.116399
316,3,0.711235,0.042476,0.154873,0.384503,1.355561,0.009365,1.346196,0.124804,0.090643
18,1,0.054478,0.060208,0.341726,0.471102,1.284198,0.205333,1.489531,0.006617,0.099471
5,1,0.054478,0.226856,0.257510,0.169978,1.392989,0.205333,1.543271,0.075829,0.086589
302,2,0.071248,0.156683,0.246656,0.215596,1.510465,0.069636,1.561492,0.179486,0.162734
2,1,0.054478,0.199702,0.265874,0.075542,1.521386,0.205333,1.316053,0.067641,0.087869
413,3,0.081473,0.037594,0.138017,0.275658,1.543555,0.216783,1.326773,0.093522,0.000566
43,1,0.052287,0.060208,0.157992,0.377231,1.301468,0.188063,1.489531,0.003794,0.005925
405,3,0.081473,0.050110,0.013151,0.280268,1.427382,0.216783,1.497428,0.028269,0.021247
347,3,0.049314,0.380704,0.176938,0.022891,1.415197,0.102290,1.517487,0.020574,0.065366
26,1,0.056644,0.043711,0.423174,0.002120,1.519931,0.217923,1.302009,0.014413,0.019612
468,2,0.455739,0.040551,0.011415,0.016094,1.429589,0.027729,1.401860,0.145287,0.069241
96,1,0.620001,0.035977,0.046271,0.134019,1.336586,0.008922,1.345507,0.017092,0.079458
289,3,0.088887,0.043365,0.386902,0.406250,1.522809,0.006439,1.529249,0.078667,0.147488
185,0,0.580028,0.086613,0.144757,0.057932,1.360075,0.005470,1.365545,0.016370,0.115333
454,3,0.049314,0.058544,0.148117,0.040817,1.544141,0.102290,1.495161,0.049239,0.067617
156,0,0.651154,0.043598,0.124973,0.447514,1.415265,0.008187,1.423452,0.042834,0.080620
279,2,0.711235,0.061123,0.010850,0.476682,1.391995,0.009365,1.382630,0.169598,0.083501
263,3,0.049314,0.407158,0.163970,0.198826,1.418742,0.102290,1.521031,0.033471,0.066379
326,2,0.455739,0.120600,0.033134,0.311162,1.417956,0.027729,1.390227,0.123576,0.068769
375,3,0.093350,0.038363,0.030354,0.313751,1.546657,0.038034,1.508623,0.069253,0.091852
49,1,0.052287,0.038363,0.161496,0.464093,1.320560,0.188063,1.508623,0.000353,0.006419
437,3,0.455739,0.064716,0.290935,0.117688,1.378367,0.027729,1.350638,0.003058,0.085696
136,1,0.651154,0.035977,0.066057,0.127054,1.337321,0.008187,1.345507,0.015017,0.086247
25,1,0.052287,0.043711,0.152575,0.016991,1.490071,0.188063,1.302009,0.009114,0.005161
137,0,0.651154,0.038655,0.128362,0.162693,1.420982,0.008187,1.429168,0.039445,0.080598
36,1,0.052287,0.226856,0.088135,0.079422,1.410259,0.188063,1.543271,0.072404,0.003931
429,2,0.131186,0.204974,0.149592,0.001765,1.424820,0.036995,1.387825,0.011661,0.070187
441,2,0.711235,0.057538,0.050961,0.095460,1.393837,0.009365,1.384472,0.107797,0.082985
193,0,0.580028,0.081704,0.126205,0.169814,1.365209,0.005470,1.370679,0.034924,0.115426
335,3,0.711235,0.040566,0.167902,0.375965,1.276536,0.009365,1.267171,0.137832,0.090752
20,1,0.054478,0.053561,0.313366,0.499832,1.256455,0.205333,1.461788,0.021147,0.095133
75,1,0.056644,0.053561,0.404449,0.420782,1.243865,0.217923,1.461788,0.032691,0.016559
370,3,0.081473,0.093391,0.024055,0.377737,1.396323,0.216783,1.528487,0.064544,0.027407
176,0,0.580028,0.079440,0.095042,0.020917,1.374546,0.005470,1.380016,0.066088,0.115582
202,1,0.580028,0.053561,0.106194,0.283903,1.467258,0.005470,1.461788,0.052679,0.119497
382,2,0.711235,0.054253,0.021272,0.299669,1.375677,0.009365,1.366312,0.180022,0.083588
69,1,0.056644,0.043365,0.402932,0.319931,1.311326,0.217923,1.529249,0.034172,0.016311
273,3,0.093350,0.080014,0.039269,0.448095,1.502148,0.038034,1.540182,0.078162,0.092120
288,3,0.071248,0.043365,0.324469,0.425272,1.542708,0.069636,1.529249,0.079767,0.128484
330,3,0.711235,0.053561,0.124324,0.358917,1.452422,0.009365,1.461788,0.154370,0.088312
417,2,0.455739,0.054593,0.106063,0.181658,1.390929,0.027729,1.363199,0.050678,0.067186
101,1,0.620001,0.037978,0.018031,0.219834,1.333987,0.008922,1.342909,0.045331,0.079222
16,1,0.054478,0.043365,0.304642,0.397492,1.323916,0.205333,1.529249,0.029687,0.093799
457,3,0.081473,0.058544,0.018238,0.135149,1.278379,0.216783,1.495161,0.058870,0.026443
371,3,0.071248,0.038363,0.338054,0.277771,1.563334,0.069636,1.508623,0.066216,0.127760
206,0,0.580028,0.069612,0.210652,0.340873,1.355723,0.005470,1.361194,0.049525,0.115002
141,1,0.651154,0.037978,0.037870,0.212814,1.334722,0.008187,1.342909,0.043203,0.086059
45,1,0.052287,0.053561,0.126311,0.405587,1.273725,0.188063,1.461788,0.034910,0.001455
312,3,0.093350,0.060208,0.055433,0.378712,1.527565,0.038034,1.489531,0.094314,0.092606
449,3,0.071248,0.058544,0.361123,0.018293,1.564797,0.069636,1.495161,0.043206,0.126530
419,2,0.071248,0.118344,0.245497,0.002343,1.501073,0.069636,1.570709,0.180641,0.162672
1,1,0.054478,0.043711,0.293119,0.073129,1.507341,0.205333,1.302009,0.040969,0.092036
42,1,0.052287,0.043365,0.126185,0.305044,1.341186,0.188063,1.529249,0.035033,0.001437
177,0,0.580028,0.069611,0.109856,0.011405,1.390657,0.005470,1.396128,0.051274,0.115507
315,3,0.455739,0.060208,0.192516,0.387789,1.461802,0.027729,1.489531,0.095321,0.083559
63,1,0.056644,0.035977,0.391043,0.230283,1.563430,0.217923,1.345507,0.045776,0.014373
308,3,0.071248,0.060208,0.313951,0.342146,1.559167,0.069636,1.489531,0.090258,0.129045
376,3,0.049314,0.038363,0.126078,0.336311,1.530680,0.102290,1.508623,0.071158,0.069337
412,3,0.455739,0.037594,0.352228,0.185371,1.354502,0.027729,1.326773,0.064325,0.087026
388,2,0.711235,0.043598,0.031471,0.252855,1.432817,0.009365,1.423452,0.190221,0.083673
366,3,0.093350,0.093391,0.032552,0.258301,1.490452,0.038034,1.528487,0.071450,0.091918
39,1,0.052287,0.035977,0.119564,0.216054,1.533570,0.188063,1.345507,0.041536,0.000503
356,2,0.131186,0.060206,0.020165,0.319468,1.516079,0.036995,1.479084,0.181257,0.075286
471,2,0.455739,0.064394,0.078002,0.009634,1.428820,0.027729,1.401091,0.078727,0.067795
477,3,0.455739,0.040030,0.293472,0.016495,1.347196,0.027729,1.319467,0.005593,0.085751
24,1,0.056644,0.041230,0.380878,0.014189,1.551139,0.217923,1.333216,0.055698,0.012716
254,2,0.088887,0.422932,0.205836,0.154818,1.392336,0.006439,1.385896,0.139736,0.142934
258,3,0.071248,0.407158,0.366742,0.138895,1.451396,0.069636,1.521031,0.037601,0.126230
194,0,0.580028,0.061123,0.170986,0.176292,1.377159,0.005470,1.382630,0.009859,0.115201
465,3,0.455739,0.035111,0.297965,0.038320,1.451791,0.027729,1.424062,0.010084,0.085848
171,3,0.071248,0.226856,0.361045,0.463568,1.473635,0.069636,1.543271,0.043284,0.126534
322,3,0.081473,0.042476,0.195777,0.468279,1.562979,0.216783,1.346196,0.149856,0.009001
372,3,0.088887,0.038363,0.401030,0.257908,1.502183,0.006439,1.508623,0.064539,0.147583
394,2,0.711235,0.038904,0.051257,0.243162,1.392024,0.009365,1.382659,0.107501,0.082982
23,1,0.052287,0.041230,0.109635,0.028165,1.521279,0.188063,1.333216,0.051288,0.000898
398,3,0.088887,0.050110,0.420378,0.110835,1.503867,0.006439,1.497428,0.045193,0.147712
283,3,0.711235,0.037978,0.211872,0.491468,1.352274,0.009365,1.342909,0.181800,0.091119
186,0,0.580028,0.057853,0.156606,0.071139,1.371922,0.005470,1.377393,0.004522,0.115273
379,3,0.081473,0.038363,0.039446,0.435804,1.291840,0.216783,1.508623,0.079557,0.029956
184,1,0.580028,0.055394,0.132837,0.051037,1.308704,0.005470,1.314175,0.026036,0.119630
10,0,0.054478,0.157862,0.466142,0.170671,1.556025,0.205333,1.380235,0.062397,0.032438
57,1,0.056644,0.055394,0.364643,0.185131,1.532097,0.217923,1.314175,0.071545,0.010069
214,0,0.580028,0.054593,0.313510,0.498044,1.357729,0.005470,1.363199,0.152383,0.114487
209,0,0.580028,0.054253,0.175893,0.362371,1.360842,0.005470,1.366312,0.014766,0.115177
146,1,0.651154,0.042476,0.016179,0.315597,1.338009,0.008187,1.346196,0.097250,0.085698
264,3,0.056642,0.407158,0.067453,0.172464,1.401276,0.219286,1.521031,0.035288,0.092706
12,1,0.054478,0.035977,0.265287,0.305593,1.550840,0.205333,1.345507,0.068215,0.087779
149,1,0.651154,0.040566,0.085422,0.342606,1.258984,0.008187,1.267171,0.166490,0.085235
321,3,0.455739,0.042476,0.413435,0.386851,1.373925,0.027729,1.346196,0.125506,0.088354
348,3,0.056642,0.380704,0.080314,0.006687,1.404820,0.219286,1.517487,0.022737,0.094815
37,1,0.052287,0.055394,0.093729,0.171471,1.502237,0.188063,1.314175,0.066909,0.003142
253,2,0.071248,0.422932,0.292102,0.132206,1.316261,0.069636,1.385896,0.134155,0.165157
68,1,0.056644,0.037978,0.363104,0.311268,1.560831,0.217923,1.342909,0.073047,0.009818
7,0,0.054478,0.069611,0.496410,0.091061,1.540132,0.205333,1.396128,0.032766,0.037068
293,3,0.049314,0.043365,0.114035,0.483534,1.510054,0.102290,1.529249,0.083136,0.070278
106,1,0.620001,0.042476,0.036018,0.322704,1.337274,0.008922,1.346196,0.099376,0.078771
342,3,0.071248,0.380704,0.379380,0.037421,1.447851,0.069636,1.517487,0.024995,0.125557
0,1,0.054478,0.041230,0.253812,0.061335,1.538549,0.205333,1.333216,0.079449,0.086024
109,1,0.620001,0.040566,0.106100,0.349997,1.258249,0.008922,1.267171,0.169453,0.078186
6,0,0.054478,0.079440,0.483597,0.061053,1.556243,0.205333,1.380016,0.045309,0.035108
313,3,0.049314,0.060208,0.100416,0.400050,1.549772,0.102290,1.489531,0.096681,0.071341
41,1,0.052287,0.037978,0.091679,0.297663,1.530971,0.188063,1.342909,0.068923,0.003431
360,2,0.455739,0.069612,0.002456,0.321215,1.388923,0.027729,1.361194,0.154242,0.069435
341,3,0.081473,0.040566,0.217155,0.457970,1.483953,0.216783,1.267171,0.170706,0.012541
210,0,0.580028,0.043598,0.111307,0.412242,1.417981,0.005470,1.423452,0.049822,0.115500
22,0,0.054478,0.043598,0.495079,0.491761,1.512808,0.205333,1.423452,0.034069,0.036864
13,0,0.054478,0.038655,0.498050,0.206415,1.507091,0.205333,1.429168,0.031160,0.037319
450,3,0.088887,0.058544,0.424536,0.039557,1.488722,0.006439,1.495161,0.041035,0.147740
340,3,0.455739,0.040566,0.426654,0.378178,1.294900,0.027729,1.267171,0.138719,0.088641
200,1,0.580028,0.042476,0.071942,0.281090,1.340726,0.005470,1.346196,0.086932,0.119325
469,2,0.131186,0.040551,0.017011,0.011105,1.438855,0.036995,1.401860,0.144157,0.074171
203,1,0.580028,0.040566,0.006610,0.307205,1.261700,0.005470,1.267171,0.152299,0.118997
211,0,0.580028,0.038904,0.233338,0.432883,1.377189,0.005470,1.382659,0.072211,0.114889
60,0,0.056644,0.422932,0.445352,0.059109,1.537773,0.217923,1.385896,0.017457,0.131231
410,3,0.049314,0.037594,0.272049,0.215352,1.224483,0.102290,1.326773,0.074020,0.057940
191,0,0.580028,0.038655,0.115006,0.127451,1.423698,0.005470,1.429168,0.046123,0.115482
230,0,0.054478,0.422932,0.016285,0.054006,1.548155,0.207541,1.385896,0.016197,0.136246
216,1,0.059222,0.407158,0.002093,0.109274,1.443752,0.176809,1.521031,0.082760,0.119329
195,1,0.580028,0.037978,0.126110,0.178374,1.337438,0.005470,1.342909,0.032763,0.119596
213,1,0.580028,0.037594,0.008190,0.492446,1.321302,0.005470,1.326773,0.167025,0.118924
281,2,0.455739,0.061123,0.016403,0.490587,1.410359,0.027729,1.382630,0.173093,0.069844
31,1,0.054069,0.199702,0.012427,0.098442,1.479664,0.163611,1.316053,0.008986,0.080445
328,3,0.071248,0.053561,0.256131,0.314836,1.531423,0.069636,1.461788,0.147933,0.132128
9,1,0.054478,0.055394,0.235659,0.260798,1.519507,0.205333,1.314175,0.097221,0.083247
173,3,0.098402,0.226856,0.038797,0.481896,1.474837,0.123484,1.543271,0.042591,0.108213
190,1,0.580028,0.035977,0.154094,0.092697,1.340037,0.005470,1.345507,0.004780,0.119737
435,3,0.049314,0.064716,0.207564,0.140978,1.248348,0.102290,1.350638,0.009885,0.062975
442,2,0.455739,0.057538,0.045245,0.110198,1.412201,0.027729,1.384472,0.111470,0.068506
15,1,0.054478,0.037978,0.236941,0.386873,1.548241,0.205333,1.342909,0.095966,0.083443
309,3,0.088887,0.060208,0.377356,0.323702,1.483091,0.006439,1.489531,0.088213,0.147425
224,1,0.059222,0.380704,0.007903,0.314108,1.447297,0.176809,1.517487,0.073212,0.118037
384,2,0.455739,0.054253,0.027090,0.313470,1.394041,0.027729,1.366312,0.183775,0.070076
475,3,0.049314,0.040030,0.211239,0.007335,1.217177,0.102290,1.319467,0.013541,0.062688
333,3,0.455739,0.053561,0.132553,0.365008,1.434058,0.027729,1.461788,0.155259,0.082258
463,3,0.049314,0.035111,0.212395,0.061822,1.321772,0.102290,1.424062,0.014690,0.062598
352,2,0.088887,0.060206,0.172774,0.251304,1.485523,0.006439,1.479084,0.172797,0.143155
14,1,0.054478,0.080014,0.216754,0.360575,1.396077,0.205333,1.540182,0.115728,0.080355
319,3,0.049314,0.042476,0.334710,0.423082,1.243906,0.102290,1.346196,0.136340,0.053047
305,2,0.049314,0.156683,0.478082,0.257970,1.477811,0.102290,1.561492,0.178920,0.120361
390,2,0.455739,0.043598,0.036224,0.266404,1.451181,0.027729,1.423452,0.192905,0.070275
332,3,0.049314,0.053561,0.040595,0.371291,1.564077,0.102290,1.461788,0.156177,0.076012
21,0,0.054478,0.060206,0.446002,0.419153,1.457176,0.205333,1.479084,0.082114,0.029357
65,1,0.056644,0.080014,0.322719,0.283414,1.383487,0.217923,1.540182,0.112467,0.003233
269,3,0.071248,0.080014,0.324536,0.411716,1.470547,0.069636,1.540182,0.079700,0.128481
395,2,0.455739,0.038904,0.045508,0.257908,1.410388,0.027729,1.382659,0.111207,0.068501
400,3,0.098402,0.050110,0.040148,0.150318,1.520681,0.123484,1.497428,0.041249,0.108339
80,1,0.056644,0.093391,0.316694,0.459410,1.395183,0.217923,1.528487,0.118348,0.002251
287,3,0.455739,0.037978,0.470230,0.493041,1.370638,0.027729,1.342909,0.182277,0.089587
301,2,0.131186,0.188262,0.026380,0.316898,1.420759,0.036995,1.383763,0.187472,0.075473
338,3,0.049314,0.040566,0.352739,0.416975,1.164881,0.102290,1.267171,0.154272,0.051639
40,1,0.052287,0.080014,0.047897,0.270567,1.413347,0.188063,1.540182,0.111923,0.009608
365,3,0.098402,0.093391,0.009069,0.244765,1.489621,0.123484,1.528487,0.072233,0.105441
401,3,0.093350,0.050110,0.000696,0.167748,1.459393,0.038034,1.497428,0.039508,0.090958
418,2,0.131186,0.054593,0.111716,0.177427,1.400195,0.036995,1.363199,0.049508,0.071325
175,3,0.056642,0.226856,0.060615,0.498533,1.379036,0.219286,1.543271,0.041961,0.091584
48,1,0.052287,0.093391,0.042103,0.446722,1.425043,0.188063,1.528487,0.117614,0.010426
402,3,0.049314,0.050110,0.160348,0.192112,1.395138,0.102290,1.497428,0.037074,0.066662
409,3,0.093350,0.037594,0.103062,0.184528,1.288738,0.038034,1.326773,0.064052,0.087844
434,3,0.093350,0.064716,0.040811,0.113568,1.312604,0.038034,1.350638,0.001850,0.089714
426,2,0.088887,0.204974,0.351751,0.074610,1.394264,0.006439,1.387825,0.006174,0.141960
122,1,0.054069,0.060208,0.016924,0.289998,1.325920,0.163611,1.489531,0.013469,0.081006
124,1,0.054069,0.038363,0.011130,0.377218,1.345012,0.163611,1.508623,0.007687,0.080282
422,2,0.049314,0.118344,0.476255,0.044770,1.468419,0.102290,1.570709,0.180736,0.120219
362,3,0.071248,0.093391,0.330705,0.222033,1.458851,0.069636,1.528487,0.073547,0.128152
73,1,0.056644,0.042476,0.310954,0.404884,1.564119,0.217923,1.346196,0.123950,0.001315
297,2,0.088887,0.188262,0.175269,0.248018,1.390203,0.006439,1.383763,0.170302,0.143139
462,3,0.093350,0.035111,0.048330,0.034641,1.386027,0.038034,1.424062,0.009363,0.089488
474,3,0.093350,0.040030,0.043215,0.020513,1.281432,0.038034,1.319467,0.004253,0.089642
34,1,0.059222,0.199702,0.082886,0.126969,1.492862,0.176809,1.316053,0.000632,0.108046
272,3,0.098402,0.080014,0.002992,0.435373,1.477926,0.123484,1.540182,0.078700,0.104836
425,2,0.071248,0.204974,0.440536,0.106256,1.318189,0.069636,1.387825,0.013904,0.173071
170,1,0.059222,0.226856,0.013062,0.034045,1.421513,0.176809,1.543271,0.068112,0.117347
119,1,0.054069,0.035977,0.019979,0.132041,1.509118,0.163611,1.345507,0.016503,0.081386
44,1,0.052287,0.042476,0.039437,0.392450,1.534259,0.188063,1.346196,0.120232,0.010802
472,2,0.131186,0.064394,0.083486,0.014075,1.438086,0.036995,1.401091,0.077716,0.072173
452,3,0.098402,0.058544,0.036265,0.000825,1.371677,0.123484,1.495161,0.045106,0.107978
367,3,0.049314,0.093391,0.127102,0.280982,1.426197,0.102290,1.528487,0.070139,0.069257
318,3,0.093350,0.042476,0.165296,0.389294,1.308161,0.038034,1.346196,0.126237,0.085974
327,2,0.131186,0.120600,0.038757,0.306335,1.427222,0.036995,1.390227,0.122415,0.073517
296,2,0.071248,0.188262,0.261043,0.227291,1.314128,0.069636,1.383763,0.165135,0.163501
240,0,0.051876,0.057853,0.029662,0.013284,1.558558,0.181165,1.377393,0.019432,0.172040
238,0,0.054478,0.204974,0.125840,0.479468,1.546227,0.207541,1.387825,0.155144,0.158527
249,0,0.051876,0.204974,0.138659,0.442380,1.568989,0.181165,1.387825,0.146084,0.194988
70,0,0.056644,0.188262,0.416849,0.205312,1.539906,0.217923,1.383763,0.010365,0.126583
337,3,0.093350,0.040566,0.179085,0.381409,1.229136,0.038034,1.267171,0.140014,0.085560
118,1,0.054069,0.055394,0.042211,0.087723,1.477785,0.163611,1.314175,0.038489,0.084141
232,0,0.054478,0.188262,0.044773,0.200027,1.550288,0.207541,1.383763,0.011682,0.131776
243,0,0.051876,0.188262,0.032086,0.159375,1.564928,0.181165,1.383763,0.021816,0.171710
274,3,0.049314,0.080014,0.119984,0.470413,1.437893,0.102290,1.540182,0.077219,0.069813
299,2,0.049314,0.188262,0.480993,0.270973,1.281474,0.102290,1.383763,0.176024,0.120589
19,1,0.054478,0.042476,0.185100,0.481021,1.551529,0.205333,1.346196,0.146718,0.075513
436,3,0.056642,0.064716,0.102804,0.104559,1.569924,0.219286,1.350638,0.000791,0.098504
121,1,0.054069,0.043365,0.043738,0.219196,1.365638,0.163611,1.529249,0.039996,0.084330
324,2,0.088887,0.120600,0.240084,0.235992,1.396666,0.006439,1.390227,0.105490,0.142706
61,0,0.056644,0.157862,0.341871,0.087228,1.543435,0.217923,1.380235,0.083550,0.114359
445,2,0.088887,0.041964,0.373193,0.036682,1.465609,0.006439,1.459170,0.027614,0.141816
71,0,0.056644,0.156683,0.234823,0.268115,1.343569,0.217923,1.561492,0.188038,0.096905
17,0,0.054478,0.156683,0.336654,0.352394,1.356159,0.205333,1.561492,0.189164,0.012631
123,1,0.054069,0.053561,0.051493,0.318318,1.298177,0.163611,1.461788,0.047653,0.085289
120,1,0.054069,0.037978,0.047388,0.214126,1.506520,0.163611,1.342909,0.043600,0.084781
476,3,0.056642,0.040030,0.104732,0.029992,1.538752,0.219286,1.319467,0.001090,0.098820
464,3,0.056642,0.035111,0.111104,0.024155,1.498245,0.219286,1.424062,0.007307,0.099865
361,2,0.131186,0.069612,0.008369,0.316106,1.398189,0.036995,1.361194,0.152819,0.074431
323,2,0.071248,0.120600,0.326799,0.211285,1.320591,0.069636,1.390227,0.099545,0.167007
282,2,0.131186,0.061123,0.010692,0.485336,1.419625,0.036995,1.382630,0.171773,0.075001
403,3,0.056642,0.050110,0.063024,0.166724,1.424879,0.219286,1.497428,0.039610,0.091979
455,3,0.056642,0.058544,0.055585,0.017615,1.275876,0.219286,1.495161,0.046869,0.090759
443,2,0.131186,0.057538,0.050887,0.105468,1.421467,0.036995,1.384472,0.110292,0.073153
74,0,0.056644,0.120600,0.475081,0.274994,1.533443,0.217923,1.390227,0.046475,0.136078
233,0,0.054478,0.120600,0.013542,0.270079,1.543824,0.207541,1.390227,0.045292,0.140912
385,2,0.131186,0.054253,0.021226,0.308116,1.403308,0.036995,1.366312,0.182319,0.075318
334,3,0.131186,0.053561,0.454368,0.354932,1.424792,0.036995,1.461788,0.153788,0.092273
244,0,0.051876,0.120600,0.026511,0.230645,1.570201,0.181165,1.390227,0.035804,0.179699
368,3,0.056642,0.093391,0.030709,0.263545,1.393820,0.219286,1.528487,0.071147,0.086679
239,0,0.051876,0.086613,0.042233,0.002169,1.546710,0.181165,1.365545,0.031794,0.170327
461,3,0.098402,0.035111,0.086507,0.011252,1.547546,0.123484,1.424062,0.004776,0.112644
329,3,0.088887,0.053561,0.319825,0.299833,1.455348,0.006439,1.461788,0.145742,0.147040
411,3,0.056642,0.037594,0.162281,0.163485,1.546058,0.219286,1.326773,0.057247,0.108258
433,3,0.098402,0.064716,0.076887,0.090979,1.474122,0.123484,1.350638,0.004772,0.111751
252,2,0.071248,0.086613,0.235137,0.491644,1.295909,0.069636,1.365545,0.190975,0.162119
391,2,0.131186,0.043598,0.030747,0.261014,1.460447,0.036995,1.423452,0.191838,0.075605
358,2,0.088887,0.069612,0.212249,0.246102,1.367633,0.006439,1.361194,0.133324,0.142892
311,3,0.098402,0.060208,0.012287,0.367791,1.366046,0.123484,1.489531,0.093103,0.103489
225,1,0.059222,0.093391,0.030660,0.333881,1.436297,0.176809,1.528487,0.111089,0.123162
431,3,0.088887,0.064716,0.449934,0.053913,1.357077,0.006439,1.350638,0.015638,0.147910
396,2,0.131186,0.038904,0.051161,0.253179,1.419654,0.036995,1.382659,0.110019,0.073145
278,2,0.088887,0.061123,0.191207,0.416064,1.389069,0.006439,1.382630,0.154364,0.143032
331,3,0.098402,0.053561,0.072497,0.349282,1.338303,0.123484,1.461788,0.152963,0.097889
58,0,0.056644,0.086613,0.407883,0.047932,1.558125,0.217923,1.365545,0.019116,0.125122
440,2,0.088887,0.057538,0.252905,0.034755,1.390911,0.006439,1.384472,0.092669,0.142620
275,3,0.056642,0.080014,0.023806,0.454672,1.382125,0.219286,1.540182,0.077884,0.085546
228,0,0.054478,0.086613,0.053872,0.042593,1.568506,0.207541,1.365545,0.020582,0.130348
357,2,0.071248,0.069612,0.299402,0.222937,1.291558,0.069636,1.361194,0.126873,0.165546
218,1,0.059222,0.080014,0.026653,0.157491,1.424601,0.176809,1.540182,0.107144,0.122628
66,0,0.056644,0.081704,0.389811,0.162926,1.552990,0.217923,1.370679,0.036756,0.122175
415,2,0.088887,0.054593,0.316103,0.104980,1.369639,0.006439,1.363199,0.029473,0.142198
381,2,0.088887,0.054253,0.182079,0.238886,1.372751,0.006439,1.366312,0.163493,0.143093
54,0,0.056644,0.079440,0.359331,0.022571,1.543653,0.217923,1.380016,0.066507,0.117206
3,0,0.054478,0.038345,0.382518,0.045372,1.373497,0.205333,1.562762,0.144263,0.019646
430,3,0.071248,0.064716,0.395758,0.077722,1.281002,0.069636,1.350638,0.008658,0.124683
291,3,0.098402,0.043365,0.001836,0.449172,1.405764,0.123484,1.529249,0.081149,0.104607
277,2,0.071248,0.061123,0.277314,0.394339,1.312994,0.069636,1.382630,0.148905,0.164368
317,3,0.098402,0.042476,0.197466,0.351357,1.469680,0.123484,1.346196,0.114893,0.122945
351,2,0.071248,0.060206,0.255869,0.231147,1.409448,0.069636,1.479084,0.170295,0.163225
336,3,0.098402,0.040566,0.206587,0.341323,1.390655,0.123484,1.267171,0.123945,0.123791
439,2,0.071248,0.057538,0.340075,0.009210,1.314836,0.069636,1.384472,0.086303,0.167714
79,0,0.056644,0.069612,0.472194,0.319804,1.562476,0.217923,1.361194,0.043657,0.135607
55,0,0.056644,0.069611,0.373951,0.007260,1.527542,0.217923,1.396128,0.052237,0.119589
374,3,0.098402,0.038363,0.013204,0.299745,1.385138,0.123484,1.508623,0.068071,0.105830
387,2,0.088887,0.043598,0.167273,0.192669,1.429891,0.006439,1.423452,0.178298,0.143192
284,3,0.098402,0.037978,0.253281,0.453466,1.466393,0.123484,1.342909,0.170281,0.128126
234,0,0.054478,0.069612,0.010478,0.314873,1.568735,0.207541,1.361194,0.042284,0.140429
408,3,0.098402,0.037594,0.136350,0.154194,1.450257,0.123484,1.326773,0.054243,0.117271
414,2,0.071248,0.054593,0.405265,0.075343,1.293564,0.069636,1.363199,0.021277,0.171190
380,2,0.071248,0.054253,0.268483,0.217635,1.296676,0.069636,1.366312,0.157714,0.163897
245,0,0.051876,0.069612,0.021911,0.275359,1.542358,0.181165,1.361194,0.031280,0.179071
285,3,0.093350,0.037978,0.223048,0.498533,1.304874,0.038034,1.342909,0.183942,0.084239
221,1,0.059222,0.060208,0.065234,0.260506,1.312722,0.176809,1.489531,0.016740,0.110396
393,2,0.088887,0.038904,0.253337,0.182438,1.389098,0.006439,1.382659,0.092237,0.142617
377,3,0.056642,0.038363,0.032222,0.318686,1.289337,0.219286,1.508623,0.069670,0.086927
268,2,0.088887,0.038655,0.176667,0.481861,1.435608,0.006439,1.429168,0.168904,0.143129
397,3,0.071248,0.050110,0.361259,0.132084,1.427792,0.069636,1.497428,0.043070,0.126523
67,0,0.056644,0.061123,0.433857,0.161878,1.541040,0.217923,1.382630,0.006236,0.129357
314,3,0.056642,0.060208,0.005858,0.388754,1.270245,0.219286,1.489531,0.095428,0.082598
78,0,0.056644,0.060206,0.332678,0.335287,1.444586,0.217923,1.479084,0.092523,0.112860
231,0,0.054478,0.061123,0.027787,0.156702,1.551421,0.207541,1.382630,0.004936,0.134440
59,0,0.056644,0.057853,0.419668,0.059143,1.546277,0.217923,1.377393,0.007613,0.127043
459,3,0.088887,0.035111,0.463344,0.024537,1.430501,0.006439,1.424062,0.002228,0.147999
215,1,0.059222,0.055394,0.053075,0.058907,1.490983,0.176809,1.314175,0.028708,0.112015
242,0,0.051876,0.061123,0.015180,0.116405,1.563795,0.181165,1.382630,0.005191,0.174015
229,0,0.054478,0.057853,0.042001,0.053876,1.556658,0.207541,1.377393,0.008970,0.132210
223,1,0.059222,0.053561,0.029370,0.288253,1.284979,0.176809,1.461788,0.052044,0.115173
280,2,0.049314,0.061123,0.497325,0.437619,1.280340,0.102290,1.382630,0.159781,0.121864
386,2,0.071248,0.043598,0.251827,0.172629,1.353816,0.069636,1.423452,0.174328,0.163009
82,0,0.056644,0.054253,0.438351,0.347138,1.557358,0.217923,1.366312,0.010623,0.130089
354,2,0.049314,0.060206,0.481413,0.273936,1.376794,0.102290,1.479084,0.175606,0.120622
250,0,0.051876,0.057538,0.044270,0.493287,1.565637,0.181165,1.384472,0.053268,0.182120
444,2,0.071248,0.041964,0.459165,0.004279,1.389534,0.069636,1.459170,0.032486,0.174064
237,0,0.054478,0.054593,0.110961,0.455410,1.570741,0.207541,1.363199,0.140593,0.156194
235,0,0.054478,0.054253,0.023406,0.341992,1.567739,0.207541,1.366312,0.009224,0.135128
227,1,0.059222,0.050110,0.027775,0.470345,1.467356,0.176809,1.497428,0.108249,0.122777
217,1,0.059222,0.035977,0.074118,0.103493,1.522316,0.176809,1.345507,0.007997,0.109213
248,0,0.051876,0.054593,0.122554,0.417998,1.544364,0.181165,1.363199,0.130247,0.192792
246,0,0.051876,0.054253,0.011642,0.301777,1.547477,0.181165,1.366312,0.001712,0.174497
392,2,0.071248,0.038904,0.340572,0.156856,1.313023,0.069636,1.382659,0.085806,0.167741
267,2,0.071248,0.038655,0.261175,0.461274,1.359533,0.069636,1.429168,0.165003,0.163508
383,2,0.049314,0.054253,0.487448,0.261359,1.264022,0.102290,1.366312,0.169604,0.121093
406,3,0.071248,0.037594,0.457441,0.149944,1.257137,0.069636,1.326773,0.052868,0.121395
226,1,0.059222,0.038363,0.071922,0.347935,1.331814,0.176809,1.508623,0.010158,0.109505
458,3,0.071248,0.035111,0.406954,0.000906,1.354426,0.069636,1.424062,0.002509,0.124086
220,1,0.059222,0.043365,0.039876,0.189725,1.352440,0.176809,1.529249,0.041700,0.113773
222,1,0.059222,0.042476,0.006005,0.280531,1.523005,0.176809,1.346196,0.086764,0.119870
83,0,0.056644,0.043598,0.375533,0.407847,1.500218,0.217923,1.423452,0.050693,0.119847
294,3,0.056642,0.043365,0.019289,0.468993,1.309963,0.219286,1.529249,0.082295,0.084805
320,3,0.056642,0.042476,0.222850,0.356234,1.565481,0.219286,1.346196,0.116351,0.118192
76,1,0.056644,0.040566,0.235405,0.420439,1.485093,0.217923,1.267171,0.197692,0.011003
339,3,0.056642,0.040566,0.232372,0.345557,1.486456,0.219286,1.267171,0.125642,0.119753
219,1,0.059222,0.037978,0.046821,0.185304,1.519717,0.176809,1.342909,0.034864,0.112848
84,0,0.056644,0.038904,0.495038,0.407994,1.541011,0.217923,1.382659,0.065955,0.139332
64,0,0.056644,0.038655,0.379240,0.122431,1.494501,0.217923,1.429168,0.047074,0.120452
251,0,0.051876,0.041964,0.105401,0.492723,1.501258,0.181165,1.459170,0.113380,0.190454
389,2,0.049314,0.043598,0.474045,0.216074,1.321162,0.102290,1.423452,0.182935,0.120046
286,3,0.056642,0.037978,0.278381,0.454315,1.562194,0.219286,1.342909,0.170538,0.127299
46,1,0.052287,0.040566,0.035021,0.409635,1.455233,0.188063,1.267171,0.193361,0.021307
236,0,0.054478,0.038904,0.033417,0.403207,1.551392,0.207541,1.382659,0.064752,0.144032
27,1,0.056644,0.035962,0.253462,0.028627,1.524802,0.217923,1.306879,0.180067,0.008059
247,0,0.051876,0.038904,0.045975,0.364188,1.563824,0.181165,1.382659,0.054944,0.182352
