130,0,0.049321,0.751965,0.005031,0.001749,1.480010,0.106697,1.554885,0.014109,0.034753
57,1,0.435856,0.171864,0.225841,0.204079,1.569319,0.095547,1.476727,0.027397,0.029475
60,1,0.435856,0.149982,0.272578,0.236272,1.483901,0.095547,1.562144,0.019117,0.032894
80,1,0.435856,0.111731,0.225917,0.344540,1.490111,0.095547,1.555934,0.027321,0.029480
32,0,0.435856,0.751965,0.200950,0.000874,1.491160,0.095547,1.554885,0.014084,0.033623
76,1,0.435856,0.093837,0.181229,0.303884,1.556638,0.095547,1.489408,0.071797,0.026212
41,1,0.435856,0.045121,0.254351,0.110509,1.558291,0.095547,1.487754,0.000977,0.031560
40,1,0.435856,0.045030,0.244436,0.105990,1.517864,0.095547,1.528181,0.008891,0.030835
51,0,0.435856,0.246701,0.158059,0.102863,1.496707,0.095547,1.549339,0.056773,0.030486
77,1,0.435856,0.083337,0.261264,0.325401,1.476531,0.095547,1.569514,0.007858,0.032066
90,1,0.435856,0.146684,0.309143,0.419798,1.419309,0.095547,1.514856,0.055508,0.035568
55,1,0.435856,0.045023,0.211469,0.190379,1.531094,0.095547,1.514951,0.041700,0.028424
78,1,0.435856,0.080017,0.201446,0.314419,1.493225,0.095547,1.552821,0.051676,0.027690
17,1,0.046705,0.879096,0.253532,0.173322,1.553850,0.022615,1.531235,0.140944,0.154866
142,0,0.046705,0.751965,0.442564,0.108067,1.532269,0.022615,1.554885,0.016479,0.141221
87,1,0.435856,0.110602,0.317396,0.407701,1.386051,0.095547,1.481598,0.063722,0.036172
62,0,0.435856,0.148359,0.107504,0.181686,1.510153,0.095547,1.535892,0.107094,0.026787
24,3,0.617865,0.879096,0.007192,0.000813,1.461432,0.148925,1.531235,0.178576,0.040711
85,1,0.435856,0.040031,0.203971,0.388080,1.502993,0.095547,1.543052,0.049163,0.027875
19,1,0.051106,0.879096,0.008366,0.190688,1.517258,0.013977,1.531235,0.141871,0.172218
61,1,0.435856,0.045024,0.178162,0.231391,1.529811,0.095547,1.516234,0.074849,0.025987
42,1,0.435856,0.134931,0.115099,0.113166,1.507069,0.095547,1.538976,0.137615,0.021374
0,1,0.435856,0.361732,0.151543,0.026024,1.470666,0.095547,1.566213,0.101342,0.024040
54,0,0.435856,0.039979,0.259174,0.132169,1.507858,0.095547,1.538187,0.043865,0.037882
89,1,0.435856,0.053395,0.186002,0.405005,1.498048,0.095547,1.547998,0.067047,0.026561
82,1,0.435856,0.048331,0.296703,0.366339,1.466337,0.095547,1.561885,0.043128,0.034658
544,3,0.617865,0.111731,0.180521,0.452105,1.407008,0.148925,1.555934,0.007104,0.021234
71,1,0.435856,0.038366,0.171555,0.271029,1.532256,0.095547,1.513789,0.081425,0.025504
65,0,0.435856,0.048434,0.175374,0.193563,1.520273,0.095547,1.525772,0.039540,0.031752
613,3,0.617865,0.146684,0.173978,0.348588,1.477811,0.148925,1.514856,0.013573,0.021969
73,1,0.435856,0.071667,0.189733,0.291834,1.475462,0.095547,1.570583,0.063333,0.026834
580,3,0.617865,0.110602,0.141617,0.395950,1.511069,0.148925,1.481598,0.045570,0.025603
81,1,0.435856,0.036666,0.247617,0.347748,1.469298,0.095547,1.564845,0.005724,0.031068
10,1,0.435856,0.167337,0.178225,0.020666,1.396680,0.095547,1.492227,0.074787,0.025992
91,1,0.435856,0.105242,0.406204,0.449529,1.297246,0.095547,1.392794,0.152108,0.042668
813,3,0.617865,0.051894,0.204573,0.208551,1.495209,0.148925,1.497458,0.016677,0.018533
712,3,0.617865,0.174265,0.142832,0.205715,1.551666,0.148925,1.402741,0.044369,0.025467
83,1,0.435856,0.283016,0.071513,0.365840,1.529288,0.095547,1.516757,0.180996,0.018186
72,1,0.435856,0.089862,0.216579,0.291526,1.399002,0.095547,1.494550,0.036615,0.028797
819,3,0.617865,0.046693,0.202192,0.199709,1.468793,0.148925,1.523874,0.014323,0.018800
752,3,0.617865,0.038867,0.253184,0.333652,1.203430,0.148925,1.352356,0.064741,0.013073
8,1,0.435856,0.036701,0.138374,0.039887,1.534640,0.095547,1.511405,0.114449,0.023077
646,3,0.617865,0.038658,0.222092,0.433994,1.290483,0.148925,1.439408,0.033999,0.016565
573,3,0.617865,0.038654,0.280586,0.496825,1.277785,0.148925,1.426711,0.091834,0.009996
5,1,0.051106,0.361732,0.047005,0.221801,1.552236,0.013977,1.566213,0.103086,0.171764
885,3,0.617865,0.044388,0.190210,0.086555,1.467865,0.148925,1.318940,0.002476,0.020146
852,3,0.617865,0.045521,0.185521,0.160322,1.541348,0.148925,1.392422,0.002160,0.020672
800,3,0.617865,0.056864,0.144383,0.233056,1.537948,0.148925,1.454719,0.042836,0.025292
98,1,0.435856,0.040138,0.310709,0.484319,1.385926,0.095547,1.481473,0.057067,0.035683
69,1,0.435856,0.171753,0.126656,0.265533,1.460232,0.095547,1.555780,0.126112,0.022220
3,1,0.046705,0.361732,0.291546,0.205601,1.552764,0.022615,1.566213,0.102941,0.155564
620,3,0.617865,0.105242,0.117689,0.374554,1.541719,0.148925,1.392794,0.069230,0.028290
58,1,0.435856,0.040034,0.278263,0.221779,1.441307,0.095547,1.536855,0.024775,0.033309
93,1,0.435856,0.038636,0.285885,0.449305,1.379492,0.095547,1.475039,0.032362,0.033867
67,1,0.435856,0.035129,0.309158,0.272602,1.420839,0.095547,1.516386,0.055524,0.035569
31,1,0.435856,0.050427,0.241391,0.031058,1.317645,0.095547,1.413192,0.011921,0.030612
84,1,0.435856,0.110012,0.133486,0.372751,1.464018,0.095547,1.559565,0.119314,0.022719
14,1,0.435856,0.043837,0.254709,0.003337,1.305736,0.095547,1.401284,0.001334,0.031587
66,1,0.435856,0.073503,0.201182,0.263214,1.411577,0.095547,1.507124,0.051938,0.027671
880,3,0.617865,0.042491,0.173481,0.116618,1.529054,0.148925,1.380129,0.014065,0.022025
607,3,0.617865,0.053395,0.148316,0.443556,1.399072,0.148925,1.547998,0.038947,0.024851
94,1,0.435856,0.038368,0.253159,0.487239,1.422704,0.095547,1.518251,0.000209,0.031473
99,1,0.435856,0.035157,0.261332,0.482218,1.389756,0.095547,1.485303,0.007925,0.032071
569,3,0.617865,0.040031,0.172648,0.478013,1.394127,0.148925,1.543052,0.014888,0.022118
92,1,0.435856,0.038425,0.250932,0.432491,1.335945,0.095547,1.431492,0.002425,0.031310
88,1,0.435856,0.050190,0.224026,0.408196,1.424385,0.095547,1.519933,0.029203,0.029342
593,3,0.617865,0.035888,0.175445,0.477735,1.259106,0.148925,1.408031,0.012123,0.021804
53,1,0.435856,0.061113,0.199469,0.173680,1.493022,0.095547,1.397475,0.053644,0.027546
660,3,0.617865,0.040138,0.134971,0.388558,1.511194,0.148925,1.481473,0.052142,0.026349
63,0,0.435856,0.123328,0.063420,0.184792,1.484526,0.095547,1.561519,0.150982,0.023562
52,0,0.435856,0.043332,0.168005,0.108791,1.468531,0.095547,1.564079,0.046874,0.031213
47,0,0.435856,0.088394,0.169959,0.090207,1.431243,0.095547,1.526791,0.044929,0.031356
102,0,0.435856,0.128314,0.057059,0.453589,1.480605,0.095547,1.565441,0.157318,0.023096
34,1,0.435856,0.036784,0.221876,0.075956,1.427623,0.095547,1.523170,0.031344,0.029185
695,3,0.617865,0.054965,0.123663,0.325495,1.552585,0.148925,1.440082,0.063323,0.027619
100,0,0.435856,0.121639,0.030001,0.447255,1.483920,0.095547,1.562125,0.184283,0.021114
49,0,0.435856,0.080151,0.179668,0.094857,1.423915,0.095547,1.519463,0.035266,0.032067
50,1,0.435856,0.050100,0.106126,0.153033,1.562334,0.095547,1.483711,0.146545,0.020718
36,1,0.435856,0.063335,0.129571,0.087446,1.476073,0.095547,1.569972,0.123211,0.022433
103,0,0.435856,0.061667,0.122096,0.470480,1.476454,0.095547,1.569591,0.092569,0.027855
101,0,0.435856,0.126650,0.046073,0.451056,1.478606,0.095547,1.567439,0.168261,0.022292
59,1,0.435856,0.043618,0.142957,0.216930,1.539632,0.095547,1.444085,0.109888,0.023412
15,1,0.435856,0.879096,0.121237,0.003515,1.435687,0.095547,1.531235,0.131505,0.021823
104,0,0.435856,0.093327,0.098569,0.472219,1.469950,0.095547,1.565498,0.115989,0.026134
466,1,0.051106,0.190011,0.004501,0.480977,1.551387,0.013977,1.565364,0.154202,0.172362
436,1,0.051106,0.283016,0.017027,0.174854,1.530734,0.013977,1.516757,0.166989,0.172511
75,0,0.435856,0.036703,0.096213,0.245861,1.512848,0.095547,1.533198,0.118333,0.025961
476,1,0.192117,0.283016,0.480687,0.197516,1.503902,0.120933,1.516757,0.168651,0.149883
369,1,0.062536,0.283016,0.214261,0.180871,1.554894,0.069942,1.516757,0.167430,0.166503
336,1,0.046705,0.190011,0.240428,0.498714,1.553613,0.022615,1.565364,0.154044,0.154625
135,0,0.049321,0.246701,0.038259,0.102090,1.485557,0.106697,1.549339,0.056796,0.031259
260,0,0.046705,0.246701,0.399029,0.008717,1.526723,0.022615,1.549339,0.060001,0.142021
12,1,0.435856,0.038004,0.196163,0.002294,1.389029,0.095547,1.293482,0.056934,0.027304
285,1,0.046705,0.171753,0.264816,0.088220,1.563197,0.022615,1.555780,0.129664,0.155073
612,3,0.229414,0.146684,0.463054,0.328627,1.474643,0.152094,1.514856,0.012066,0.041897
18,1,0.062536,0.879096,0.240265,0.183582,1.461293,0.069942,1.531235,0.141492,0.165117
417,1,0.051106,0.149982,0.171914,0.033089,1.565472,0.013977,1.562144,0.021831,0.170303
86,1,0.435856,0.038654,0.165611,0.389410,1.522258,0.095547,1.426711,0.087341,0.025069
711,3,0.229414,0.174265,0.434879,0.185792,1.554835,0.152094,1.402741,0.039914,0.045107
423,1,0.051106,0.171753,0.020127,0.071213,1.541803,0.013977,1.555780,0.130005,0.172079
39,1,0.435856,0.035038,0.192968,0.100562,1.436604,0.095547,1.532152,0.060114,0.027070
137,0,0.049321,0.039979,0.062992,0.130559,1.496708,0.106697,1.538187,0.043794,0.039492
786,3,0.617865,0.190011,0.025566,0.018031,1.427303,0.148925,1.565364,0.160337,0.038639
641,3,0.617865,0.038368,0.122392,0.379394,1.474416,0.148925,1.518251,0.064580,0.027762
35,0,0.435856,0.036293,0.238965,0.036567,1.208740,0.095547,1.304287,0.023752,0.036404
74,1,0.435856,0.046655,0.164389,0.291710,1.453031,0.095547,1.548579,0.088557,0.024980
4,1,0.062536,0.361732,0.278846,0.213097,1.496271,0.069942,1.566213,0.103008,0.163060
37,0,0.435856,0.038357,0.098248,0.055585,1.493278,0.095547,1.552767,0.116308,0.026110
556,3,0.617865,0.283016,0.070371,0.237066,1.367831,0.148925,1.516757,0.116019,0.033605
46,1,0.435856,0.061754,0.160791,0.136641,1.412157,0.095547,1.507705,0.092139,0.024717
433,1,0.051106,0.111731,0.127218,0.144207,1.569911,0.013977,1.555934,0.022862,0.170826
158,1,0.051106,0.134931,0.021125,0.080384,1.552953,0.013977,1.538976,0.129003,0.172067
276,1,0.046705,0.149982,0.416190,0.045532,1.539529,0.022615,1.562144,0.021665,0.157854
634,3,0.617865,0.038636,0.102417,0.420148,1.517628,0.148925,1.475039,0.084331,0.030006
43,0,0.435856,0.039216,0.202013,0.065786,1.286335,0.095547,1.381883,0.013026,0.033701
139,0,0.049321,0.048434,0.020990,0.192647,1.509123,0.106697,1.525772,0.039597,0.032667
300,1,0.046705,0.110012,0.272395,0.194809,1.559412,0.022615,1.559565,0.122086,0.155212
286,1,0.046705,0.153555,0.214417,0.090940,1.549619,0.022615,1.527004,0.180047,0.154147
318,0,0.046705,0.126650,0.289923,0.329321,1.544824,0.022615,1.567439,0.169073,0.144025
56,0,0.435856,0.043326,0.153619,0.133258,1.456911,0.095547,1.552458,0.061192,0.030161
68,1,0.435856,0.173617,0.102509,0.259410,1.416874,0.095547,1.512421,0.150145,0.020453
319,0,0.046705,0.128314,0.300608,0.332853,1.542825,0.022615,1.565441,0.158392,0.143829
140,0,0.066852,0.751965,0.010850,0.062065,1.286911,0.267974,1.554885,0.015455,0.095224
33,0,0.435856,0.036667,0.117979,0.044113,1.475249,0.095547,1.570796,0.096667,0.027554
437,1,0.051106,0.110012,0.027763,0.178031,1.545588,0.013977,1.559565,0.122348,0.171989
543,3,0.229414,0.111731,0.467620,0.431959,1.403840,0.152094,1.555934,0.007553,0.041377
38,1,0.435856,0.039983,0.173122,0.097375,1.445917,0.095547,1.541465,0.079866,0.025619
430,1,0.051106,0.083337,0.158841,0.122878,1.558101,0.013977,1.569514,0.008759,0.170456
600,3,0.617865,0.050190,0.095463,0.441373,1.472734,0.148925,1.519933,0.091207,0.030787
279,0,0.046705,0.123328,0.306415,0.064633,1.538903,0.022615,1.561519,0.152587,0.143722
317,0,0.046705,0.121639,0.273063,0.324028,1.539510,0.022615,1.562125,0.185929,0.144335
431,1,0.051106,0.080017,0.103272,0.115590,1.566797,0.013977,1.552821,0.046808,0.171106
323,0,0.046705,0.093327,0.344065,0.355319,1.553479,0.022615,1.565498,0.114948,0.143031
327,0,0.046705,0.088339,0.303628,0.372900,1.552018,0.022615,1.566959,0.155373,0.143774
427,1,0.051106,0.071667,0.086748,0.093701,1.557033,0.013977,1.570583,0.063333,0.171299
95,1,0.435856,0.038658,0.125502,0.440959,1.534956,0.095547,1.439408,0.127260,0.022135
284,1,0.046705,0.173617,0.230309,0.084203,1.535037,0.022615,1.512421,0.164160,0.154439
532,3,0.229414,0.083337,0.487233,0.484190,1.417421,0.152094,1.569514,0.011833,0.039143
293,1,0.046705,0.083337,0.403223,0.135719,1.546899,0.022615,1.569514,0.008702,0.157615
296,1,0.046705,0.111731,0.371342,0.158005,1.533318,0.022615,1.555934,0.023169,0.157030
289,1,0.046705,0.071667,0.331166,0.108708,1.547967,0.022615,1.570583,0.063333,0.156292
444,1,0.051106,0.053395,0.089198,0.207120,1.561975,0.013977,1.547998,0.060882,0.171271
307,1,0.046705,0.146684,0.435387,0.225713,1.537472,0.022615,1.514856,0.040856,0.158206
902,3,0.617865,0.053957,0.082906,0.030956,1.296638,0.148925,1.445563,0.103623,0.032197
342,1,0.046705,0.061641,0.269594,0.495082,1.564507,0.022615,1.541892,0.124887,0.155161
240,1,0.046705,0.054999,0.198200,0.048856,1.553064,0.022615,1.565913,0.196259,0.153849
463,1,0.051106,0.040000,0.017813,0.370813,1.556819,0.013977,1.570796,0.167778,0.172520
322,0,0.046705,0.061667,0.365940,0.355706,1.546975,0.022615,1.569591,0.093080,0.142629
298,1,0.046705,0.048331,0.435083,0.173471,1.557092,0.022615,1.561885,0.040553,0.158201
290,1,0.046705,0.046655,0.300301,0.110956,1.570398,0.022615,1.548579,0.094189,0.155725
435,1,0.051106,0.048331,0.190478,0.161585,1.547908,0.013977,1.561885,0.040394,0.170086
272,0,0.046705,0.043326,0.400825,0.021473,1.566519,0.022615,1.552458,0.058205,0.141988
252,0,0.046705,0.088394,0.420979,0.020197,1.549406,0.022615,1.526791,0.038057,0.141618
266,0,0.046705,0.043332,0.413390,0.001762,1.554899,0.022615,1.564079,0.045644,0.141757
875,3,0.617865,0.041231,0.094017,0.112339,1.477082,0.148925,1.328156,0.092636,0.030949
615,3,0.087371,0.146684,0.233417,0.332435,1.488050,0.138687,1.514856,0.012354,0.038095
434,1,0.051106,0.036666,0.142561,0.146030,1.550868,0.013977,1.564845,0.007520,0.170647
333,0,0.046705,0.048333,0.324563,0.413278,1.548181,0.022615,1.570796,0.134444,0.143389
655,2,0.070508,0.038477,0.050286,0.423869,1.432342,0.217739,1.491512,0.000675,0.044248
667,3,0.617865,0.035157,0.090282,0.386716,1.507364,0.148925,1.485303,0.096330,0.031369
438,1,0.051106,0.040031,0.108445,0.189081,1.557029,0.013977,1.543052,0.041635,0.171045
563,3,0.617865,0.110012,0.053060,0.404471,1.433102,0.148925,1.559565,0.133137,0.035549
349,0,0.062536,0.148359,0.341787,0.008873,1.535758,0.069942,1.535892,0.115551,0.199484
297,1,0.046705,0.036666,0.387115,0.159357,1.554132,0.022615,1.564845,0.007401,0.157319
339,1,0.046705,0.056752,0.249090,0.435605,1.555530,0.022615,1.532915,0.145385,0.154784
332,1,0.046705,0.040000,0.226690,0.388961,1.548181,0.022615,1.570796,0.167778,0.154373
815,3,0.087371,0.051894,0.264383,0.192220,1.505448,0.138687,1.497458,0.018303,0.034818
141,0,0.073870,0.751965,0.001353,0.072332,1.282850,0.272035,1.554885,0.015683,0.105491
555,3,0.229414,0.283016,0.356361,0.216588,1.364663,0.152094,1.516757,0.117521,0.054052
106,0,0.435856,0.088339,0.058203,0.493495,1.471411,0.095547,1.566959,0.156178,0.023180
299,1,0.046705,0.283016,0.226146,0.193030,1.494141,0.022615,1.516757,0.168322,0.154363
274,1,0.046705,0.040034,0.410367,0.030608,1.559470,0.022615,1.536855,0.015845,0.157747
294,1,0.046705,0.080017,0.347340,0.130109,1.530205,0.022615,1.552821,0.047164,0.156589
424,1,0.051106,0.153555,0.031160,0.072392,1.513027,0.013977,1.527004,0.181161,0.172677
29,0,0.435856,0.045027,0.039691,0.036819,1.498818,0.095547,1.547227,0.174620,0.021824
579,3,0.229414,0.110602,0.431571,0.375988,1.507901,0.152094,1.481598,0.043184,0.045484
465,1,0.051106,0.043304,0.026883,0.436031,1.548083,0.013977,1.534106,0.176876,0.172627
156,1,0.046705,0.134931,0.264720,0.063379,1.516361,0.022615,1.538976,0.129759,0.155071
157,1,0.062536,0.134931,0.252447,0.072780,1.532674,0.069942,1.538976,0.129341,0.164467
278,0,0.046705,0.148359,0.346230,0.065404,1.513277,0.022615,1.535892,0.112784,0.142991
748,3,0.617865,0.042168,0.086819,0.314476,1.524481,0.148925,1.375555,0.099754,0.031757
256,0,0.046705,0.080151,0.431563,0.014699,1.542078,0.022615,1.519463,0.027476,0.141424
812,3,0.229414,0.051894,0.494137,0.188672,1.492041,0.152094,1.497458,0.018656,0.038356
428,1,0.051106,0.046655,0.055402,0.095011,1.534602,0.013977,1.548579,0.094686,0.171666
846,3,0.617865,0.040586,0.087135,0.167698,1.384981,0.148925,1.236055,0.099442,0.031722
27,1,0.435856,0.108318,0.075087,0.001972,1.458845,0.095547,1.554392,0.177439,0.018447
472,1,0.051106,0.061641,0.024555,0.478209,1.527915,0.013977,1.541892,0.125563,0.172027
20,3,0.130420,0.879096,0.294416,0.098595,1.443105,0.167253,1.531235,0.173355,0.138442
146,2,0.068357,0.751965,0.424235,0.029325,1.379861,0.175024,1.554885,0.030157,0.144289
16,1,0.050092,0.879096,0.165176,0.090610,1.349263,0.181971,1.531235,0.136529,0.072219
21,3,0.094611,0.879096,0.043030,0.085709,1.459674,0.150683,1.531235,0.174043,0.125566
70,1,0.435856,0.153555,0.082923,0.264282,1.431457,0.095547,1.527004,0.169640,0.019021
706,2,0.617865,0.093327,0.006098,0.198086,1.427169,0.148925,1.565498,0.109190,0.110252
144,2,0.229414,0.751965,0.175300,0.025789,1.402791,0.152094,1.554885,0.030236,0.140752
263,2,0.617865,0.246701,0.025239,0.406409,1.400413,0.148925,1.549339,0.078644,0.113721
685,2,0.617865,0.128314,0.061410,0.191015,1.416515,0.148925,1.565441,0.164199,0.104003
673,2,0.617865,0.121639,0.092225,0.209491,1.413200,0.148925,1.562125,0.194678,0.100541
679,2,0.617865,0.126650,0.070746,0.197057,1.418514,0.148925,1.567439,0.173434,0.102954
145,2,0.617865,0.751965,0.073658,0.004201,1.405959,0.148925,1.554885,0.030716,0.119165
143,2,0.067577,0.751965,0.281467,0.065707,1.373565,0.181320,1.554885,0.029347,0.180666
107,0,0.074691,0.751965,0.337506,0.144939,1.072494,0.514214,1.554885,0.017299,0.178089
22,3,0.067577,0.879096,0.357141,0.044502,1.429038,0.181320,1.531235,0.176243,0.084392
495,2,0.617865,0.123328,0.058474,0.464028,1.412593,0.148925,1.561519,0.161294,0.104333
731,2,0.617865,0.088339,0.048098,0.189496,1.425708,0.148925,1.566959,0.151027,0.105500
489,2,0.617865,0.148359,0.041658,0.437461,1.386967,0.148925,1.535892,0.144654,0.106223
26,3,0.087371,0.879096,0.066328,0.015867,1.471671,0.138687,1.531235,0.177771,0.055779
725,2,0.617865,0.090448,0.017882,0.184699,1.484082,0.148925,1.508585,0.121078,0.108901
25,3,0.068357,0.879096,0.210168,0.011920,1.435334,0.175024,1.531235,0.177982,0.051835
507,3,0.617865,0.171753,0.042228,0.448268,1.436887,0.148925,1.555780,0.143851,0.036766
23,3,0.229414,0.879096,0.295683,0.021056,1.458264,0.152094,1.531235,0.177494,0.060964
313,1,0.046705,0.051687,0.237477,0.279150,1.545389,0.022615,1.522774,0.156994,0.154571
341,1,0.046705,0.046693,0.455392,0.477067,1.546490,0.022615,1.523874,0.060856,0.158574
818,3,0.229414,0.046693,0.491050,0.179778,1.465624,0.152094,1.523874,0.015605,0.038708
305,1,0.046705,0.050190,0.352466,0.221922,1.542548,0.022615,1.519933,0.042040,0.156683
884,3,0.229414,0.044388,0.484496,0.066615,1.471033,0.152094,1.318940,0.009127,0.039455
306,1,0.046705,0.053395,0.333152,0.222067,1.525382,0.022615,1.547998,0.061348,0.156328
582,3,0.087371,0.110602,0.201785,0.380046,1.521308,0.138687,1.481598,0.043669,0.041443
614,3,0.068357,0.146684,0.377766,0.340758,1.451713,0.175024,1.514856,0.012982,0.029786
326,0,0.046705,0.090448,0.283195,0.373104,1.531201,0.022615,1.508585,0.175800,0.144149
537,3,0.229414,0.080017,0.444871,0.489435,1.400727,0.152094,1.552821,0.030038,0.043969
529,3,0.087371,0.093837,0.273695,0.497763,1.350721,0.138687,1.489408,0.027522,0.033832
851,3,0.229414,0.045521,0.477868,0.140465,1.544516,0.152094,1.392422,0.002576,0.040210
347,1,0.062536,0.149982,0.403816,0.046988,1.509507,0.069942,1.562144,0.021645,0.156397
311,1,0.046705,0.038368,0.380866,0.298293,1.540866,0.022615,1.518251,0.013648,0.157205
262,2,0.229414,0.246701,0.126953,0.384880,1.397245,0.152094,1.549339,0.078021,0.135245
415,1,0.051106,0.040034,0.165336,0.017969,1.522878,0.013977,1.536855,0.015254,0.170380
283,1,0.046705,0.035129,0.435836,0.078526,1.539002,0.022615,1.516386,0.041305,0.158214
469,1,0.051106,0.056752,0.004122,0.418106,1.518938,0.013977,1.532915,0.146319,0.172269
533,3,0.068357,0.083337,0.403029,0.496871,1.394491,0.175024,1.569514,0.011889,0.026463
418,1,0.051106,0.045024,0.090159,0.033834,1.530211,0.013977,1.516234,0.059921,0.171259
282,1,0.046705,0.073503,0.326597,0.078946,1.529740,0.022615,1.507124,0.067901,0.156208
366,1,0.062536,0.111731,0.358927,0.156244,1.515717,0.069942,1.555934,0.023130,0.158790
344,1,0.062536,0.171864,0.378452,0.016057,1.546669,0.069942,1.476727,0.003655,0.157749
545,3,0.068357,0.111731,0.383561,0.444314,1.380910,0.175024,1.555934,0.007278,0.029024
753,3,0.068357,0.038867,0.454719,0.326901,1.177332,0.175024,1.352356,0.062777,0.019662
422,1,0.051106,0.173617,0.015654,0.066115,1.498444,0.013977,1.512421,0.165607,0.172495
412,1,0.051106,0.045023,0.123463,0.009274,1.528928,0.013977,1.514951,0.026617,0.170870
301,1,0.046705,0.040031,0.352327,0.203452,1.520437,0.022615,1.543052,0.042179,0.156680
404,1,0.062536,0.190011,0.227581,0.487545,1.495422,0.069942,1.565364,0.154144,0.165793
350,0,0.062536,0.123328,0.303937,0.010941,1.510132,0.069942,1.561519,0.153305,0.197466
249,1,0.046705,0.061754,0.287105,0.043920,1.530320,0.022615,1.507705,0.107381,0.155482
324,1,0.046705,0.108652,0.242206,0.347907,1.521847,0.022615,1.499232,0.152267,0.154658
879,3,0.229414,0.042491,0.466128,0.096733,1.532223,0.152094,1.380129,0.009027,0.041547
550,3,0.068357,0.048331,0.422405,0.496121,1.404684,0.175024,1.561885,0.030965,0.023913
574,3,0.068357,0.038654,0.483052,0.490822,1.251687,0.175024,1.426711,0.090672,0.015935
386,0,0.062536,0.121639,0.270543,0.272675,1.509525,0.069942,1.562125,0.186615,0.195686
546,3,0.087371,0.111731,0.238352,0.435764,1.417247,0.138687,1.555934,0.007468,0.037573
411,0,0.062536,0.055024,0.348453,0.470485,1.537339,0.069942,1.534312,0.108901,0.199840
534,3,0.087371,0.083337,0.257864,0.487825,1.430828,0.138687,1.569514,0.011849,0.035508
445,1,0.051106,0.146684,0.190041,0.213809,1.500879,0.013977,1.514856,0.039957,0.170091
425,1,0.051106,0.038366,0.083991,0.073858,1.527766,0.013977,1.513789,0.066090,0.171331
388,0,0.062536,0.128314,0.298361,0.279512,1.506210,0.069942,1.565441,0.158867,0.197169
647,3,0.068357,0.038658,0.424200,0.426819,1.264385,0.175024,1.439408,0.032732,0.023677
201,1,0.050092,0.146684,0.354160,0.337643,1.332885,0.181971,1.514856,0.049306,0.046455
714,3,0.087371,0.174265,0.204668,0.189819,1.541427,0.138687,1.402741,0.040814,0.041138
348,1,0.062536,0.045024,0.321249,0.044309,1.555417,0.069942,1.516234,0.060713,0.160799
343,1,0.062536,0.045023,0.354532,0.002757,1.556700,0.069942,1.514951,0.027514,0.159025
814,3,0.068357,0.051894,0.408622,0.201337,1.469111,0.175024,1.497458,0.017395,0.025727
821,3,0.087371,0.046693,0.261425,0.183360,1.479032,0.138687,1.523874,0.015375,0.035131
364,1,0.062536,0.080017,0.334918,0.126627,1.518830,0.069942,1.552821,0.047079,0.160070
713,3,0.068357,0.174265,0.347789,0.197333,1.563828,0.175024,1.402741,0.042495,0.033730
403,1,0.062536,0.043304,0.204517,0.441639,1.537545,0.069942,1.534106,0.177150,0.167023
328,1,0.046705,0.093691,0.259957,0.362660,1.521419,0.022615,1.498804,0.134521,0.154984
270,0,0.046705,0.039979,0.498370,0.029799,1.515572,0.022615,1.538187,0.039310,0.140196
754,3,0.087371,0.038867,0.306073,0.315893,1.213669,0.138687,1.352356,0.059576,0.030405
387,0,0.062536,0.126650,0.287777,0.276742,1.504211,0.069942,1.567439,0.169425,0.196605
362,1,0.062536,0.093837,0.330946,0.116741,1.559349,0.069942,1.489408,0.051041,0.160282
6,3,0.130420,0.361732,0.360308,0.458226,1.408126,0.167253,1.566213,0.108411,0.130089
568,3,0.229414,0.040031,0.459425,0.457812,1.390958,0.152094,1.543052,0.015652,0.042311
357,1,0.062536,0.038366,0.315062,0.084078,1.557862,0.069942,1.513789,0.066885,0.161129
361,0,0.062536,0.036703,0.330123,0.072832,1.538453,0.069942,1.533198,0.127185,0.198862
551,3,0.087371,0.048331,0.277302,0.486584,1.441021,0.138687,1.561885,0.031092,0.033450
820,3,0.068357,0.046693,0.405977,0.192426,1.442695,0.175024,1.523874,0.014791,0.026075
325,1,0.046705,0.051884,0.232475,0.354690,1.527201,0.022615,1.504586,0.161995,0.154479
619,3,0.229414,0.105242,0.410030,0.354585,1.544888,0.152094,1.392794,0.064474,0.047938
575,3,0.087371,0.038654,0.335231,0.479315,1.288024,0.138687,1.426711,0.088442,0.027319
376,1,0.062536,0.053395,0.320753,0.217568,1.523653,0.069942,1.547998,0.061208,0.160826
371,1,0.062536,0.040031,0.339948,0.200329,1.528599,0.069942,1.543052,0.042061,0.159802
592,3,0.229414,0.035888,0.458398,0.456831,1.255937,0.152094,1.408031,0.016667,0.042428
897,3,0.617865,0.035155,0.065332,0.064219,1.502372,0.148925,1.490295,0.121001,0.034171
648,3,0.087371,0.038658,0.277198,0.416948,1.300722,0.138687,1.439408,0.030990,0.033461
799,3,0.229414,0.056864,0.435080,0.213126,1.534780,0.152094,1.454719,0.039715,0.045084
335,1,0.046705,0.043304,0.216687,0.454481,1.511490,0.022615,1.534106,0.177778,0.154189
170,1,0.050092,0.149982,0.324592,0.152891,1.397477,0.181971,1.562144,0.020231,0.050486
886,3,0.068357,0.044388,0.396001,0.079077,1.493963,0.175024,1.318940,0.004970,0.027387
196,1,0.050092,0.110602,0.358812,0.325378,1.299626,0.181971,1.481598,0.053881,0.045821
700,2,0.617865,0.061667,0.007921,0.228248,1.420666,0.148925,1.569591,0.095954,0.111755
826,3,0.617865,0.061641,0.032763,0.150607,1.450775,0.148925,1.541892,0.153214,0.037830
471,1,0.051106,0.046693,0.210215,0.465772,1.509897,0.013977,1.523874,0.060129,0.169856
45,1,0.435856,0.054999,0.057709,0.122175,1.470366,0.095547,1.565913,0.194737,0.017176
802,3,0.087371,0.056864,0.205142,0.217151,1.548187,0.138687,1.454719,0.040346,0.041087
451,1,0.051106,0.051687,0.008318,0.261290,1.508797,0.013977,1.522774,0.158185,0.172408
288,1,0.046705,0.089862,0.338920,0.105749,1.517165,0.022615,1.494550,0.055582,0.156434
291,0,0.046705,0.036703,0.334675,0.128532,1.510582,0.022615,1.533198,0.124336,0.143203
853,3,0.068357,0.045521,0.390587,0.152773,1.567446,0.175024,1.392422,0.000360,0.028099
97,0,0.435856,0.038477,0.117369,0.457332,1.395965,0.095547,1.491512,0.097274,0.027509
218,1,0.050092,0.174265,0.453040,0.473673,1.220769,0.181971,1.402741,0.146540,0.032974
606,3,0.229414,0.053395,0.435219,0.423333,1.395904,0.152094,1.547998,0.039577,0.045068
887,3,0.087371,0.044388,0.253888,0.070257,1.457626,0.138687,1.318940,0.007912,0.035928
901,3,0.617865,0.058534,0.030122,0.040088,1.486429,0.148925,1.506238,0.155828,0.038127
340,1,0.046705,0.051894,0.483354,0.463958,1.520073,0.022615,1.497458,0.088809,0.159087
443,1,0.051106,0.050190,0.107048,0.207524,1.505956,0.013977,1.519933,0.043032,0.171062
807,3,0.617865,0.056752,0.002887,0.212212,1.459752,0.148925,1.532915,0.182994,0.041212
854,3,0.087371,0.045521,0.247612,0.144141,1.531109,0.138687,1.392422,0.001699,0.036593
662,3,0.087371,0.040138,0.195143,0.372698,1.521433,0.138687,1.481473,0.050245,0.042146
355,1,0.062536,0.171753,0.251934,0.078797,1.485838,0.069942,1.555780,0.129853,0.164495
363,1,0.062536,0.083337,0.390838,0.136246,1.502136,0.069942,1.569514,0.008700,0.157089
839,2,0.617865,0.055024,0.034888,0.068066,1.385386,0.148925,1.534312,0.137950,0.106985
881,3,0.068357,0.042491,0.378669,0.108833,1.555152,0.175024,1.380129,0.012093,0.029667
281,0,0.046705,0.048434,0.412637,0.083430,1.503156,0.022615,1.525772,0.046397,0.141771
587,3,0.617865,0.050573,0.048931,0.343965,1.455490,0.148925,1.306565,0.137221,0.036013
1,1,0.074691,0.361732,0.487036,0.104177,1.051999,0.514214,1.566213,0.100183,0.154193
30,1,0.435856,0.063352,0.103371,0.012195,1.438773,0.095547,1.534320,0.149287,0.020516
449,1,0.051106,0.038368,0.135469,0.284749,1.504274,0.013977,1.518251,0.014611,0.170730
570,3,0.068357,0.040031,0.375524,0.470047,1.368029,0.175024,1.543052,0.015189,0.030081
131,0,0.049321,0.036293,0.043390,0.035021,1.197590,0.106697,1.304287,0.024297,0.037896
258,1,0.062536,0.050100,0.257072,0.032634,1.553653,0.069942,1.483711,0.124727,0.164221
594,3,0.068357,0.035888,0.376825,0.469519,1.233008,0.175024,1.408031,0.013909,0.029910
230,0,0.073870,0.039216,0.019985,0.003037,1.487675,0.272035,1.381883,0.004270,0.101291
581,3,0.068357,0.110602,0.345689,0.387513,1.484971,0.175024,1.481598,0.044562,0.034006
359,1,0.062536,0.071667,0.318622,0.104061,1.501068,0.069942,1.570583,0.063333,0.160939
215,1,0.050092,0.054965,0.388009,0.457259,1.258111,0.181971,1.440082,0.082592,0.041840
167,1,0.050092,0.171864,0.287127,0.118630,1.482894,0.181971,1.476727,0.016610,0.055593
882,3,0.087371,0.042491,0.235811,0.100507,1.518815,0.138687,1.380129,0.009983,0.037842
395,0,0.062536,0.088339,0.302223,0.319298,1.497017,0.069942,1.566959,0.155015,0.197375
202,1,0.050092,0.105242,0.439632,0.370792,1.210822,0.181971,1.392794,0.133355,0.034802
538,3,0.087371,0.080017,0.215653,0.493430,1.414134,0.138687,1.552821,0.029940,0.039975
772,3,0.617865,0.040134,0.005854,0.252517,1.520388,0.148925,1.472279,0.191249,0.042150
391,0,0.062536,0.093327,0.342896,0.298806,1.495556,0.069942,1.565498,0.114445,0.199543
105,0,0.435856,0.090448,0.028061,0.496529,1.413038,0.095547,1.508585,0.186219,0.020972
659,3,0.229414,0.040138,0.424924,0.368586,1.508026,0.152094,1.481473,0.049753,0.046241
421,1,0.051106,0.035129,0.190518,0.066637,1.502409,0.013977,1.516386,0.040434,0.170086
224,1,0.050092,0.044464,0.389305,0.485844,1.180752,0.181971,1.362723,0.083866,0.041663
429,1,0.051106,0.093837,0.100248,0.105844,1.503384,0.013977,1.489408,0.049832,0.171141
785,3,0.229414,0.190011,0.313226,0.002329,1.424135,0.152094,1.565364,0.160156,0.058966
96,1,0.435856,0.051687,0.107394,0.454751,1.427227,0.095547,1.522774,0.145283,0.020811
765,2,0.617865,0.048333,0.031350,0.187617,1.421871,0.148925,1.570796,0.134444,0.107383
571,3,0.087371,0.040031,0.230233,0.461693,1.404366,0.138687,1.543052,0.015506,0.038432
191,1,0.050092,0.048331,0.346762,0.284213,1.379913,0.181971,1.561885,0.042032,0.047463
833,3,0.617865,0.047685,0.030322,0.171072,1.328663,0.148925,1.179738,0.155629,0.038104
64,1,0.435856,0.057266,0.102553,0.242132,1.501970,0.095547,1.406423,0.150101,0.020457
370,1,0.062536,0.110012,0.259581,0.185934,1.489624,0.069942,1.559565,0.122225,0.164087
314,0,0.046705,0.038477,0.374032,0.341993,1.514128,0.022615,1.491512,0.084990,0.142480
595,3,0.087371,0.035888,0.229942,0.460850,1.269345,0.138687,1.408031,0.015794,0.038463
209,1,0.050092,0.040138,0.351984,0.401551,1.299502,0.181971,1.481473,0.047167,0.046751
134,0,0.049321,0.080151,0.016584,0.093896,1.412765,0.106697,1.519463,0.035197,0.033027
303,1,0.046705,0.110602,0.434923,0.212547,1.504213,0.022615,1.481598,0.040392,0.158198
401,0,0.062536,0.048333,0.322845,0.358192,1.500854,0.069942,1.570796,0.134444,0.198474
132,0,0.049321,0.039216,0.006353,0.064601,1.275185,0.106697,1.381883,0.012728,0.034866
176,1,0.050092,0.035129,0.354364,0.190482,1.334415,0.181971,1.516386,0.049507,0.046427
694,3,0.229414,0.054965,0.414712,0.305539,1.549417,0.152094,1.440082,0.059847,0.047404
186,1,0.050092,0.083337,0.312390,0.241185,1.390107,0.181971,1.569514,0.008232,0.052149
653,2,0.617865,0.038477,0.087575,0.258363,1.501155,0.148925,1.491512,0.016952,0.120729
400,1,0.062536,0.040000,0.213913,0.376811,1.500854,0.069942,1.570796,0.167778,0.166522
7,3,0.094611,0.361732,0.109323,0.470301,1.424696,0.150683,1.566213,0.108519,0.118014
741,3,0.617865,0.044464,0.036011,0.309094,1.511649,0.148925,1.362723,0.150001,0.037465
136,0,0.049321,0.043332,0.028282,0.107932,1.457381,0.106697,1.564079,0.046864,0.032072
133,0,0.049321,0.088394,0.026285,0.089328,1.420093,0.106697,1.526791,0.044875,0.032235
413,1,0.051106,0.171864,0.148053,0.003367,1.490704,0.013977,1.476727,0.002028,0.170582
420,1,0.051106,0.073503,0.080864,0.063754,1.493147,0.013977,1.507124,0.069217,0.171368
779,3,0.617865,0.043304,0.043036,0.211830,1.385180,0.148925,1.534106,0.143052,0.036676
251,1,0.051106,0.061754,0.041331,0.060301,1.493728,0.013977,1.507705,0.108764,0.171830
608,3,0.068357,0.053395,0.351125,0.435114,1.372974,0.175024,1.547998,0.039210,0.033291
225,1,0.050092,0.042168,0.428167,0.491708,1.193584,0.181971,1.375555,0.122080,0.036365
552,3,0.130420,0.283016,0.345257,0.138525,1.349504,0.167253,1.516757,0.123246,0.131997
801,3,0.068357,0.056864,0.348773,0.224690,1.511850,0.175024,1.454719,0.041526,0.033600
168,1,0.050092,0.040034,0.325234,0.138020,1.354883,0.181971,1.536855,0.020863,0.050398
204,1,0.050092,0.038636,0.325876,0.364733,1.293068,0.181971,1.475039,0.021494,0.050311
506,3,0.229414,0.171753,0.330133,0.427992,1.433719,0.152094,1.555780,0.143445,0.057040
277,1,0.046705,0.045024,0.333449,0.048781,1.493618,0.022615,1.516234,0.061051,0.156334
759,3,0.617865,0.040000,0.018052,0.277183,1.421871,0.148925,1.570796,0.167778,0.039484
271,1,0.046705,0.045023,0.366839,0.004782,1.492335,0.022615,1.514951,0.027671,0.156947
609,3,0.087371,0.053395,0.206046,0.427411,1.409311,0.138687,1.547998,0.039450,0.040992
719,3,0.617865,0.038458,0.029588,0.322167,1.367736,0.148925,1.516661,0.156355,0.038187
154,1,0.050092,0.045121,0.314618,0.026849,1.471867,0.181971,1.487754,0.010424,0.051846
627,3,0.617865,0.038425,0.014710,0.429466,1.561175,0.148925,1.431492,0.171091,0.039860
457,1,0.051106,0.108652,0.004316,0.330158,1.485255,0.013977,1.499232,0.154000,0.172359
793,3,0.617865,0.038004,0.009349,0.249495,1.444183,0.148925,1.295258,0.176420,0.040466
367,1,0.062536,0.036666,0.374690,0.158727,1.494903,0.069942,1.564845,0.007407,0.157950
316,1,0.046705,0.035157,0.380531,0.292236,1.507918,0.022615,1.485303,0.013983,0.157199
697,3,0.087371,0.054965,0.184706,0.309729,1.562824,0.138687,1.440082,0.060577,0.043250
368,1,0.062536,0.048331,0.422809,0.176287,1.491943,0.069942,1.561885,0.040590,0.155384
524,2,0.617865,0.036703,0.054860,0.487302,1.384272,0.148925,1.533198,0.157719,0.104739
640,3,0.229414,0.038368,0.411367,0.359342,1.471248,0.152094,1.518251,0.063153,0.047786
287,1,0.046705,0.038366,0.327231,0.088996,1.491173,0.022615,1.513789,0.067267,0.156219
458,1,0.051106,0.051884,0.013697,0.336655,1.490609,0.013977,1.504586,0.163637,0.172472
893,3,0.617865,0.035119,0.045853,0.062913,1.564321,0.148925,1.428347,0.140265,0.036359
859,3,0.617865,0.035038,0.020058,0.135894,1.382828,0.148925,1.531754,0.165790,0.039258
189,1,0.050092,0.111731,0.278188,0.258235,1.403687,0.181971,1.555934,0.025400,0.056812
621,3,0.068357,0.105242,0.322779,0.365681,1.567817,0.175024,1.392794,0.067117,0.037020
459,1,0.051106,0.093691,0.013962,0.345446,1.484827,0.013977,1.498804,0.136202,0.172151
622,3,0.087371,0.105242,0.179752,0.358816,1.531480,0.138687,1.392794,0.065482,0.043775
229,0,0.066852,0.039216,0.028746,0.006780,1.491736,0.267974,1.381883,0.001803,0.091650
863,3,0.094611,0.060035,0.021081,0.007097,1.460103,0.150683,1.530806,0.195739,0.128067
44,1,0.435856,0.041693,0.100263,0.128989,1.417447,0.095547,1.512995,0.152381,0.020289
48,1,0.435856,0.047431,0.096424,0.179624,1.333804,0.095547,1.238257,0.156201,0.020008
315,1,0.046705,0.040138,0.428326,0.289775,1.504089,0.022615,1.481473,0.033797,0.158076
153,1,0.050092,0.045030,0.299960,0.021241,1.431440,0.181971,1.528181,0.003990,0.053844
259,1,0.051106,0.050100,0.026305,0.040449,1.497688,0.013977,1.483711,0.123809,0.172006
661,3,0.068357,0.040138,0.339031,0.379991,1.485096,0.175024,1.481473,0.051117,0.034882
558,3,0.087371,0.283016,0.127539,0.221347,1.378070,0.138687,1.516757,0.117172,0.049300
210,1,0.050092,0.035157,0.301997,0.396258,1.303331,0.181971,1.485303,0.001988,0.053566
636,3,0.087371,0.038636,0.162743,0.404506,1.527867,0.138687,1.475039,0.082321,0.045575
488,2,0.229414,0.148359,0.060602,0.415984,1.383799,0.152094,1.535892,0.143602,0.127686
205,1,0.050092,0.038368,0.297603,0.401479,1.336280,0.181971,1.518251,0.006309,0.054165
643,3,0.087371,0.038368,0.181799,0.363576,1.484655,0.138687,1.518251,0.063455,0.043558
190,1,0.050092,0.036666,0.297425,0.262489,1.382874,0.181971,1.564845,0.006483,0.054189
473,1,0.192117,0.173617,0.485615,0.089217,1.391488,0.120933,1.512421,0.163759,0.149434
557,3,0.068357,0.283016,0.272357,0.227002,1.341733,0.175024,1.516757,0.116757,0.043653
79,1,0.435856,0.035116,0.057764,0.330755,1.522259,0.095547,1.426712,0.194682,0.017180
696,3,0.068357,0.054965,0.328183,0.316730,1.526487,0.175024,1.440082,0.061796,0.036309
138,0,0.049321,0.043326,0.042657,0.132519,1.445761,0.106697,1.552458,0.061172,0.030901
197,1,0.050092,0.050573,0.471561,0.469220,1.124594,0.181971,1.306565,0.164752,0.030449
426,1,0.051106,0.089862,0.092984,0.090913,1.480573,0.013977,1.494550,0.057096,0.171226
633,3,0.229414,0.038636,0.392543,0.400131,1.514460,0.152094,1.475039,0.081758,0.049930
414,3,0.094611,0.171864,0.298268,0.460807,1.326043,0.150683,1.476727,0.078235,0.096490
553,3,0.094611,0.283016,0.095343,0.150934,1.366073,0.150683,1.516757,0.122336,0.119607
203,1,0.050092,0.038425,0.284769,0.344392,1.249521,0.181971,1.431492,0.018928,0.055915
470,1,0.051106,0.051894,0.237854,0.453484,1.483481,0.013977,1.497458,0.087766,0.169532
2,1,0.050092,0.361732,0.200131,0.117492,1.384242,0.181971,1.566213,0.102157,0.067454
310,1,0.046705,0.038636,0.402163,0.256946,1.497655,0.022615,1.475039,0.007643,0.157596
642,3,0.068357,0.038368,0.325995,0.370546,1.448318,0.175024,1.518251,0.063950,0.036597
578,3,0.067577,0.110602,0.494909,0.355782,1.478675,0.181320,1.481598,0.040768,0.065610
684,2,0.229414,0.128314,0.039956,0.169684,1.413347,0.152094,1.565441,0.164009,0.125334
474,1,0.192117,0.153555,0.469401,0.094178,1.406071,0.120933,1.527004,0.179853,0.150913
678,2,0.229414,0.126650,0.030564,0.175747,1.415346,0.152094,1.567439,0.173292,0.124264
165,1,0.050092,0.061113,0.269776,0.086876,1.562146,0.181971,1.397475,0.033672,0.057959
669,3,0.087371,0.035157,0.150405,0.371145,1.517603,0.138687,1.485303,0.094535,0.046880
599,3,0.229414,0.050190,0.384385,0.421273,1.469566,0.152094,1.519933,0.089822,0.050859
360,1,0.062536,0.046655,0.287473,0.104079,1.478637,0.069942,1.548579,0.094403,0.162600
494,2,0.229414,0.123328,0.042991,0.442681,1.409425,0.152094,1.561519,0.161009,0.125680
874,3,0.229414,0.041231,0.388067,0.092256,1.480250,0.152094,1.328156,0.086183,0.050440
672,2,0.229414,0.121639,0.009216,0.188199,1.410032,0.152094,1.562125,0.194394,0.121832
334,1,0.046705,0.040134,0.297021,0.413049,1.494894,0.022615,1.472279,0.097468,0.155665
181,1,0.050092,0.089862,0.257576,0.202846,1.312578,0.181971,1.494550,0.045669,0.059622
199,1,0.050092,0.050190,0.268179,0.320560,1.337961,0.181971,1.519933,0.035242,0.058177
243,0,0.073870,0.080151,0.015497,0.018373,1.350095,0.272035,1.519463,0.029824,0.108467
166,1,0.050092,0.045023,0.268275,0.103654,1.444670,0.181971,1.514951,0.035147,0.058164
242,0,0.073870,0.088394,0.026040,0.010900,1.342767,0.272035,1.526791,0.039990,0.110607
122,1,0.074691,0.283016,0.385845,0.464605,1.110622,0.514214,1.516757,0.188240,0.116801
845,3,0.229414,0.040586,0.383692,0.147347,1.388149,0.152094,1.236055,0.090507,0.050938
782,3,0.130420,0.190011,0.308510,0.079992,1.408975,0.167253,1.565364,0.159464,0.136655
562,3,0.229414,0.110012,0.340881,0.384204,1.429933,0.152094,1.559565,0.132822,0.055815
147,1,0.050092,0.036784,0.266393,0.011752,1.341199,0.181971,1.523170,0.036999,0.058420
187,1,0.050092,0.080017,0.253654,0.226557,1.406801,0.181971,1.552821,0.049525,0.060157
798,3,0.067577,0.056864,0.499178,0.193044,1.505554,0.181320,1.454719,0.036571,0.065028
410,1,0.062536,0.061641,0.256547,0.485990,1.471950,0.069942,1.541892,0.125251,0.164249
485,3,0.094611,0.149982,0.249684,0.444662,1.411461,0.150683,1.562144,0.030214,0.102024
265,2,0.087371,0.246701,0.496712,0.395513,1.410652,0.138687,1.549339,0.078329,0.124614
484,1,0.192117,0.043304,0.471320,0.457935,1.486553,0.120933,1.534106,0.177948,0.150738
747,3,0.229414,0.042168,0.379636,0.294444,1.527649,0.152094,1.375555,0.094516,0.051400
666,3,0.229414,0.035157,0.380140,0.366666,1.504196,0.152094,1.485303,0.094018,0.051343
554,3,0.067577,0.283016,0.415182,0.194127,1.335437,0.181320,1.516757,0.119168,0.076479
602,3,0.087371,0.050190,0.154855,0.425729,1.482973,0.138687,1.519933,0.090129,0.046409
605,3,0.067577,0.053395,0.495472,0.402863,1.366678,0.181320,1.547998,0.040215,0.065533
231,0,0.066852,0.088394,0.015280,0.021064,1.346828,0.267974,1.526791,0.040624,0.100437
479,0,0.192117,0.121639,0.124055,0.268437,1.458534,0.120933,1.562125,0.186671,0.199923
709,3,0.130420,0.174265,0.446840,0.110716,1.569994,0.167253,1.402741,0.023124,0.119119
194,1,0.050092,0.040031,0.257391,0.300523,1.416569,0.181971,1.543052,0.045851,0.059647
503,3,0.130420,0.171753,0.326336,0.350628,1.418560,0.167253,1.555780,0.141895,0.134396
235,0,0.066852,0.039979,0.070281,0.086670,1.270213,0.267974,1.538187,0.041841,0.083357
618,3,0.067577,0.105242,0.475794,0.333976,1.567479,0.181320,1.392794,0.059566,0.068216
635,3,0.068357,0.038636,0.306495,0.410949,1.491530,0.175024,1.475039,0.083148,0.039162
185,1,0.050092,0.093837,0.240976,0.215480,1.470214,0.181971,1.489408,0.061992,0.061885
356,1,0.062536,0.153555,0.200825,0.077855,1.457062,0.069942,1.527004,0.180833,0.167220
113,0,0.074691,0.246701,0.287846,0.026427,1.078040,0.514214,1.549339,0.060514,0.159739
148,0,0.066852,0.036293,0.069360,0.012316,1.569331,0.267974,1.304287,0.040953,0.083541
244,0,0.073870,0.246701,0.045991,0.018684,1.277304,0.272035,1.549339,0.059209,0.114652
705,2,0.229414,0.093327,0.095226,0.176707,1.424001,0.152094,1.565498,0.109380,0.131630
440,1,0.051106,0.110602,0.189047,0.200593,1.467621,0.013977,1.481598,0.038964,0.170103
900,3,0.229414,0.053957,0.366886,0.051772,1.293469,0.152094,1.445563,0.107118,0.052853
724,2,0.229414,0.090448,0.081579,0.163482,1.480914,0.152094,1.508585,0.122869,0.130076
175,1,0.050092,0.073503,0.243322,0.173789,1.325153,0.181971,1.507124,0.059685,0.061565
514,3,0.229414,0.089862,0.347699,0.494944,1.494949,0.152094,1.494550,0.126082,0.055038
292,1,0.046705,0.093837,0.343042,0.120527,1.466792,0.022615,1.489408,0.051461,0.156510
730,2,0.229414,0.088339,0.052946,0.168181,1.422540,0.152094,1.566959,0.151170,0.126814
264,2,0.068357,0.246701,0.375695,0.382221,1.374315,0.175024,1.549339,0.077944,0.137903
480,1,0.192117,0.108652,0.497819,0.354260,1.378299,0.120933,1.499232,0.151646,0.148321
261,2,0.067577,0.246701,0.233113,0.346042,1.368019,0.181320,1.549339,0.076898,0.174073
233,0,0.066852,0.246701,0.034244,0.029111,1.281365,0.267974,1.549339,0.058907,0.104224
601,3,0.068357,0.050190,0.298966,0.431994,1.446636,0.175024,1.519933,0.090561,0.040153
192,1,0.050092,0.283016,0.127097,0.270099,1.442864,0.181971,1.516757,0.173974,0.077411
658,3,0.067577,0.040138,0.488249,0.348227,1.478800,0.181320,1.481473,0.047318,0.066518
11,1,0.050092,0.167337,0.218076,0.111934,1.310256,0.181971,1.492227,0.084510,0.065007
876,3,0.068357,0.041231,0.299911,0.102984,1.503180,0.175024,1.328156,0.089630,0.040028
346,1,0.062536,0.043618,0.303756,0.030287,1.514027,0.069942,1.444085,0.078162,0.161732
182,1,0.050092,0.071667,0.239612,0.202929,1.389038,0.181971,1.570583,0.063333,0.062071
783,3,0.094611,0.190011,0.057665,0.067236,1.425545,0.150683,1.565364,0.159578,0.123899
877,3,0.087371,0.041231,0.157403,0.096687,1.466843,0.138687,1.328156,0.087606,0.046140
610,3,0.130420,0.146684,0.463819,0.253437,1.459483,0.167253,1.514856,0.006390,0.116967
345,1,0.062536,0.040034,0.398050,0.031651,1.466913,0.069942,1.536855,0.015893,0.156704
693,3,0.067577,0.054965,0.479144,0.285008,1.520191,0.181320,1.440082,0.056271,0.067759
515,3,0.087371,0.089862,0.118050,0.499691,1.508356,0.138687,1.494550,0.126567,0.050305
453,1,0.051106,0.035157,0.134530,0.278644,1.471326,0.013977,1.485303,0.015550,0.170740
788,3,0.087371,0.190011,0.084076,0.002790,1.437542,0.138687,1.565364,0.160201,0.053900
518,3,0.067577,0.071667,0.471962,0.494595,1.389263,0.181320,1.570583,0.063333,0.068738
200,1,0.050092,0.053395,0.238648,0.316218,1.411623,0.181971,1.547998,0.064281,0.062203
611,3,0.094611,0.146684,0.211837,0.264085,1.476053,0.150683,1.514856,0.007194,0.106336
407,1,0.062536,0.056752,0.235796,0.425025,1.462973,0.069942,1.532915,0.145949,0.165355
710,3,0.094611,0.174265,0.193271,0.121538,1.553424,0.150683,1.402741,0.025544,0.108451
847,3,0.068357,0.040586,0.294222,0.158108,1.411079,0.175024,1.236055,0.095232,0.040777
232,0,0.066852,0.080151,0.004840,0.028494,1.354156,0.267974,1.519463,0.030544,0.098350
848,3,0.087371,0.040586,0.152466,0.151875,1.374742,0.138687,1.236055,0.092495,0.046662
504,3,0.094611,0.171753,0.075302,0.363135,1.435129,0.150683,1.555780,0.142145,0.121890
164,0,0.050092,0.246701,0.499308,0.036328,1.410282,0.181971,1.549339,0.060800,0.169639
668,3,0.068357,0.035157,0.294212,0.377271,1.481266,0.175024,1.485303,0.095241,0.040778
749,3,0.068357,0.042168,0.292146,0.304999,1.550579,0.175024,1.375555,0.097275,0.041050
528,3,0.094611,0.093837,0.239146,0.428129,1.338724,0.150683,1.489408,0.019799,0.103225
149,0,0.073870,0.036293,0.061594,0.021969,1.565270,0.272035,1.304287,0.044352,0.092855
246,0,0.073870,0.039979,0.058519,0.076542,1.266153,0.272035,1.538187,0.041390,0.093479
899,3,0.087371,0.035155,0.125364,0.048809,1.512611,0.138687,1.490295,0.119326,0.049531
750,3,0.087371,0.042168,0.149240,0.298928,1.514242,0.138687,1.375555,0.095688,0.047004
509,3,0.087371,0.171753,0.100902,0.432913,1.447126,0.138687,1.555780,0.143543,0.052120
152,1,0.050092,0.035038,0.238031,0.011206,1.350180,0.181971,1.532152,0.064888,0.062287
382,1,0.062536,0.038658,0.287513,0.254586,1.509350,0.069942,1.439408,0.094364,0.162598
171,1,0.050092,0.045024,0.234729,0.142525,1.443387,0.181971,1.516234,0.068135,0.062737
699,2,0.229414,0.061667,0.108906,0.206814,1.417497,0.152094,1.569591,0.095859,0.133189
825,3,0.229414,0.061641,0.321069,0.130356,1.447607,0.152094,1.541892,0.152403,0.058072
452,1,0.051106,0.040138,0.182427,0.277622,1.467496,0.013977,1.481473,0.032343,0.170180
273,1,0.046705,0.171864,0.390816,0.016419,1.454111,0.022615,1.476727,0.003701,0.157387
727,2,0.087371,0.090448,0.452587,0.173633,1.494321,0.138687,1.508585,0.122012,0.119945
787,3,0.068357,0.190011,0.228189,0.007211,1.401205,0.175024,1.565364,0.160240,0.049464
865,3,0.229414,0.060035,0.273588,0.071605,1.458693,0.152094,1.530806,0.199333,0.063481
639,3,0.067577,0.038368,0.473646,0.338590,1.442022,0.181320,1.518251,0.061677,0.068508
784,3,0.067577,0.190011,0.373710,0.025470,1.394909,0.181320,1.565364,0.159949,0.082133
572,3,0.094611,0.038654,0.294815,0.409006,1.276027,0.150683,1.426711,0.074822,0.096883
486,2,0.094611,0.148359,0.454790,0.350571,1.385209,0.150683,1.535892,0.140401,0.193055
904,3,0.068357,0.053957,0.283992,0.040958,1.270540,0.175024,1.445563,0.105303,0.042123
806,3,0.229414,0.056752,0.291214,0.191935,1.456584,0.152094,1.532915,0.181912,0.061473
195,1,0.050092,0.038654,0.232736,0.300387,1.532910,0.181971,1.426711,0.070095,0.063009
541,3,0.130420,0.111731,0.460924,0.355992,1.388681,0.167253,1.555934,0.009243,0.117334
320,1,0.046705,0.038275,0.297345,0.341636,1.479765,0.022615,1.457150,0.097144,0.155671
576,3,0.130420,0.110602,0.435628,0.300628,1.492742,0.167253,1.481598,0.034175,0.120541
531,3,0.094611,0.083337,0.230794,0.419156,1.418831,0.150683,1.569514,0.011543,0.104176
559,3,0.130420,0.110012,0.336763,0.306941,1.414774,0.167253,1.559565,0.131618,0.133074
838,2,0.229414,0.055024,0.067385,0.046577,1.382218,0.152094,1.534312,0.136898,0.128459
774,3,0.087371,0.040134,0.054719,0.237585,1.530627,0.138687,1.472279,0.189264,0.057007
491,2,0.087371,0.148359,0.430278,0.426093,1.397206,0.138687,1.535892,0.144097,0.117584
338,1,0.046705,0.056864,0.464589,0.431035,1.477335,0.022615,1.454719,0.070050,0.158743
616,3,0.130420,0.105242,0.423107,0.279182,1.560047,0.167253,1.392794,0.046515,0.122128
771,3,0.229414,0.040134,0.284482,0.232326,1.517220,0.152094,1.472279,0.188566,0.062240
508,3,0.068357,0.171753,0.245050,0.437787,1.410789,0.175024,1.555780,0.143641,0.047246
542,3,0.094611,0.111731,0.210006,0.366783,1.405250,0.150683,1.555934,0.009003,0.106544
475,1,0.192117,0.035116,0.487311,0.162509,1.547645,0.120933,1.426712,0.162076,0.149279
586,3,0.229414,0.050573,0.343575,0.323763,1.458659,0.152094,1.306565,0.130158,0.055508
505,3,0.067577,0.171753,0.390958,0.405248,1.404493,0.181320,1.555780,0.142989,0.079781
549,3,0.094611,0.048331,0.251496,0.418213,1.429024,0.150683,1.561885,0.032005,0.101818
577,3,0.094611,0.110602,0.183210,0.311616,1.509311,0.150683,1.481598,0.035489,0.109597
906,3,0.087371,0.053957,0.138500,0.047023,1.306877,0.138687,1.445563,0.106321,0.048140
751,3,0.094611,0.038867,0.258088,0.243488,1.201672,0.150683,1.352356,0.038520,0.101067
527,3,0.130420,0.093837,0.489201,0.417567,1.322155,0.167253,1.489408,0.018627,0.113749
499,2,0.229414,0.048434,0.119612,0.492650,1.373678,0.152094,1.525772,0.085277,0.134408
764,2,0.229414,0.048333,0.069868,0.166258,1.418703,0.152094,1.570796,0.134444,0.128742
180,1,0.050092,0.038366,0.228275,0.181756,1.445832,0.181971,1.513789,0.074482,0.063617
811,3,0.094611,0.051894,0.244482,0.124231,1.493451,0.150683,1.497458,0.025073,0.102617
832,3,0.229414,0.047685,0.328483,0.150375,1.331831,0.152094,1.179738,0.145075,0.057228
354,1,0.062536,0.173617,0.216580,0.072241,1.442479,0.069942,1.512421,0.165117,0.166380
883,3,0.094611,0.044388,0.250136,0.002417,1.469623,0.150683,1.318940,0.030661,0.101973
905,3,0.087371,0.058534,0.089823,0.055282,1.496668,0.138687,1.506238,0.154511,0.053292
896,3,0.229414,0.035155,0.355050,0.044124,1.499204,0.152094,1.490295,0.118816,0.054201
682,2,0.094611,0.128314,0.431491,0.104616,1.414757,0.150683,1.565441,0.163430,0.190401
676,2,0.094611,0.126650,0.421953,0.110697,1.416756,0.150683,1.567439,0.172857,0.189314
740,3,0.229414,0.044464,0.329174,0.288965,1.514817,0.152094,1.362723,0.144393,0.057149
257,1,0.046705,0.050100,0.268682,0.023524,1.461095,0.022615,1.483711,0.125798,0.155144
116,0,0.074691,0.148359,0.228079,0.070745,1.091486,0.514214,1.535892,0.112523,0.137654
734,3,0.130420,0.093691,0.273802,0.149239,1.475536,0.167253,1.498804,0.193673,0.141055
778,3,0.229414,0.043304,0.329518,0.191382,1.382012,0.152094,1.534106,0.144053,0.057110
492,2,0.094611,0.123328,0.434820,0.377578,1.410836,0.150683,1.561519,0.160140,0.190780
670,2,0.094611,0.121639,0.401043,0.123096,1.411442,0.150683,1.562125,0.193525,0.186932
120,1,0.074691,0.038366,0.496750,0.403532,1.113590,0.514214,1.513789,0.091730,0.157782
687,2,0.087371,0.128314,0.410076,0.179573,1.426754,0.138687,1.565441,0.164097,0.115445
511,3,0.130420,0.089862,0.350308,0.418401,1.479790,0.167253,1.494550,0.118268,0.131357
817,3,0.094611,0.046693,0.239107,0.115182,1.467035,0.150683,1.523874,0.019760,0.103229
241,1,0.192117,0.054999,0.452884,0.047425,1.444980,0.120933,1.565913,0.196247,0.152419
681,2,0.087371,0.126650,0.400722,0.185556,1.428753,0.138687,1.567439,0.173357,0.114455
758,3,0.229414,0.040000,0.305514,0.256823,1.418702,0.152094,1.570796,0.167778,0.059844
490,2,0.068357,0.148359,0.309075,0.414531,1.360869,0.175024,1.535892,0.143531,0.129138
456,1,0.051106,0.174265,0.265726,0.335483,1.388764,0.013977,1.402741,0.115635,0.169207
487,2,0.067577,0.148359,0.167143,0.378566,1.354573,0.181320,1.535892,0.141771,0.165079
850,3,0.094611,0.045521,0.237231,0.076196,1.543106,0.150683,1.392422,0.017905,0.103443
497,2,0.087371,0.123328,0.413061,0.452600,1.422832,0.138687,1.561519,0.161142,0.115761
652,2,0.229414,0.038477,0.186437,0.237002,1.497987,0.152094,1.491512,0.019227,0.142021
718,3,0.229414,0.038458,0.315546,0.301621,1.364567,0.152094,1.516661,0.157862,0.058701
626,3,0.229414,0.038425,0.305977,0.409335,1.558007,0.152094,1.431492,0.167320,0.059791
177,1,0.050092,0.173617,0.143537,0.163615,1.330450,0.181971,1.512421,0.157808,0.075169
792,3,0.229414,0.038004,0.304240,0.229202,1.447352,0.152094,1.295258,0.169037,0.059989
481,1,0.192117,0.051884,0.487875,0.359953,1.383653,0.120933,1.504586,0.161515,0.149228
478,1,0.192117,0.051687,0.492820,0.284951,1.401841,0.120933,1.522774,0.156607,0.148777
675,2,0.087371,0.121639,0.379343,0.197839,1.423439,0.138687,1.562125,0.194523,0.112193
178,1,0.050092,0.171753,0.173870,0.172269,1.373808,0.181971,1.555780,0.127980,0.071034
377,1,0.062536,0.146684,0.423291,0.228565,1.444914,0.069942,1.514856,0.041071,0.155358
109,1,0.074691,0.134931,0.438151,0.227984,1.088402,0.514214,1.538976,0.142723,0.136129
523,2,0.229414,0.036703,0.047431,0.465840,1.381104,0.152094,1.533198,0.156621,0.126186
530,3,0.130420,0.083337,0.481966,0.408666,1.402261,0.167253,1.569514,0.011497,0.114666
645,3,0.094611,0.038658,0.237874,0.346419,1.288725,0.150683,1.439408,0.018541,0.103370
560,3,0.094611,0.110012,0.085757,0.319317,1.431344,0.150683,1.559565,0.131811,0.120699
892,3,0.229414,0.035119,0.337243,0.042834,1.561152,0.152094,1.428347,0.136417,0.056230
858,3,0.229414,0.035038,0.306418,0.115395,1.379660,0.152094,1.531754,0.166885,0.059741
535,3,0.130420,0.080017,0.437930,0.413142,1.385567,0.167253,1.552821,0.031906,0.120249
125,0,0.074691,0.128314,0.175630,0.358410,1.061938,0.514214,1.565441,0.158165,0.118273
124,0,0.074691,0.126650,0.163327,0.359620,1.059939,0.514214,1.567439,0.168871,0.113727
617,3,0.094611,0.105242,0.169371,0.290316,1.543477,0.150683,1.392794,0.049167,0.111174
565,3,0.087371,0.110012,0.111655,0.389038,1.443341,0.138687,1.559565,0.132897,0.050982
117,0,0.074691,0.123328,0.182391,0.087582,1.065860,0.514214,1.561519,0.152281,0.120772
151,1,0.050092,0.039983,0.219113,0.006920,1.359493,0.181971,1.541465,0.083491,0.064866
214,1,0.050092,0.038275,0.219418,0.433083,1.275179,0.181971,1.457150,0.083191,0.064824
409,1,0.062536,0.046693,0.443403,0.481360,1.453933,0.069942,1.523874,0.061132,0.154286
448,1,0.051106,0.038636,0.156060,0.243993,1.461062,0.013977,1.475039,0.005978,0.170489
13,1,0.074691,0.038004,0.482134,0.132327,1.333896,0.514214,1.293482,0.104449,0.152382
123,0,0.074691,0.121639,0.144302,0.361668,1.065253,0.514214,1.562125,0.185426,0.106697
501,3,0.130420,0.073503,0.347498,0.460927,1.467215,0.167253,1.507124,0.121037,0.131713
686,2,0.068357,0.128314,0.288285,0.168615,1.390417,0.175024,1.565441,0.164000,0.126403
179,1,0.050092,0.153555,0.125599,0.167549,1.345033,0.181971,1.527004,0.175447,0.077615
683,2,0.067577,0.128314,0.144862,0.132976,1.384121,0.181320,1.565441,0.163682,0.162041
239,1,0.192117,0.041693,0.483359,0.041277,1.392061,0.120933,1.512995,0.165998,0.149640
680,2,0.068357,0.126650,0.278852,0.174849,1.392416,0.175024,1.567439,0.173286,0.125162
516,3,0.130420,0.071667,0.406044,0.439042,1.403330,0.167253,1.570583,0.063333,0.124291
677,2,0.067577,0.126650,0.135339,0.139268,1.386120,0.181320,1.567439,0.173048,0.160743
383,1,0.062536,0.051687,0.223959,0.267720,1.452832,0.069942,1.522774,0.157756,0.165986
873,3,0.067577,0.041231,0.455637,0.071109,1.509476,0.181320,1.328156,0.079387,0.070964
878,3,0.094611,0.042491,0.226463,0.032442,1.530812,0.150683,1.380129,0.007262,0.104670
483,1,0.192117,0.040000,0.481566,0.393530,1.449863,0.120933,1.570796,0.167778,0.149803
632,3,0.067577,0.038636,0.455981,0.379046,1.485234,0.181320,1.475039,0.079049,0.070917
172,0,0.050092,0.148359,0.445482,0.046082,1.423729,0.181971,1.535892,0.113730,0.162300
496,2,0.068357,0.123328,0.291337,0.441556,1.386495,0.175024,1.561519,0.160994,0.126805
493,2,0.067577,0.123328,0.148080,0.405879,1.380199,0.181320,1.561519,0.160518,0.162480
512,3,0.094611,0.089862,0.098208,0.430513,1.496359,0.150683,1.494550,0.119504,0.119280
482,1,0.192117,0.038867,0.494188,0.383967,1.473289,0.120933,1.352356,0.155250,0.148652
674,2,0.068357,0.121639,0.257419,0.187689,1.387102,0.175024,1.562125,0.194387,0.122342
671,2,0.067577,0.121639,0.114123,0.152180,1.380806,0.181320,1.562125,0.193913,0.157850
735,3,0.094611,0.093691,0.021875,0.162353,1.492105,0.150683,1.498804,0.194954,0.127976
810,3,0.130420,0.051894,0.496771,0.114030,1.476882,0.167253,1.497458,0.026089,0.112790
703,2,0.094611,0.093327,0.485590,0.111772,1.425411,0.150683,1.565498,0.109958,0.196564
844,3,0.067577,0.040586,0.453909,0.125889,1.417375,0.181320,1.236055,0.081086,0.071199
722,2,0.094611,0.090448,0.467020,0.098980,1.482324,0.150683,1.508585,0.128314,0.194448
477,1,0.192117,0.035888,0.476768,0.224210,1.528964,0.120933,1.408031,0.172540,0.150241
728,2,0.094611,0.088339,0.443457,0.103231,1.423950,0.150683,1.566959,0.151603,0.191764
708,2,0.087371,0.093327,0.465439,0.187033,1.437408,0.138687,1.565498,0.109288,0.121305
822,3,0.130420,0.061641,0.318815,0.053047,1.432448,0.167253,1.541892,0.149307,0.135349
108,1,0.074691,0.063335,0.459951,0.209193,1.057406,0.514214,1.569972,0.123753,0.144185
155,1,0.050092,0.134931,0.168291,0.019945,1.420645,0.181971,1.538976,0.133467,0.071795
862,3,0.130420,0.060035,0.272449,0.006389,1.443533,0.167253,1.530806,0.195007,0.141227
564,3,0.068357,0.110012,0.255882,0.394199,1.407004,0.175024,1.559565,0.132977,0.045821
561,3,0.067577,0.110012,0.401654,0.361695,1.400707,0.181320,1.559565,0.132471,0.078323
733,2,0.087371,0.088339,0.423202,0.178161,1.435947,0.138687,1.566959,0.151103,0.116835
213,0,0.050092,0.128314,0.399951,0.320589,1.394181,0.181971,1.565441,0.158502,0.156093
796,3,0.130420,0.056864,0.441949,0.137951,1.519620,0.167253,1.454719,0.027945,0.119739
803,3,0.130420,0.056752,0.289938,0.114336,1.441425,0.167253,1.532915,0.177769,0.139010
536,3,0.094611,0.080017,0.187110,0.424240,1.402137,0.150683,1.552821,0.031634,0.109153
212,0,0.050092,0.126650,0.389129,0.318729,1.392182,0.181971,1.567439,0.169144,0.154618
373,1,0.062536,0.110602,0.422950,0.215379,1.411656,0.069942,1.481598,0.040731,0.155377
816,3,0.130420,0.046693,0.491022,0.104881,1.450465,0.167253,1.523874,0.020422,0.113518
464,1,0.051106,0.040134,0.050477,0.396910,1.458302,0.013977,1.472279,0.099612,0.171723
183,1,0.050092,0.046655,0.211079,0.200744,1.366607,0.181971,1.548579,0.091391,0.065961
691,3,0.130420,0.054965,0.422905,0.230144,1.534257,0.167253,1.440082,0.046714,0.122154
392,1,0.062536,0.108652,0.228374,0.336784,1.429290,0.069942,1.499232,0.153353,0.165751
849,3,0.130420,0.045521,0.490949,0.065947,1.559675,0.167253,1.392422,0.020350,0.113528
173,0,0.050092,0.123328,0.405787,0.051469,1.398102,0.181971,1.561519,0.152763,0.156889
603,3,0.130420,0.053395,0.427729,0.346839,1.380744,0.167253,1.547998,0.041960,0.121542
797,3,0.094611,0.056864,0.189117,0.148842,1.536190,0.150683,1.454719,0.029650,0.108924
127,0,0.074691,0.093327,0.225227,0.361750,1.051284,0.514214,1.565498,0.115005,0.136600
211,0,0.050092,0.121639,0.371952,0.316087,1.397496,0.181971,1.562125,0.186035,0.152276
378,1,0.062536,0.105242,0.487382,0.251738,1.322852,0.069942,1.392794,0.105000,0.151941
649,3,0.130420,0.051687,0.270100,0.273824,1.451566,0.167253,1.522774,0.197322,0.141525
375,1,0.062536,0.050190,0.339753,0.218788,1.449991,0.069942,1.519933,0.042256,0.159812
502,3,0.094611,0.073503,0.095592,0.473087,1.483785,0.150683,1.507124,0.122090,0.119578
583,3,0.130420,0.050573,0.365419,0.247150,1.473818,0.167253,1.306565,0.103374,0.129441
598,3,0.067577,0.050190,0.446523,0.399898,1.440340,0.181320,1.519933,0.088349,0.072206
596,3,0.130420,0.050190,0.384501,0.345009,1.454407,0.167253,1.519933,0.084566,0.127022
898,3,0.068357,0.035155,0.269144,0.054281,1.476274,0.175024,1.490295,0.119921,0.044076
517,3,0.094611,0.071667,0.155038,0.450527,1.419899,0.150683,1.570583,0.063333,0.112806
128,0,0.074691,0.088339,0.178651,0.397284,1.052745,0.514214,1.566959,0.155536,0.119390
707,2,0.068357,0.093327,0.343745,0.174638,1.401071,0.175024,1.565498,0.109399,0.133700
736,3,0.067577,0.093691,0.334085,0.202903,1.461469,0.181320,1.498804,0.198915,0.087535
829,3,0.130420,0.047685,0.363669,0.071980,1.346991,0.167253,1.179738,0.105099,0.129663
704,2,0.067577,0.093327,0.199738,0.138813,1.394775,0.181320,1.565498,0.109718,0.169523
769,3,0.094611,0.040134,0.036987,0.167991,1.518630,0.150683,1.472279,0.180016,0.126255
519,3,0.130420,0.046655,0.355339,0.456113,1.425761,0.167253,1.548579,0.113309,0.130719
726,2,0.068357,0.090448,0.329908,0.161675,1.457984,0.175024,1.508585,0.123021,0.131879
723,2,0.067577,0.090448,0.183166,0.126219,1.451688,0.181320,1.508585,0.126014,0.167264
193,1,0.050092,0.110012,0.181213,0.279993,1.377594,0.181971,1.559565,0.120759,0.070033
513,3,0.067577,0.089862,0.410451,0.472793,1.465723,0.181320,1.494550,0.123821,0.077124
631,3,0.094611,0.038636,0.144763,0.335784,1.515870,0.150683,1.475039,0.073490,0.113977
732,2,0.068357,0.088339,0.301308,0.166879,1.399610,0.175024,1.566959,0.151178,0.128117
737,3,0.130420,0.044464,0.345431,0.212450,1.529976,0.167253,1.362723,0.123075,0.131975
219,1,0.050092,0.108652,0.157276,0.429487,1.317261,0.181971,1.499232,0.144298,0.073296
28,1,0.050092,0.108318,0.121166,0.094914,1.372421,0.181971,1.554392,0.179806,0.078219
396,1,0.062536,0.093691,0.246291,0.352822,1.428862,0.069942,1.498804,0.135482,0.164796
729,2,0.067577,0.088339,0.157335,0.131253,1.393314,0.181320,1.566959,0.151416,0.163742
372,1,0.062536,0.038654,0.330938,0.202070,1.496653,0.069942,1.426711,0.051048,0.160282
169,1,0.050092,0.043618,0.207918,0.126390,1.515536,0.181971,1.444085,0.094499,0.066392
775,3,0.130420,0.043304,0.320269,0.113275,1.366853,0.167253,1.534106,0.147875,0.135165
446,1,0.051106,0.105242,0.250868,0.234014,1.378817,0.013977,1.392794,0.100778,0.169380
746,3,0.067577,0.042168,0.445917,0.273142,1.556875,0.181320,1.375555,0.088945,0.072289
657,3,0.094611,0.040138,0.176568,0.304214,1.509436,0.150683,1.481473,0.042053,0.110354
644,3,0.130420,0.038658,0.487192,0.335690,1.272155,0.167253,1.439408,0.016647,0.114004
869,3,0.130420,0.042491,0.480341,0.022052,1.547382,0.167253,1.380129,0.009895,0.114872
744,3,0.130420,0.042168,0.394523,0.218620,1.542808,0.167253,1.375555,0.074689,0.125752
394,0,0.062536,0.090448,0.285824,0.320647,1.438643,0.069942,1.508585,0.171372,0.196501
358,1,0.062536,0.089862,0.325971,0.101624,1.424608,0.069942,1.494550,0.056003,0.160547
365,1,0.062536,0.035116,0.222921,0.145567,1.496654,0.069942,1.426712,0.158792,0.166042
868,3,0.130420,0.041231,0.407606,0.016369,1.495409,0.167253,1.328156,0.061794,0.124093
823,3,0.094611,0.061641,0.067546,0.065627,1.449017,0.150683,1.541892,0.149811,0.122773
842,3,0.130420,0.040586,0.412683,0.070553,1.403309,0.167253,1.236055,0.056790,0.123449
9,1,0.074691,0.036701,0.459206,0.160940,1.115974,0.514214,1.511405,0.124401,0.143909
656,3,0.130420,0.040138,0.428979,0.293139,1.492866,0.167253,1.481473,0.040728,0.121384
768,3,0.130420,0.040134,0.289396,0.155103,1.502061,0.167253,1.472279,0.178303,0.139078
566,3,0.130420,0.040031,0.451495,0.381563,1.375799,0.167253,1.543052,0.018536,0.118529
755,3,0.130420,0.040000,0.300075,0.178942,1.403543,0.167253,1.570796,0.167778,0.137725
308,1,0.046705,0.105242,0.497755,0.244207,1.415409,0.022615,1.392794,0.103206,0.159352
689,3,0.094611,0.038275,0.025001,0.240876,1.533759,0.150683,1.457150,0.191864,0.127620
630,3,0.130420,0.038636,0.397237,0.324300,1.499300,0.167253,1.475039,0.072014,0.125408
715,3,0.130420,0.038458,0.304286,0.223013,1.349408,0.167253,1.516661,0.163628,0.137191
623,3,0.130420,0.038425,0.315134,0.332550,1.542847,0.167253,1.431492,0.152936,0.135816
637,3,0.130420,0.038368,0.411704,0.283446,1.456088,0.167253,1.518251,0.057755,0.123574
510,3,0.130420,0.038366,0.451475,0.498954,1.346536,0.167253,1.513789,0.018556,0.118532
688,3,0.130420,0.038275,0.277655,0.227844,1.517190,0.167253,1.457150,0.189876,0.140567
789,3,0.130420,0.038004,0.327299,0.151988,1.462511,0.167253,1.295258,0.140946,0.134273
161,1,0.050092,0.061754,0.202417,0.044598,1.325733,0.181971,1.507705,0.099909,0.067142
547,3,0.130420,0.036666,0.457147,0.428860,1.409494,0.167253,1.564845,0.012965,0.117813
804,3,0.094611,0.056752,0.038561,0.127281,1.457994,0.150683,1.532915,0.178460,0.126075
702,2,0.087371,0.061667,0.478958,0.217267,1.430904,0.138687,1.569591,0.095905,0.122735
828,3,0.087371,0.061641,0.091750,0.135342,1.461014,0.138687,1.541892,0.152603,0.053088
590,3,0.130420,0.035888,0.435935,0.377698,1.240778,0.167253,1.408031,0.033872,0.120502
664,3,0.094611,0.035157,0.131505,0.302281,1.505606,0.150683,1.485303,0.086594,0.115487
867,3,0.087371,0.060035,0.044247,0.076974,1.472100,0.138687,1.530806,0.199632,0.058116
663,3,0.130420,0.035157,0.383809,0.290614,1.489037,0.167253,1.485303,0.085248,0.127110
871,3,0.130420,0.035155,0.358179,0.032301,1.484045,0.167253,1.490295,0.110510,0.130359
836,2,0.094611,0.055024,0.461573,0.018836,1.383628,0.150683,1.534312,0.133697,0.193828
870,3,0.130420,0.035119,0.346743,0.033538,1.545993,0.167253,1.428347,0.121781,0.131809
539,3,0.130420,0.035116,0.430986,0.438724,1.259459,0.167253,1.426712,0.038750,0.121129
692,3,0.094611,0.054965,0.169890,0.241278,1.550827,0.150683,1.440082,0.048654,0.111114
855,3,0.130420,0.035038,0.296731,0.036930,1.364501,0.167253,1.531754,0.171073,0.138148
223,1,0.050092,0.093691,0.175604,0.447073,1.316832,0.181971,1.498804,0.126275,0.070798
217,0,0.050092,0.093327,0.444416,0.336195,1.383526,0.181971,1.565498,0.114778,0.162155
115,1,0.074691,0.043618,0.452633,0.335968,1.183293,0.514214,1.444085,0.130121,0.141481
548,3,0.094611,0.036666,0.205901,0.439660,1.426064,0.150683,1.564845,0.013061,0.107012
604,3,0.094611,0.053395,0.177016,0.358081,1.397314,0.150683,1.547998,0.041610,0.110303
629,3,0.087371,0.038425,0.075924,0.414414,1.570179,0.138687,1.431492,0.168271,0.054763
221,0,0.050092,0.090448,0.383191,0.363426,1.326614,0.181971,1.508585,0.174983,0.153808
809,3,0.087371,0.056752,0.061864,0.197161,1.469991,0.138687,1.532915,0.182191,0.056251
650,3,0.094611,0.051687,0.018590,0.287015,1.468135,0.150683,1.522774,0.198201,0.128351
381,1,0.062536,0.038368,0.368356,0.297208,1.448309,0.069942,1.518251,0.013725,0.158287
222,0,0.050092,0.088339,0.403220,0.360135,1.384987,0.181971,1.566959,0.155287,0.156539
584,3,0.094611,0.050573,0.110299,0.259106,1.457248,0.150683,1.306565,0.107554,0.117903
841,2,0.087371,0.055024,0.437048,0.056743,1.395625,0.138687,1.534312,0.137395,0.118300
597,3,0.094611,0.050190,0.132741,0.356700,1.470976,0.150683,1.519933,0.085372,0.115346
352,1,0.062536,0.073503,0.313607,0.073937,1.437182,0.069942,1.507124,0.068335,0.161206
665,3,0.067577,0.035157,0.443266,0.345279,1.474970,0.181320,1.485303,0.091552,0.072650
762,2,0.094611,0.048333,0.460817,0.101258,1.420113,0.150683,1.570796,0.134444,0.193742
889,3,0.094611,0.035155,0.105988,0.020301,1.500614,0.150683,1.490295,0.111815,0.118394
126,0,0.074691,0.061667,0.250406,0.352430,1.057788,0.514214,1.569591,0.093094,0.145904
830,3,0.094611,0.047685,0.106461,0.084234,1.330421,0.150683,1.179738,0.111348,0.118340
520,3,0.094611,0.046655,0.104094,0.468226,1.442330,0.150683,1.548579,0.113686,0.118610
567,3,0.094611,0.040031,0.200780,0.392501,1.392369,0.150683,1.543052,0.018123,0.107595
589,3,0.087371,0.050573,0.112724,0.328571,1.445252,0.138687,1.306565,0.131839,0.050868
738,3,0.094611,0.044464,0.091168,0.224611,1.513407,0.150683,1.362723,0.126463,0.120082
118,1,0.074691,0.057266,0.403412,0.346386,1.220956,0.514214,1.406423,0.172954,0.123292
767,2,0.087371,0.048333,0.440029,0.176385,1.432110,0.138687,1.570796,0.134444,0.118615
701,2,0.068357,0.061667,0.357509,0.204492,1.394567,0.175024,1.569591,0.095848,0.135510
776,3,0.094611,0.043304,0.070133,0.125969,1.383422,0.150683,1.534106,0.147254,0.122479
827,3,0.068357,0.061641,0.235759,0.139964,1.424677,0.175024,1.541892,0.152788,0.048468
835,3,0.087371,0.047685,0.096752,0.155428,1.318424,0.138687,1.179738,0.147652,0.052559
698,2,0.067577,0.061667,0.214004,0.168534,1.388271,0.181320,1.569591,0.095688,0.171468
824,3,0.067577,0.061641,0.382317,0.107459,1.418381,0.181320,1.541892,0.151486,0.080960
745,3,0.094611,0.042168,0.140504,0.230133,1.526239,0.150683,1.375555,0.077699,0.114462
866,3,0.068357,0.060035,0.187988,0.080339,1.435763,0.175024,1.530806,0.199819,0.054753
110,1,0.074691,0.054999,0.379375,0.219411,1.051699,0.514214,1.565913,0.193871,0.114410
864,3,0.067577,0.060035,0.335014,0.047664,1.429467,0.181320,1.530806,0.198002,0.087409
872,3,0.094611,0.041231,0.152896,0.027745,1.478840,0.150683,1.328156,0.065451,0.113050
903,3,0.068357,0.058534,0.233608,0.050732,1.460331,0.175024,1.506238,0.154905,0.048751
843,3,0.094611,0.040586,0.156569,0.082009,1.386739,0.150683,1.236055,0.061820,0.112632
743,3,0.087371,0.044464,0.098665,0.293866,1.501410,0.138687,1.362723,0.145758,0.052356
756,3,0.094611,0.040000,0.049369,0.191823,1.420113,0.150683,1.570796,0.167778,0.124844
250,1,0.062536,0.061754,0.273797,0.051782,1.437763,0.069942,1.507705,0.108045,0.163329
808,3,0.068357,0.056752,0.205686,0.200990,1.433654,0.175024,1.532915,0.182395,0.052425
781,3,0.087371,0.043304,0.100633,0.196347,1.395419,0.138687,1.534106,0.143809,0.052148
268,1,0.062536,0.061113,0.371809,0.014836,1.467417,0.069942,1.397475,0.010281,0.158103
805,3,0.067577,0.056752,0.352654,0.168385,1.427358,0.181320,1.532915,0.180655,0.085004
716,3,0.094611,0.038458,0.054529,0.235967,1.365978,0.150683,1.516661,0.162678,0.124256
624,3,0.094611,0.038425,0.062009,0.345086,1.559417,0.150683,1.431492,0.155284,0.123404
638,3,0.094611,0.038368,0.159866,0.294779,1.472658,0.150683,1.518251,0.058561,0.112256
790,3,0.094611,0.038004,0.071925,0.164460,1.445941,0.150683,1.295258,0.145483,0.122275
840,2,0.068357,0.055024,0.315891,0.045000,1.359288,0.175024,1.534312,0.136821,0.130035
112,1,0.074691,0.050100,0.419068,0.261816,1.143668,0.514214,1.483711,0.159329,0.129078
895,3,0.087371,0.035119,0.107166,0.047657,1.567033,0.138687,1.428347,0.137342,0.051457
837,2,0.067577,0.055024,0.173968,0.009001,1.352992,0.181320,1.534312,0.135059,0.166010
521,2,0.094611,0.036703,0.441767,0.400406,1.382514,0.150683,1.533198,0.153273,0.191571
119,0,0.074691,0.048434,0.302396,0.060065,1.101607,0.514214,1.525772,0.047852,0.165116
591,3,0.094611,0.035888,0.187382,0.389233,1.257348,0.150683,1.408031,0.031365,0.109122
129,0,0.074691,0.048333,0.202888,0.428321,1.056582,0.514214,1.570796,0.134444,0.128346
761,3,0.087371,0.040000,0.076422,0.261956,1.432110,0.138687,1.570796,0.167778,0.054711
351,1,0.062536,0.057266,0.272593,0.055754,1.476364,0.069942,1.406423,0.109246,0.163393
248,0,0.073870,0.048434,0.030735,0.113673,1.253737,0.272035,1.525772,0.044514,0.111559
406,1,0.062536,0.056864,0.453130,0.436044,1.384777,0.069942,1.454719,0.070834,0.153768
888,3,0.094611,0.035119,0.093554,0.021414,1.562563,0.150683,1.428347,0.124105,0.119810
540,3,0.094611,0.035116,0.182172,0.450261,1.276029,0.150683,1.426712,0.036514,0.109715
111,1,0.074691,0.047431,0.373834,0.277322,1.389121,0.514214,1.238257,0.198693,0.112363
856,3,0.094611,0.035038,0.046737,0.049944,1.381070,0.150683,1.531754,0.170379,0.125144
721,3,0.087371,0.038458,0.086816,0.306719,1.377975,0.138687,1.516661,0.157488,0.053610
795,3,0.087371,0.038004,0.073262,0.234341,1.433945,0.138687,1.295258,0.170907,0.055045
588,3,0.068357,0.050573,0.255213,0.333710,1.481589,0.175024,1.306565,0.133636,0.045909
353,1,0.062536,0.035129,0.423738,0.081410,1.446445,0.069942,1.516386,0.041517,0.155335
390,1,0.062536,0.054965,0.445128,0.343934,1.370140,0.069942,1.440082,0.062853,0.154194
585,3,0.067577,0.050573,0.411897,0.301568,1.487885,0.181320,1.306565,0.122399,0.076927
526,2,0.087371,0.036703,0.417111,0.475843,1.394511,0.138687,1.533198,0.157133,0.116190
500,2,0.068357,0.048434,0.368407,0.490112,1.350748,0.175024,1.525772,0.085119,0.136944
766,2,0.068357,0.048333,0.318305,0.164647,1.395773,0.175024,1.570796,0.134444,0.130353
150,1,0.050092,0.063335,0.179140,0.005448,1.389649,0.181971,1.569972,0.122798,0.070315
498,2,0.067577,0.048434,0.227053,0.453769,1.344452,0.181320,1.525772,0.082856,0.173247
114,0,0.074691,0.043332,0.305246,0.026170,1.049865,0.514214,1.564079,0.045372,0.166169
763,2,0.067577,0.048333,0.174593,0.128905,1.389477,0.181320,1.570796,0.134444,0.166095
834,3,0.068357,0.047685,0.238482,0.160242,1.354761,0.175024,1.179738,0.150107,0.048110
408,1,0.062536,0.051894,0.471782,0.470290,1.427516,0.069942,1.497458,0.089439,0.152773
393,1,0.062536,0.051884,0.218631,0.342871,1.434644,0.069942,1.504586,0.163071,0.166270
861,3,0.087371,0.035038,0.077603,0.120555,1.393067,0.138687,1.531754,0.166609,0.054586
237,0,0.066852,0.048434,0.018639,0.124134,1.257798,0.267974,1.525772,0.043862,0.101108
245,0,0.073870,0.043332,0.032253,0.028135,1.305479,0.272035,1.564079,0.045976,0.111867
247,0,0.073870,0.043326,0.045708,0.048829,1.317100,0.272035,1.552458,0.058937,0.114594
831,3,0.067577,0.047685,0.400746,0.127409,1.361057,0.181320,1.179738,0.133364,0.078447
269,1,0.051106,0.061113,0.142729,0.027552,1.411452,0.013977,1.397475,0.007351,0.170645
216,0,0.050092,0.061667,0.466380,0.333185,1.390030,0.181971,1.569591,0.093180,0.165149
742,3,0.068357,0.044464,0.241554,0.298621,1.537747,0.175024,1.362723,0.147083,0.047706
739,3,0.067577,0.044464,0.395893,0.266510,1.544043,0.181320,1.362723,0.138136,0.079109
419,1,0.051106,0.057266,0.042719,0.047219,1.420400,0.013977,1.406423,0.107375,0.171814
267,1,0.046705,0.061113,0.384038,0.013986,1.374859,0.022615,1.397475,0.010477,0.157263
468,1,0.051106,0.056864,0.218399,0.419941,1.440742,0.013977,1.454719,0.068313,0.169760
780,3,0.068357,0.043304,0.245123,0.201262,1.359082,0.175024,1.534106,0.143569,0.047236
254,1,0.062536,0.047431,0.309214,0.012337,1.308199,0.069942,1.238257,0.072717,0.161441
174,1,0.050092,0.057266,0.172104,0.149137,1.553198,0.181971,1.406423,0.129717,0.071275
777,3,0.067577,0.043304,0.388732,0.168391,1.352786,0.181320,1.534106,0.145178,0.080085
234,0,0.066852,0.043332,0.020950,0.038432,1.309540,0.267974,1.564079,0.046091,0.101570
236,0,0.066852,0.043326,0.034560,0.059132,1.321161,0.267974,1.552458,0.059212,0.104287
455,1,0.051106,0.054965,0.210187,0.328137,1.426105,0.013977,1.440082,0.060101,0.169856
160,1,0.050092,0.054999,0.105100,0.024588,1.383942,0.181971,1.565913,0.195606,0.080410
121,0,0.074691,0.036703,0.215113,0.138880,1.094181,0.514214,1.533198,0.123806,0.132863
397,1,0.062536,0.044464,0.433882,0.370160,1.292781,0.069942,1.362723,0.051635,0.154794
280,1,0.046705,0.057266,0.283466,0.063840,1.383807,0.022615,1.406423,0.111019,0.155416
773,3,0.068357,0.040134,0.198220,0.241203,1.494290,0.175024,1.472279,0.189745,0.053407
760,3,0.068357,0.040000,0.220533,0.266195,1.395773,0.175024,1.570796,0.167778,0.050471
770,3,0.067577,0.040134,0.347791,0.208782,1.487994,0.181320,1.472279,0.185437,0.085666
757,3,0.067577,0.040000,0.365749,0.233448,1.389477,0.181320,1.570796,0.167778,0.083218
654,2,0.068357,0.038477,0.434938,0.233315,1.475057,0.175024,1.491512,0.019620,0.145697
720,3,0.068357,0.038458,0.231325,0.311285,1.341637,0.175024,1.516661,0.157154,0.049052
628,3,0.068357,0.038425,0.219240,0.418577,1.535077,0.175024,1.431492,0.169051,0.050642
321,1,0.046705,0.054965,0.456616,0.339494,1.462698,0.022615,1.440082,0.062079,0.158596
398,1,0.062536,0.042168,0.473408,0.373083,1.305613,0.069942,1.375555,0.091061,0.152686
220,1,0.050092,0.051884,0.146680,0.434615,1.322614,0.181971,1.504586,0.154718,0.074741
794,3,0.068357,0.038004,0.215836,0.238452,1.470282,0.175024,1.295258,0.172402,0.051089
651,2,0.067577,0.038477,0.287471,0.197413,1.468761,0.181320,1.491512,0.023444,0.181484
207,1,0.050092,0.051687,0.149815,0.359508,1.340803,0.181971,1.522774,0.151635,0.074314
717,3,0.067577,0.038458,0.374086,0.278205,1.335341,0.181320,1.516661,0.159580,0.082082
625,3,0.067577,0.038425,0.370595,0.386341,1.528781,0.181320,1.431492,0.163013,0.082558
690,3,0.067577,0.038275,0.334975,0.281348,1.503123,0.181320,1.457150,0.198040,0.087414
441,1,0.051106,0.050573,0.264569,0.325417,1.292588,0.013977,1.306565,0.114478,0.169220
791,3,0.067577,0.038004,0.373021,0.206087,1.476578,0.181320,1.295258,0.160628,0.082227
238,0,0.066852,0.038477,0.064864,0.374238,1.382106,0.267974,1.491512,0.088424,0.110338
525,2,0.068357,0.036703,0.295843,0.464627,1.358174,0.175024,1.533198,0.156559,0.127397
163,1,0.050092,0.050100,0.166125,0.059864,1.475910,0.181971,1.483711,0.135597,0.072090
522,2,0.067577,0.036703,0.153974,0.428715,1.351878,0.181320,1.533198,0.154722,0.163284
384,1,0.062536,0.040138,0.416281,0.292129,1.411531,0.069942,1.481473,0.034079,0.155732
402,1,0.062536,0.040134,0.283444,0.405863,1.402337,0.069942,1.472279,0.098423,0.162815
894,3,0.068357,0.035119,0.250480,0.052634,1.538222,0.175024,1.428347,0.138295,0.046532
860,3,0.068357,0.035038,0.221954,0.124860,1.356730,0.175024,1.531754,0.166380,0.050285
228,0,0.050092,0.048333,0.424416,0.397238,1.388825,0.181971,1.570796,0.134444,0.159428
399,1,0.062536,0.038867,0.231530,0.366619,1.422298,0.069942,1.352356,0.150205,0.165583
255,1,0.051106,0.047431,0.081926,0.022820,1.252234,0.013977,1.238257,0.068156,0.171356
380,1,0.062536,0.038636,0.389837,0.257402,1.405097,0.069942,1.475039,0.007702,0.157142
891,3,0.067577,0.035155,0.417968,0.022158,1.469978,0.181320,1.490295,0.116428,0.076099
890,3,0.067577,0.035119,0.401983,0.020554,1.531926,0.181320,1.428347,0.132148,0.078278
379,1,0.062536,0.038425,0.343469,0.239655,1.361550,0.069942,1.431492,0.038549,0.159614
857,3,0.067577,0.035038,0.365379,0.091850,1.350434,0.181320,1.531754,0.168142,0.083269
389,1,0.062536,0.038275,0.283627,0.334455,1.387208,0.069942,1.457150,0.098240,0.162805
162,1,0.050092,0.047431,0.186935,0.085199,1.420229,0.181971,1.238257,0.115133,0.069253
405,1,0.062536,0.038004,0.473223,0.447220,1.225316,0.069942,1.295258,0.090877,0.152696
460,1,0.051106,0.044464,0.197386,0.354605,1.348746,0.013977,1.362723,0.047301,0.170006
374,1,0.062536,0.035888,0.212749,0.207645,1.477973,0.069942,1.408031,0.168939,0.166584
253,1,0.046705,0.047431,0.319309,0.006670,1.215642,0.022615,1.238257,0.075187,0.156074
416,1,0.051106,0.043618,0.073587,0.020499,1.458062,0.013977,1.444085,0.076496,0.171453
385,1,0.062536,0.035157,0.367969,0.291123,1.415361,0.069942,1.485303,0.014111,0.158308
461,1,0.051106,0.042168,0.236653,0.355889,1.361578,0.013977,1.375555,0.086565,0.169546
329,1,0.046705,0.044464,0.445145,0.366487,1.385339,0.022615,1.362723,0.050612,0.158385
159,1,0.050092,0.041693,0.141252,0.033068,1.331023,0.181971,1.512995,0.160055,0.075481
275,1,0.046705,0.043618,0.315351,0.036060,1.421470,0.022615,1.444085,0.079144,0.156001
227,1,0.050092,0.040000,0.133399,0.466782,1.388825,0.181971,1.570796,0.167778,0.076552
462,1,0.051106,0.038867,0.002541,0.359745,1.366333,0.013977,1.352356,0.148206,0.172292
330,1,0.046705,0.042168,0.483897,0.366545,1.398171,0.022615,1.375555,0.089352,0.159097
450,1,0.051106,0.038658,0.057333,0.245460,1.453385,0.013977,1.439408,0.092753,0.171643
439,1,0.051106,0.038654,0.101156,0.191106,1.440688,0.013977,1.426711,0.048924,0.171131
447,1,0.051106,0.038425,0.109371,0.228120,1.417515,0.013977,1.431492,0.040710,0.171035
454,1,0.051106,0.038275,0.050479,0.325477,1.443173,0.013977,1.457150,0.099610,0.171723
226,1,0.050092,0.038867,0.124651,0.456625,1.534327,0.181971,1.352356,0.176379,0.077744
467,1,0.051106,0.038004,0.234583,0.429680,1.281281,0.013977,1.295258,0.084495,0.169571
206,1,0.050092,0.038658,0.191050,0.349326,1.520213,0.181971,1.439408,0.111086,0.068692
208,0,0.050092,0.038477,0.477334,0.317753,1.309541,0.181971,1.491512,0.082408,0.166643
184,0,0.050092,0.036703,0.433785,0.111017,1.426423,0.181971,1.533198,0.125232,0.160706
442,1,0.051106,0.035888,0.017666,0.201630,1.422008,0.013977,1.408031,0.167631,0.172519
331,1,0.046705,0.038867,0.241005,0.377836,1.329740,0.022615,1.352356,0.153467,0.154636
312,1,0.046705,0.038658,0.298897,0.261546,1.416793,0.022615,1.439408,0.095593,0.155699
302,1,0.046705,0.038654,0.342715,0.205890,1.404095,0.022615,1.426711,0.051788,0.156504
198,1,0.050092,0.035888,0.112675,0.296035,1.551590,0.181971,1.408031,0.188156,0.079377
309,1,0.046705,0.038425,0.356499,0.242540,1.454108,0.022615,1.431492,0.038008,0.156757
432,1,0.051106,0.035116,0.007695,0.139140,1.440689,0.013977,1.426712,0.157547,0.172401
337,1,0.046705,0.038004,0.483007,0.440583,1.317873,0.022615,1.295258,0.088462,0.159081
188,1,0.050092,0.035116,0.124939,0.234852,1.532909,0.181971,1.426712,0.176096,0.077705
304,1,0.046705,0.035888,0.222822,0.220094,1.385416,0.022615,1.408031,0.171645,0.154302
295,1,0.046705,0.035116,0.233416,0.157237,1.404097,0.022615,1.426712,0.161054,0.154496
