16,1,0.631271,0.880301,0.000374,0.001567,1.472666,0.011413,1.484079,0.028129,0.003530
150,0,0.077800,0.799790,0.003226,0.015817,1.527806,0.013264,1.514542,0.035387,0.019144
127,3,0.637983,0.880301,0.005816,0.000919,1.567226,0.090287,1.484079,0.075456,0.018440
48,1,0.631271,0.298446,0.018979,0.202907,1.543740,0.011413,1.555153,0.008804,0.003724
35,1,0.631271,0.246950,0.014806,0.103373,1.518737,0.011413,1.530150,0.042585,0.003385
69,1,0.631271,0.061662,0.038145,0.399425,1.556758,0.011413,1.568172,0.010360,0.003916
7,1,0.631271,0.120024,0.083201,0.054359,1.547526,0.011413,1.558939,0.055413,0.004368
32,0,0.631271,0.055084,0.296714,0.082272,1.546668,0.011413,1.535255,0.000116,0.012833
67,0,0.631271,0.038343,0.330341,0.366842,1.565939,0.011413,1.564241,0.033741,0.013170
23,0,0.631271,0.799790,0.261726,0.022483,1.525955,0.011413,1.514542,0.034868,0.012483
64,0,0.631271,0.045022,0.276173,0.347446,1.564589,0.011413,1.553175,0.020422,0.012628
29,1,0.631271,0.056761,0.007659,0.074986,1.511758,0.011413,1.523171,0.035438,0.003457
15,1,0.631271,0.083483,0.046557,0.001122,1.499380,0.011413,1.510793,0.018772,0.004000
40,0,0.631271,0.059998,0.228122,0.117861,1.566509,0.011413,1.563670,0.068469,0.012146
12,0,0.631271,0.198380,0.194653,0.040177,1.568303,0.011413,1.561876,0.101937,0.011811
20,0,0.631271,0.060173,0.246737,0.009383,1.530982,0.011413,1.519569,0.049857,0.012333
56,1,0.631271,0.083590,0.038953,0.262553,1.483286,0.011413,1.494699,0.066730,0.003143
37,0,0.631271,0.170289,0.219672,0.111834,1.526471,0.011413,1.515057,0.076919,0.012061
61,1,0.631271,0.133681,0.047520,0.318718,1.488147,0.011413,1.499561,0.019734,0.004010
14,1,0.631271,0.123733,0.049744,0.002064,1.487636,0.011413,1.499049,0.021959,0.004032
47,0,0.631271,0.050023,0.240351,0.159552,1.535027,0.011413,1.523614,0.056242,0.012269
458,3,0.637983,0.298446,0.070704,0.381033,1.496152,0.090287,1.555153,0.010834,0.014014
44,1,0.631271,0.040031,0.032972,0.144827,1.503965,0.011413,1.515378,0.005188,0.003864
22,0,0.631271,0.367208,0.199686,0.038284,1.526529,0.011413,1.515116,0.096904,0.011861
70,0,0.631271,0.044996,0.308901,0.399972,1.506033,0.011413,1.494620,0.012303,0.012956
148,0,0.077800,0.060173,0.018119,0.002847,1.532833,0.013264,1.519569,0.050316,0.018995
39,0,0.631271,0.095128,0.222817,0.116408,1.500102,0.011413,1.511516,0.073775,0.012093
33,0,0.631271,0.038352,0.306960,0.084015,1.508498,0.011413,1.497085,0.010363,0.012936
17,1,0.631271,0.076663,0.158532,0.002361,1.550228,0.011413,1.561641,0.130736,0.005122
72,0,0.631271,0.075125,0.355632,0.422149,1.482340,0.011413,1.470927,0.059030,0.013424
877,3,0.637983,0.108479,0.020633,0.029142,1.508803,0.090287,1.542502,0.060698,0.017429
6,1,0.631271,0.150236,0.117610,0.054718,1.502819,0.011413,1.514232,0.089818,0.004712
771,3,0.637983,0.167335,0.024390,0.143477,1.564219,0.090287,1.473932,0.056956,0.017173
8,1,0.631271,0.126748,0.022023,0.045517,1.470192,0.011413,1.481605,0.005761,0.003754
13,1,0.631271,0.628271,0.103013,0.000944,1.488888,0.011413,1.500301,0.075223,0.004566
1,0,0.631271,0.063353,0.177041,0.061624,1.547993,0.011413,1.536580,0.119548,0.011634
31,1,0.631271,0.451245,0.074941,0.084226,1.478300,0.011413,1.489713,0.047153,0.004285
459,3,0.236600,0.298446,0.374871,0.364001,1.487748,0.098691,1.555153,0.010455,0.031044
57,1,0.631271,0.116856,0.139607,0.277157,1.505585,0.011413,1.516999,0.111813,0.004933
36,1,0.631271,0.051623,0.022703,0.162418,1.474932,0.011413,1.486345,0.050481,0.003306
592,3,0.637983,0.061662,0.065268,0.420623,1.483134,0.090287,1.568172,0.016248,0.014385
130,3,0.127577,0.880301,0.067350,0.012583,1.560806,0.096707,1.484079,0.074019,0.030618
25,1,0.631271,0.095233,0.125137,0.038652,1.491674,0.011413,1.503087,0.097344,0.004788
852,3,0.637983,0.036817,0.068750,0.121622,1.562044,0.090287,1.471757,0.012780,0.014147
825,3,0.637983,0.061861,0.013330,0.129279,1.564345,0.090287,1.474058,0.067972,0.017927
128,3,0.236600,0.880301,0.311600,0.017753,1.558823,0.098691,1.484079,0.073411,0.035776
531,3,0.637983,0.133681,0.024337,0.425458,1.551745,0.090287,1.499561,0.105481,0.020496
813,3,0.637983,0.055015,0.036994,0.193685,1.491404,0.090287,1.559901,0.044404,0.016313
58,1,0.631271,0.332657,0.016425,0.276713,1.456262,0.011413,1.467676,0.011359,0.003698
863,3,0.637983,0.045026,0.028807,0.081449,1.502209,0.090287,1.549096,0.052558,0.016872
170,0,0.077800,0.038343,0.065883,0.360175,1.564088,0.013264,1.564241,0.033667,0.019836
18,1,0.631271,0.046696,0.162007,0.079923,1.550497,0.011413,1.539084,0.134211,0.005157
19,1,0.631271,0.387345,0.144912,0.001818,1.493922,0.011413,1.505335,0.117118,0.004986
760,3,0.637983,0.050103,0.003307,0.259045,1.564685,0.090287,1.486621,0.077956,0.018611
24,1,0.631271,0.314441,0.089018,0.042673,1.467788,0.011413,1.479201,0.061229,0.004426
66,0,0.631271,0.035027,0.266329,0.361932,1.484575,0.011413,1.495988,0.030266,0.012529
149,0,0.077800,0.367208,0.065209,0.031617,1.528380,0.013264,1.515116,0.097408,0.018523
461,3,0.127577,0.298446,0.131101,0.369091,1.489732,0.096707,1.555153,0.010569,0.025955
460,3,0.051211,0.298446,0.118043,0.330459,1.559885,0.026555,1.555153,0.009709,0.064582
799,3,0.637983,0.051665,0.057446,0.216766,1.473917,0.090287,1.564204,0.024037,0.014918
53,0,0.631271,0.155061,0.131390,0.217480,1.533966,0.011413,1.522552,0.165196,0.011177
151,0,0.077800,0.055084,0.031991,0.075605,1.548519,0.013264,1.535255,0.000225,0.019497
167,0,0.077800,0.045022,0.011636,0.340779,1.566439,0.013264,1.553175,0.020586,0.019293
129,3,0.051211,0.880301,0.057870,0.047969,1.510634,0.026555,1.484079,0.069858,0.065888
115,1,0.073552,0.880301,0.497461,0.123513,1.068842,0.415237,1.484079,0.042469,0.118019
43,1,0.631271,0.070494,0.040287,0.139366,1.442540,0.011413,1.453953,0.068064,0.003130
503,3,0.637983,0.332657,0.030283,0.270860,1.557963,0.090287,1.467676,0.111402,0.020902
60,1,0.631271,0.102006,0.117580,0.301484,1.471562,0.011413,1.482975,0.089788,0.004712
54,1,0.631271,0.143556,0.147872,0.245857,1.484790,0.011413,1.496204,0.120078,0.005016
329,3,0.051211,0.246950,0.124030,0.482565,1.556705,0.026555,1.530150,0.003724,0.064452
99,1,0.082252,0.628271,0.140260,0.175668,1.527907,0.027606,1.500301,0.092043,0.180297
21,0,0.631271,0.043427,0.150249,0.056974,1.546534,0.011413,1.535120,0.146338,0.011366
772,3,0.236600,0.167335,0.330406,0.126198,1.568970,0.098691,1.473932,0.054699,0.034369
45,1,0.631271,0.060090,0.194217,0.148116,1.535684,0.011413,1.524271,0.166419,0.005480
90,0,0.077800,0.198380,0.069826,0.046842,1.566453,0.013264,1.561876,0.102026,0.018476
63,0,0.631271,0.072339,0.403323,0.389755,1.418883,0.011413,1.407470,0.106717,0.013902
570,2,0.637983,0.035027,0.236939,0.414388,1.555317,0.090287,1.495988,0.052541,0.078507
49,0,0.631271,0.076160,0.274402,0.199600,1.362874,0.011413,1.374287,0.022193,0.012610
28,0,0.631271,0.043353,0.118696,0.072319,1.567759,0.011413,1.556346,0.177890,0.011049
75,0,0.631271,0.047126,0.332029,0.480256,1.465012,0.011413,1.453599,0.035429,0.013187
9,0,0.631271,0.053354,0.136104,0.051230,1.537089,0.011413,1.525676,0.160482,0.011224
104,3,0.049025,0.628271,0.359251,0.164374,1.539130,0.038829,1.500301,0.150945,0.104308
504,3,0.236600,0.332657,0.275892,0.253218,1.566366,0.098691,1.467676,0.108942,0.038447
10,0,0.631271,0.056591,0.337286,0.037448,1.330400,0.011413,1.341814,0.040685,0.013240
68,0,0.631271,0.050242,0.396204,0.378719,1.465162,0.011413,1.453749,0.099599,0.013830
157,0,0.077800,0.059998,0.036343,0.111195,1.564658,0.013264,1.563670,0.068544,0.018812
110,3,0.051211,0.628271,0.026766,0.201052,1.526856,0.026555,1.500301,0.154447,0.067725
96,1,0.073552,0.628271,0.377887,0.087164,1.085064,0.415237,1.500301,0.066951,0.081855
106,3,0.077874,0.628271,0.054550,0.165732,1.556165,0.085126,1.500301,0.151075,0.102954
287,3,0.637983,0.451245,0.063284,0.340130,1.561592,0.090287,1.489713,0.144266,0.023152
154,0,0.077800,0.170289,0.045223,0.105162,1.528322,0.013264,1.515057,0.077423,0.018723
98,1,0.055550,0.628271,0.069761,0.168726,1.514339,0.014038,1.500301,0.091380,0.173373
123,3,0.049025,0.880301,0.444637,0.083961,1.522908,0.038829,1.484079,0.065628,0.101743
145,3,0.637983,0.387345,0.113666,0.481231,1.545971,0.090287,1.505335,0.194440,0.026588
59,1,0.631271,0.035012,0.194095,0.284535,1.551387,0.011413,1.562801,0.166296,0.005479
491,3,0.637983,0.116856,0.094850,0.477068,1.534307,0.090287,1.516999,0.175702,0.025305
710,3,0.637983,0.112884,0.021233,0.231581,1.531789,0.090287,1.441502,0.102389,0.020284
41,0,0.631271,0.052313,0.367857,0.128762,1.393678,0.011413,1.382265,0.071255,0.013546
108,3,0.637983,0.628271,0.077696,0.244754,1.551004,0.090287,1.500301,0.158619,0.024135
610,3,0.637983,0.038876,0.034026,0.428651,1.529662,0.090287,1.439375,0.047360,0.016516
65,0,0.631271,0.048581,0.349133,0.346062,1.458422,0.011413,1.447009,0.052532,0.013359
125,3,0.077874,0.880301,0.030715,0.079622,1.569205,0.085126,1.484079,0.066138,0.097421
118,1,0.082252,0.880301,0.239366,0.178130,1.511685,0.027606,1.484079,0.007021,0.182448
160,0,0.077800,0.050023,0.024472,0.152882,1.536878,0.013264,1.523614,0.056672,0.018931
50,0,0.631271,0.142836,0.235957,0.206299,1.369576,0.011413,1.380989,0.060636,0.012225
111,3,0.127577,0.628271,0.016476,0.232109,1.544584,0.096707,1.500301,0.157412,0.036747
520,3,0.637983,0.102006,0.111507,0.468752,1.568330,0.090287,1.482975,0.192290,0.026441
146,3,0.236600,0.387345,0.191591,0.463027,1.537567,0.098691,1.505335,0.192823,0.044752
109,3,0.236600,0.628271,0.227689,0.226791,1.542600,0.098691,1.500301,0.156904,0.042052
290,3,0.127577,0.451245,0.002068,0.327560,1.555172,0.096707,1.489713,0.142872,0.035679
152,0,0.077800,0.038352,0.041910,0.077336,1.510349,0.013264,1.497085,0.009695,0.019596
184,1,0.073552,0.451245,0.411226,0.180782,1.074476,0.415237,1.489713,0.036444,0.091938
172,0,0.077800,0.044996,0.043821,0.393291,1.507884,0.013264,1.494620,0.011606,0.019615
288,3,0.236600,0.451245,0.242382,0.322267,1.553189,0.098691,1.489713,0.142285,0.040953
872,3,0.637983,0.050427,0.064513,0.052446,1.372758,0.090287,1.463045,0.016999,0.014436
51,1,0.631271,0.107133,0.153303,0.215860,1.470032,0.011413,1.481445,0.125508,0.005070
122,3,0.049089,0.880301,0.393682,0.087580,1.557861,0.099652,1.484079,0.065203,0.105348
506,3,0.127577,0.332657,0.031534,0.258454,1.564383,0.096707,1.467676,0.109672,0.033239
147,3,0.127577,0.387345,0.052518,0.468405,1.539551,0.096707,1.505335,0.193301,0.039385
253,3,0.236600,0.314441,0.217018,0.499335,1.563700,0.098691,1.479201,0.167523,0.042850
117,1,0.055550,0.880301,0.169106,0.170185,1.498117,0.014038,1.484079,0.007955,0.174534
46,0,0.631271,0.046891,0.281481,0.157467,1.409966,0.011413,1.421380,0.015115,0.012681
422,1,0.082252,0.298446,0.237170,0.024209,1.558833,0.027606,1.555153,0.004827,0.182401
71,1,0.631271,0.038876,0.081447,0.421034,1.427962,0.011413,1.439375,0.109221,0.002718
176,0,0.077800,0.041697,0.055952,0.498222,1.556676,0.013264,1.543411,0.088152,0.018615
774,3,0.127577,0.167335,0.086086,0.131344,1.570639,0.096707,1.473932,0.055371,0.029248
783,3,0.637983,0.087435,0.060595,0.196410,1.550024,0.090287,1.459737,0.141588,0.022969
137,1,0.082252,0.387345,0.099637,0.173033,1.532941,0.027606,1.505335,0.132649,0.179415
74,0,0.631271,0.035628,0.376062,0.482241,1.387160,0.011413,1.375747,0.079459,0.013629
594,3,0.051211,0.061662,0.111837,0.370291,1.546866,0.026555,1.568172,0.015912,0.064716
30,0,0.631271,0.036704,0.103308,0.077553,1.518745,0.011413,1.530159,0.193278,0.010895
278,1,0.082252,0.451245,0.165510,0.092953,1.517319,0.027606,1.489713,0.066803,0.180845
38,0,0.631271,0.036805,0.300975,0.113022,1.442504,0.011413,1.453917,0.004377,0.012876
878,3,0.236600,0.108479,0.325074,0.046488,1.500400,0.098691,1.542502,0.060004,0.034768
103,3,0.049089,0.628271,0.308220,0.156783,1.541639,0.099652,1.500301,0.150221,0.111880
853,3,0.236600,0.036817,0.374799,0.104635,1.570448,0.098691,1.471757,0.010527,0.031049
285,3,0.077874,0.451245,0.038915,0.261069,1.566753,0.085126,1.489713,0.135497,0.101939
749,3,0.637983,0.051891,0.106516,0.239340,1.551430,0.090287,1.499876,0.187320,0.026101
239,2,0.051238,0.799790,0.081758,0.049310,1.478614,0.035928,1.514542,0.094984,0.115883
399,1,0.055550,0.298446,0.166153,0.032110,1.569191,0.014038,1.555153,0.005003,0.174500
835,3,0.637983,0.039206,0.055866,0.209875,1.481189,0.090287,1.390902,0.025610,0.015026
576,2,0.637983,0.038343,0.209006,0.405071,1.473954,0.090287,1.564241,0.024724,0.076602
801,3,0.051211,0.051665,0.103152,0.166778,1.537650,0.026555,1.564204,0.024594,0.064905
196,1,0.073552,0.332657,0.481371,0.394209,1.052439,0.415237,1.467676,0.027745,0.113153
532,3,0.236600,0.133681,0.281098,0.407850,1.543341,0.098691,1.499561,0.103761,0.038057
238,2,0.049025,0.799790,0.246953,0.057433,1.475713,0.038829,1.514542,0.094352,0.123993
879,3,0.051211,0.108479,0.068966,0.077380,1.569057,0.026555,1.542502,0.058767,0.065647
815,3,0.051211,0.055015,0.084206,0.144677,1.555136,0.026555,1.559901,0.043532,0.065316
323,1,0.082252,0.246950,0.264944,0.076402,1.557756,0.027606,1.530150,0.032589,0.183004
855,3,0.127577,0.036817,0.130467,0.109709,1.568464,0.096707,1.471757,0.011200,0.026001
142,3,0.051238,0.387345,0.484418,0.409296,1.541263,0.035928,1.505335,0.188050,0.098363
55,0,0.631271,0.141508,0.195563,0.252863,1.322027,0.011413,1.333440,0.101026,0.011820
120,3,0.089314,0.880301,0.356875,0.089266,1.537506,0.120008,1.484079,0.065005,0.107028
141,3,0.049025,0.387345,0.322745,0.402239,1.544163,0.038829,1.505335,0.187423,0.105405
101,3,0.089314,0.628271,0.271307,0.153825,1.521284,0.120008,1.500301,0.149938,0.114831
191,1,0.073552,0.298446,0.463383,0.314359,1.139916,0.415237,1.555153,0.011285,0.107713
42,1,0.631271,0.045764,0.091728,0.144926,1.370768,0.011413,1.382181,0.063939,0.004453
865,3,0.051211,0.045026,0.076584,0.032829,1.565941,0.026555,1.549096,0.051151,0.065482
156,0,0.077800,0.095128,0.041025,0.109723,1.498252,0.013264,1.511516,0.073225,0.018765
738,3,0.637983,0.052299,0.043891,0.276796,1.538125,0.090287,1.447838,0.124953,0.021830
173,0,0.077800,0.075125,0.090345,0.415457,1.484191,0.013264,1.470927,0.058127,0.020081
283,3,0.049025,0.451245,0.374923,0.259164,1.528542,0.038829,1.489713,0.135286,0.103838
126,3,0.054478,0.880301,0.190723,0.027522,1.451721,0.205792,1.484079,0.072262,0.045515
11,0,0.631271,0.054280,0.221673,0.051407,1.230346,0.011413,1.241760,0.074918,0.012081
880,3,0.127577,0.108479,0.081224,0.041321,1.502383,0.096707,1.542502,0.060211,0.029603
136,1,0.055550,0.387345,0.029073,0.166501,1.519373,0.014038,1.505335,0.132068,0.172897
328,3,0.077874,0.246950,0.094969,0.453741,1.526316,0.085126,1.530150,0.002121,0.093251
826,3,0.236600,0.061861,0.319344,0.111926,1.568844,0.098691,1.474058,0.065705,0.035197
289,3,0.051211,0.451245,0.011666,0.295732,1.516268,0.026555,1.489713,0.139342,0.067397
593,3,0.236600,0.061662,0.369164,0.403537,1.474730,0.098691,1.568172,0.016134,0.031471
322,1,0.055550,0.246950,0.194198,0.068219,1.544188,0.014038,1.530150,0.033044,0.174828
179,1,0.073552,0.314441,0.396668,0.135031,1.063964,0.415237,1.479201,0.049766,0.087535
456,3,0.077874,0.298446,0.088004,0.301334,1.501313,0.085126,1.555153,0.009061,0.093703
95,0,0.082252,0.198380,0.481758,0.193380,1.534270,0.027606,1.561876,0.103983,0.165010
761,3,0.236600,0.050103,0.309013,0.241624,1.556281,0.098691,1.486621,0.075985,0.035970
277,1,0.055550,0.451245,0.095138,0.085753,1.503751,0.014038,1.489713,0.066005,0.173670
483,3,0.051211,0.083590,0.109323,0.488391,1.521254,0.026555,1.494699,0.018425,0.064771
119,3,0.058443,0.880301,0.490274,0.118311,1.527232,0.130281,1.484079,0.061591,0.135961
397,1,0.055550,0.060090,0.005546,0.019246,1.510233,0.014038,1.524271,0.155629,0.172622
34,0,0.631271,0.041643,0.225038,0.096397,1.241612,0.011413,1.253026,0.071554,0.012115
864,3,0.236600,0.045026,0.333061,0.064146,1.493805,0.098691,1.549096,0.052057,0.034171
169,0,0.077800,0.035027,0.002681,0.355239,1.482724,0.013264,1.495988,0.029583,0.019202
814,3,0.236600,0.055015,0.341061,0.176424,1.483000,0.098691,1.559901,0.044097,0.033573
280,3,0.089314,0.451245,0.287139,0.249581,1.531872,0.120008,1.489713,0.134223,0.113387
557,2,0.637983,0.045022,0.143628,0.422899,1.462888,0.090287,1.553175,0.040383,0.072143
534,3,0.127577,0.133681,0.036958,0.413079,1.545325,0.096707,1.499561,0.104272,0.032842
683,2,0.637983,0.040023,0.053063,0.255711,1.498294,0.090287,1.553011,0.130576,0.065967
100,3,0.058443,0.628271,0.404009,0.124049,1.511010,0.130281,1.500301,0.147096,0.144531
828,3,0.127577,0.061861,0.075025,0.117091,1.570765,0.096707,1.474058,0.066380,0.030057
224,0,0.082252,0.367208,0.477236,0.115241,1.487510,0.027606,1.515116,0.108502,0.165109
595,3,0.127577,0.061662,0.125475,0.408642,1.476714,0.096707,1.568172,0.016168,0.026366
619,2,0.637983,0.075125,0.132425,0.322130,1.380639,0.090287,1.470927,0.051540,0.071379
282,3,0.049089,0.451245,0.323997,0.252304,1.552227,0.099652,1.489713,0.134525,0.110674
866,3,0.127577,0.045026,0.089266,0.069303,1.495789,0.096707,1.549096,0.052206,0.029015
763,3,0.127577,0.050103,0.064786,0.246806,1.558265,0.096707,1.486621,0.076572,0.030806
728,2,0.637983,0.053231,0.183136,0.229443,1.339675,0.090287,1.249388,0.001039,0.074838
699,2,0.637983,0.058341,0.020927,0.237887,1.475482,0.090287,1.565769,0.162585,0.063774
816,3,0.127577,0.055015,0.097322,0.181571,1.484984,0.096707,1.559901,0.044189,0.028426
52,0,0.631271,0.038903,0.210790,0.217555,1.404229,0.011413,1.415642,0.085801,0.011972
251,3,0.077874,0.314441,0.063466,0.438387,1.564327,0.085126,1.479201,0.159958,0.103533
800,3,0.236600,0.051665,0.361029,0.199605,1.465514,0.098691,1.564204,0.024228,0.032079
245,1,0.082252,0.314441,0.149131,0.134166,1.506807,0.027606,1.479201,0.083175,0.180490
235,0,0.061133,0.799790,0.164386,0.051681,1.164917,0.349625,1.514542,0.040634,0.086495
140,3,0.049089,0.387345,0.271653,0.392947,1.536605,0.099652,1.505335,0.186597,0.114675
543,2,0.637983,0.044446,0.194993,0.444020,1.468884,0.090287,1.378597,0.010769,0.075647
464,2,0.637983,0.142836,0.330988,0.468569,1.471276,0.090287,1.380989,0.146201,0.084922
85,0,0.117760,0.056591,0.097493,0.005314,1.260562,0.539216,1.341814,0.030979,0.018120
134,1,0.073552,0.387345,0.330109,0.074338,1.090098,0.415237,1.505335,0.110672,0.067405
501,3,0.077874,0.332657,0.003682,0.191677,1.552802,0.085126,1.467676,0.100359,0.099650
139,3,0.089314,0.387345,0.234688,0.389445,1.516250,0.120008,1.505335,0.186286,0.118170
62,0,0.631271,0.040067,0.199535,0.345831,1.275507,0.011413,1.286920,0.097055,0.011860
550,2,0.637983,0.072339,0.111007,0.365125,1.317183,0.090287,1.407470,0.072870,0.069919
240,2,0.047115,0.799790,0.374165,0.010056,1.452613,0.174437,1.514542,0.099598,0.056658
427,1,0.082252,0.116856,0.107646,0.102236,1.544605,0.027606,1.516999,0.124642,0.179589
234,0,0.074502,0.799790,0.035525,0.054775,1.212205,0.302337,1.514542,0.040875,0.089585
457,3,0.054478,0.298446,0.253977,0.359251,1.380647,0.205792,1.555153,0.010350,0.035794
583,2,0.637983,0.050242,0.155409,0.389932,1.363462,0.090287,1.453749,0.028651,0.072947
492,3,0.236600,0.116856,0.210131,0.458980,1.525903,0.098691,1.516999,0.174375,0.043365
611,3,0.236600,0.038876,0.340832,0.411426,1.538066,0.098691,1.439375,0.044325,0.033590
408,1,0.055550,0.061662,0.149651,0.229032,1.559383,0.014038,1.568172,0.011498,0.174307
588,3,0.049025,0.061662,0.494631,0.334766,1.534592,0.038829,1.568172,0.015674,0.100241
450,1,0.082252,0.055015,0.200426,0.453447,1.554085,0.027606,1.559901,0.031902,0.181603
433,1,0.082252,0.061662,0.220787,0.221294,1.545815,0.027606,1.568172,0.011550,0.182045
420,1,0.055550,0.055015,0.129379,0.460981,1.567653,0.014038,1.559901,0.031768,0.174070
83,1,0.073552,0.126748,0.472344,0.069124,1.066368,0.415237,1.481605,0.019485,0.110423
802,3,0.127577,0.051665,0.117434,0.204729,1.467497,0.096707,1.564204,0.024171,0.026955
199,1,0.073552,0.133681,0.440709,0.423865,1.084324,0.415237,1.499561,0.009464,0.100855
116,1,0.051536,0.880301,0.178367,0.101421,1.371637,0.112442,1.484079,0.016036,0.106037
73,1,0.631271,0.037570,0.180492,0.476719,1.294581,0.011413,1.305994,0.208257,0.001725
711,3,0.236600,0.112884,0.285556,0.213991,1.540192,0.098691,1.441502,0.099325,0.037724
438,0,0.082252,0.040023,0.438787,0.372469,1.560975,0.027606,1.553011,0.146935,0.165943
475,2,0.637983,0.141508,0.344492,0.431451,1.423727,0.090287,1.333440,0.159649,0.085843
773,3,0.051211,0.167335,0.077119,0.094948,1.500486,0.026555,1.473932,0.050616,0.065470
418,1,0.055550,0.051665,0.129196,0.442610,1.550166,0.014038,1.564204,0.031951,0.174068
112,1,0.073552,0.123733,0.438200,0.105584,1.083812,0.415237,1.499049,0.011760,0.100096
249,3,0.049025,0.314441,0.350361,0.437340,1.518030,0.038829,1.479201,0.159828,0.104575
439,0,0.082252,0.058341,0.427607,0.373821,1.538163,0.027606,1.565769,0.158110,0.166186
27,1,0.631271,0.045275,0.214560,0.046541,1.480103,0.011413,1.468690,0.186760,0.005684
405,1,0.055550,0.035012,0.007433,0.117534,1.564754,0.014038,1.562801,0.168527,0.172471
429,1,0.082252,0.035012,0.063661,0.111370,1.551186,0.027606,1.562801,0.168609,0.178635
487,3,0.049025,0.116856,0.340324,0.397375,1.555827,0.038829,1.516999,0.169857,0.104877
493,3,0.051211,0.116856,0.044881,0.434190,1.543553,0.026555,1.516999,0.172557,0.068118
436,0,0.082252,0.125040,0.415447,0.357069,1.513966,0.027606,1.541572,0.170265,0.166450
448,1,0.082252,0.051665,0.200461,0.435074,1.536598,0.027606,1.564204,0.031867,0.181604
175,0,0.077800,0.047126,0.066578,0.473552,1.466863,0.013264,1.453599,0.034362,0.019843
428,1,0.082252,0.332657,0.218690,0.097428,1.495282,0.027606,1.467676,0.013645,0.182000
666,2,0.637983,0.125040,0.015359,0.190479,1.451285,0.090287,1.541572,0.198697,0.061301
521,3,0.236600,0.102006,0.194274,0.450571,1.559926,0.098691,1.482975,0.190153,0.044551
403,1,0.055550,0.116856,0.036983,0.108845,1.531037,0.014038,1.516999,0.124158,0.172990
241,2,0.637983,0.799790,0.085067,0.001691,1.424255,0.090287,1.514542,0.098703,0.068149
431,1,0.082252,0.133681,0.195209,0.140763,1.527167,0.027606,1.499561,0.037117,0.181490
326,3,0.049089,0.246950,0.457498,0.446516,1.511790,0.099652,1.530150,0.001719,0.100470
254,3,0.051211,0.314441,0.036716,0.474135,1.505756,0.026555,1.479201,0.164395,0.067941
613,3,0.127577,0.038876,0.096276,0.416558,1.536082,0.096707,1.439375,0.045229,0.028502
212,0,0.117760,0.036805,0.063209,0.130927,1.148459,0.539216,1.453917,0.001568,0.004905
425,1,0.082252,0.143556,0.094360,0.071065,1.523810,0.027606,1.496204,0.137923,0.179301
571,2,0.236600,0.035027,0.332954,0.391148,1.546914,0.098691,1.495988,0.050169,0.101679
680,2,0.051238,0.040023,0.044947,0.206831,1.552653,0.035928,1.553011,0.131773,0.114838
809,3,0.049025,0.055015,0.467388,0.108931,1.542862,0.038829,1.559901,0.042895,0.101060
795,3,0.049025,0.051665,0.485308,0.131162,1.525376,0.038829,1.564204,0.024990,0.100521
860,3,0.049025,0.045026,0.460162,0.003003,1.553667,0.038829,1.549096,0.050115,0.101277
482,3,0.077874,0.083590,0.081619,0.458958,1.561767,0.085126,1.494699,0.015422,0.094117
533,3,0.051211,0.133681,0.026751,0.379267,1.526115,0.026555,1.499561,0.100969,0.066563
228,2,0.051238,0.367208,0.021232,0.369752,1.479188,0.035928,1.515116,0.155480,0.114165
854,3,0.051211,0.036817,0.121687,0.071016,1.498311,0.026555,1.471757,0.006066,0.064503
171,0,0.077800,0.050242,0.130770,0.372016,1.467013,0.013264,1.453749,0.098549,0.020487
679,2,0.049025,0.040023,0.209305,0.198806,1.549753,0.038829,1.553011,0.131970,0.122862
114,1,0.073552,0.083483,0.439693,0.105840,1.095556,0.415237,1.510793,0.010394,0.100548
88,0,0.117760,0.035628,0.058969,0.021894,1.226425,0.539216,1.375951,0.002069,0.003271
496,3,0.089314,0.332657,0.322739,0.181128,1.553909,0.120008,1.467676,0.098888,0.110141
247,3,0.089314,0.314441,0.262729,0.426254,1.542384,0.120008,1.479201,0.158453,0.115613
215,0,0.117760,0.076160,0.033611,0.205827,1.228089,0.539216,1.374287,0.023821,0.006504
629,3,0.637983,0.037570,0.028301,0.394992,1.396281,0.090287,1.305994,0.109428,0.020766
511,3,0.051238,0.035012,0.495541,0.476967,1.542864,0.035928,1.562801,0.176934,0.098048
248,3,0.049089,0.314441,0.299560,0.429339,1.562739,0.099652,1.479201,0.158835,0.112542
279,3,0.058443,0.451245,0.420311,0.219955,1.521598,0.130281,1.489713,0.130937,0.142911
527,3,0.049025,0.133681,0.412810,0.343034,1.538389,0.038829,1.499561,0.097430,0.102699
468,3,0.071410,0.143556,0.488613,0.330648,1.570673,0.074716,1.496204,0.193590,0.177041
696,2,0.051238,0.058341,0.014466,0.187687,1.529840,0.035928,1.565769,0.162249,0.113973
480,3,0.049025,0.083590,0.495508,0.452842,1.533528,0.038829,1.494699,0.014798,0.100215
232,2,0.236600,0.367208,0.124139,0.397901,1.416425,0.098691,1.515116,0.157607,0.086061
178,0,0.073552,0.799790,0.406742,0.143033,1.211813,0.415237,1.514542,0.047739,0.177696
124,3,0.047115,0.880301,0.331531,0.138123,1.309642,0.174437,1.484079,0.059263,0.155696
121,3,0.047956,0.880301,0.042766,0.093103,1.398996,0.258517,1.484079,0.064554,0.110850
242,2,0.236600,0.799790,0.185096,0.024011,1.415851,0.098691,1.514542,0.096952,0.090621
237,2,0.049089,0.799790,0.304567,0.095975,1.414890,0.099652,1.514542,0.091354,0.162472
236,2,0.089314,0.799790,0.304035,0.108964,1.394535,0.120008,1.514542,0.090344,0.175440
231,2,0.637983,0.367208,0.024248,0.419997,1.424829,0.090287,1.515116,0.159276,0.064001
510,3,0.049025,0.035012,0.333336,0.469927,1.539963,0.038829,1.562801,0.176840,0.105087
396,1,0.082252,0.040031,0.213672,0.033531,1.542984,0.027606,1.515378,0.018661,0.181891
873,3,0.236600,0.050427,0.365741,0.035054,1.364354,0.098691,1.463045,0.019540,0.031727
499,3,0.049025,0.332657,0.410317,0.188536,1.506504,0.038829,1.467676,0.099921,0.102774
0,0,0.055687,0.039215,0.479529,0.031796,1.320366,0.492353,1.328873,0.011279,0.080837
227,2,0.049025,0.367208,0.186383,0.361731,1.476287,0.038829,1.515116,0.154874,0.122173
214,0,0.117760,0.046891,0.041582,0.166822,1.180997,0.539216,1.421380,0.016984,0.003431
498,3,0.049089,0.332657,0.359514,0.183322,1.567328,0.099652,1.467676,0.099194,0.107960
265,0,0.055687,0.036805,0.480439,0.207713,1.195322,0.492353,1.453917,0.010478,0.081160
244,1,0.055550,0.314441,0.078840,0.127124,1.493239,0.014038,1.479201,0.082302,0.173479
78,1,0.073552,0.120024,0.392259,0.036236,1.143703,0.415237,1.558939,0.053800,0.086202
274,0,0.055687,0.045022,0.471670,0.438134,1.060822,0.492353,1.553175,0.018202,0.078046
695,2,0.049025,0.058341,0.179054,0.179707,1.526940,0.038829,1.565769,0.162196,0.121953
183,1,0.073552,0.056761,0.498366,0.196878,1.107934,0.415237,1.523171,0.043297,0.118293
84,0,0.077800,0.056591,0.074972,0.044312,1.328550,0.013264,1.341814,0.042755,0.019927
575,2,0.051238,0.038343,0.202025,0.362376,1.528313,0.035928,1.564241,0.025199,0.119296
80,1,0.073552,0.046685,0.441240,0.051062,1.142192,0.415237,1.557429,0.008978,0.101016
188,1,0.073552,0.040031,0.454385,0.253854,1.100141,0.415237,1.515378,0.003051,0.104991
529,3,0.077874,0.133681,0.001158,0.346262,1.556906,0.085126,1.499561,0.097745,0.099480
89,0,0.055687,0.035628,0.467905,0.053081,1.273289,0.492353,1.375951,0.021518,0.076709
269,0,0.055687,0.076160,0.442798,0.281596,1.274952,0.492353,1.374287,0.043634,0.067794
168,0,0.077800,0.048581,0.083624,0.339353,1.460273,0.013264,1.447009,0.051407,0.020014
81,1,0.073552,0.041617,0.488603,0.065519,1.106620,0.415237,1.521857,0.034363,0.115340
424,0,0.082252,0.155061,0.410137,0.061897,1.494946,0.027606,1.522552,0.175573,0.166565
441,0,0.082252,0.040028,0.419601,0.373764,1.519255,0.027606,1.546861,0.166113,0.166360
762,3,0.051211,0.050103,0.055145,0.211538,1.513175,0.026555,1.486621,0.072582,0.065947
158,0,0.077800,0.052313,0.101772,0.121992,1.395529,0.013264,1.382265,0.069554,0.020196
216,0,0.117760,0.142836,0.006393,0.196422,1.221387,0.539216,1.380989,0.058137,0.021923
769,3,0.077874,0.167335,0.050335,0.064125,1.559058,0.085126,1.473932,0.046589,0.096147
505,3,0.051211,0.332657,0.022733,0.224858,1.494230,0.026555,1.467676,0.104987,0.066651
454,3,0.049089,0.298446,0.450282,0.294014,1.486787,0.099652,1.555153,0.008898,0.101021
268,0,0.055687,0.046891,0.455669,0.243483,1.227860,0.492353,1.421380,0.032296,0.072365
107,3,0.054478,0.628271,0.105859,0.210244,1.435499,0.205792,1.500301,0.155325,0.058557
489,3,0.077874,0.116856,0.073453,0.398072,1.539468,0.085126,1.516999,0.169908,0.104181
663,2,0.051238,0.125040,0.019864,0.138755,1.505643,0.035928,1.541572,0.196510,0.113000
574,2,0.049025,0.038343,0.366692,0.354081,1.525412,0.038829,1.564241,0.025291,0.127590
836,3,0.236600,0.039206,0.363782,0.192746,1.489593,0.098691,1.390902,0.021489,0.031873
494,3,0.127577,0.116856,0.033901,0.464331,1.527887,0.096707,1.516999,0.174768,0.038023
437,0,0.082252,0.041697,0.492061,0.351992,1.515805,0.027606,1.543411,0.093683,0.164787
407,1,0.055550,0.133681,0.124761,0.148257,1.513599,0.014038,1.499561,0.036385,0.174016
601,2,0.637983,0.044996,0.110689,0.374692,1.404333,0.090287,1.494620,0.073186,0.069897
166,0,0.077800,0.072339,0.137474,0.383013,1.420734,0.013264,1.407470,0.105253,0.020554
395,1,0.055550,0.040031,0.143067,0.025869,1.529416,0.014038,1.515378,0.018081,0.174230
97,1,0.051536,0.628271,0.075912,0.109913,1.387859,0.112442,1.500301,0.085765,0.114710
79,1,0.073552,0.043331,0.421462,0.045084,1.145183,0.415237,1.560420,0.027076,0.095034
713,3,0.127577,0.112884,0.041013,0.219215,1.538209,0.096707,1.441502,0.100235,0.032545
750,3,0.236600,0.051891,0.198863,0.221186,1.543026,0.098691,1.499876,0.185587,0.044208
401,1,0.055550,0.143556,0.023881,0.077548,1.510242,0.014038,1.496204,0.137261,0.172836
174,0,0.077800,0.035628,0.109919,0.475462,1.389011,0.013264,1.375747,0.077700,0.020278
426,1,0.082252,0.083590,0.280650,0.081823,1.522305,0.027606,1.494699,0.048288,0.183344
662,2,0.049025,0.125040,0.145048,0.130819,1.502743,0.038829,1.541572,0.196175,0.120932
270,0,0.055687,0.142836,0.404110,0.273807,1.268250,0.492353,1.380989,0.077712,0.054058
275,0,0.055687,0.035027,0.448408,0.444489,1.153251,0.492353,1.495988,0.038692,0.069786
555,2,0.051238,0.045022,0.137507,0.377570,1.517247,0.035928,1.553175,0.039274,0.117465
324,3,0.089314,0.246950,0.420674,0.445775,1.491435,0.120008,1.530150,0.001678,0.101210
26,1,0.631271,0.066689,0.198802,0.042525,1.331610,0.011413,1.320197,0.171003,0.005526
844,2,0.637983,0.058424,0.085216,0.051854,1.436404,0.090287,1.526692,0.098554,0.068159
77,1,0.073552,0.150236,0.359803,0.026539,1.098995,0.415237,1.514232,0.083500,0.076386
161,0,0.077800,0.076160,0.011811,0.192783,1.361023,0.013264,1.374287,0.020410,0.019294
444,1,0.082252,0.051891,0.111419,0.404789,1.527482,0.027606,1.499876,0.120872,0.179671
334,0,0.082252,0.170289,0.497278,0.041027,1.487451,0.027606,1.515057,0.088469,0.164674
803,3,0.109406,0.060207,0.497779,0.044448,1.563604,0.071992,1.491612,0.197718,0.170609
564,2,0.637983,0.048581,0.098114,0.429508,1.356722,0.090287,1.447009,0.085710,0.069039
102,3,0.047956,0.628271,0.044350,0.140905,1.382774,0.258517,1.500301,0.148705,0.127717
82,0,0.055687,0.041664,0.440360,0.021387,1.372531,0.492353,1.276708,0.045781,0.066929
155,0,0.077800,0.036805,0.037647,0.106298,1.440653,0.013264,1.453917,0.005432,0.019553
105,3,0.047115,0.628271,0.242259,0.124629,1.325864,0.174437,1.500301,0.147151,0.143952
220,0,0.117760,0.035027,0.025741,0.364932,1.106388,0.539216,1.495988,0.030572,0.009537
554,2,0.049025,0.045022,0.302276,0.369378,1.514347,0.038829,1.553175,0.039073,0.125655
233,2,0.127577,0.367208,0.476173,0.404266,1.418409,0.096707,1.515116,0.158088,0.079706
745,3,0.049025,0.051891,0.330422,0.160065,1.538704,0.038829,1.499876,0.179751,0.105174
875,3,0.127577,0.050427,0.122851,0.040253,1.366338,0.096707,1.463045,0.018780,0.026558
827,3,0.051211,0.061861,0.066030,0.081266,1.500612,0.026555,1.474058,0.061701,0.065711
746,3,0.051238,0.051891,0.492049,0.167110,1.535804,0.035928,1.499876,0.180424,0.098147
784,3,0.236600,0.087435,0.245739,0.178566,1.558428,0.098691,1.459737,0.138944,0.040702
850,3,0.077874,0.036817,0.094858,0.042118,1.556883,0.085126,1.471757,0.002232,0.093258
691,2,0.637983,0.060268,0.077816,0.252625,1.427157,0.090287,1.517444,0.105924,0.067655
162,0,0.077800,0.142836,0.026714,0.199492,1.367725,0.013264,1.380989,0.058914,0.018908
522,3,0.127577,0.102006,0.049990,0.455943,1.561910,0.096707,1.482975,0.190784,0.039200
159,0,0.077800,0.046891,0.018452,0.150711,1.408116,0.013264,1.421380,0.013765,0.019361
138,3,0.058443,0.387345,0.367167,0.359358,1.505976,0.130281,1.505335,0.183613,0.148191
717,2,0.051238,0.040028,0.010191,0.206768,1.510933,0.035928,1.546861,0.186826,0.113275
92,0,0.055687,0.198380,0.377464,0.016252,1.069523,0.492353,1.561876,0.101183,0.044596
442,1,0.082252,0.060338,0.084469,0.368800,1.520106,0.027606,1.492500,0.147810,0.179086
404,1,0.055550,0.332657,0.148584,0.105176,1.481714,0.014038,1.467676,0.012565,0.174294
720,2,0.637983,0.040028,0.005187,0.258063,1.456574,0.090287,1.546861,0.188538,0.061997
838,3,0.127577,0.039206,0.118894,0.197856,1.487609,0.096707,1.390902,0.022718,0.026848
446,1,0.082252,0.167335,0.267262,0.392350,1.501538,0.027606,1.473932,0.034906,0.183054
449,1,0.082252,0.060207,0.093341,0.447222,1.519218,0.027606,1.491612,0.138942,0.179279
804,3,0.071410,0.060207,0.485183,0.037800,1.566328,0.074716,1.491612,0.197010,0.177236
198,1,0.073552,0.102006,0.363532,0.384031,1.067738,0.415237,1.482975,0.080087,0.077513
655,3,0.637983,0.045107,0.058662,0.344227,1.379999,0.090287,1.470286,0.139664,0.022837
646,2,0.637983,0.047126,0.088039,0.296970,1.363312,0.090287,1.453599,0.095744,0.068352
267,0,0.055687,0.059998,0.415490,0.188107,1.071317,0.492353,1.563670,0.067688,0.058098
672,2,0.051238,0.041697,0.059585,0.226521,1.507483,0.035928,1.543411,0.117143,0.115254
716,2,0.049025,0.040028,0.154670,0.198820,1.508032,0.038829,1.546861,0.186561,0.121221
568,2,0.049025,0.035027,0.388867,0.364493,1.534817,0.038829,1.495988,0.047449,0.128257
430,1,0.082252,0.102006,0.121839,0.125615,1.510581,0.027606,1.482975,0.110455,0.179897
266,0,0.055687,0.095128,0.402450,0.182093,1.137724,0.492353,1.511516,0.079175,0.053468
569,2,0.051238,0.035027,0.225141,0.372822,1.531916,0.035928,1.495988,0.048299,0.119952
423,1,0.082252,0.107133,0.085851,0.041108,1.509051,0.027606,1.481445,0.146429,0.179116
767,3,0.049025,0.167335,0.464349,0.059098,1.512760,0.038829,1.473932,0.045932,0.101151
516,3,0.049025,0.102006,0.327181,0.389613,1.521804,0.038829,1.482975,0.182990,0.105272
675,2,0.637983,0.041697,0.064709,0.275033,1.453124,0.090287,1.543411,0.118978,0.066761
414,1,0.055550,0.051891,0.040903,0.411442,1.513914,0.014038,1.499876,0.120237,0.173035
517,3,0.051238,0.102006,0.488651,0.396669,1.518903,0.035928,1.482975,0.183819,0.098243
479,3,0.049089,0.083590,0.444480,0.451589,1.547241,0.099652,1.494699,0.014670,0.101465
402,1,0.055550,0.083590,0.210296,0.090176,1.508737,0.014038,1.494699,0.049141,0.175016
671,2,0.049025,0.041697,0.224449,0.218454,1.504583,0.038829,1.543411,0.116838,0.123317
471,3,0.049089,0.143556,0.258310,0.392175,1.545737,0.099652,1.496204,0.199871,0.115695
398,1,0.082252,0.060090,0.077054,0.025552,1.496665,0.027606,1.524271,0.155222,0.178925
495,3,0.058443,0.332657,0.456770,0.151819,1.543635,0.130281,1.467676,0.094800,0.139290
751,3,0.127577,0.051891,0.045283,0.226552,1.545009,0.096707,1.499876,0.186099,0.038856
526,3,0.049089,0.133681,0.361787,0.337934,1.542379,0.099652,1.499561,0.096932,0.107786
590,3,0.077874,0.061662,0.081324,0.340871,1.488295,0.085126,1.568172,0.015715,0.094136
246,3,0.058443,0.314441,0.396285,0.396440,1.532110,0.130281,1.479201,0.154752,0.145298
739,3,0.236600,0.052299,0.262753,0.259058,1.546528,0.098691,1.447838,0.122015,0.039429
180,1,0.073552,0.095233,0.352749,0.117884,1.087850,0.415237,1.503087,0.089955,0.074252
452,3,0.089314,0.298446,0.413420,0.293164,1.466432,0.120008,1.555153,0.008879,0.101872
445,1,0.082252,0.050103,0.233745,0.392444,1.514227,0.027606,1.486621,0.001404,0.182326
332,1,0.082252,0.051623,0.262045,0.017915,1.513951,0.027606,1.486345,0.029692,0.182941
756,3,0.049025,0.050103,0.441754,0.175525,1.525449,0.038829,1.486621,0.068509,0.101830
766,3,0.049089,0.167335,0.413409,0.056396,1.568008,0.099652,1.473932,0.045579,0.103840
758,3,0.077874,0.050103,0.027854,0.179763,1.569846,0.085126,1.486621,0.068988,0.097607
542,2,0.047115,0.044446,0.495598,0.479657,1.204160,0.174437,1.378597,0.019953,0.040682
727,2,0.047115,0.053231,0.489323,0.264575,1.074951,0.174437,1.249388,0.013774,0.041507
486,3,0.049089,0.116856,0.289106,0.388898,1.524941,0.099652,1.516999,0.169235,0.113341
591,3,0.054478,0.061662,0.248103,0.398312,1.367629,0.205792,1.568172,0.016099,0.036696
412,1,0.055550,0.060338,0.014019,0.375186,1.506538,0.014038,1.492500,0.147130,0.172721
861,3,0.077874,0.045026,0.046654,0.001955,1.507370,0.085126,1.549096,0.050257,0.096386
376,0,0.061133,0.072339,0.313220,0.354996,1.057845,0.349625,1.407470,0.099171,0.048197
213,0,0.117760,0.095128,0.023061,0.100122,1.090860,0.539216,1.511516,0.072436,0.028348
770,3,0.054478,0.167335,0.209769,0.117940,1.461869,0.205792,1.473932,0.053620,0.042588
851,3,0.054478,0.036817,0.254433,0.099938,1.464044,0.205792,1.471757,0.009904,0.035724
419,1,0.055550,0.060207,0.022891,0.453696,1.505650,0.014038,1.491612,0.138252,0.172825
338,2,0.051238,0.170289,0.041281,0.492327,1.479129,0.035928,1.515057,0.135437,0.114734
811,3,0.077874,0.055015,0.053951,0.114078,1.496565,0.085126,1.559901,0.042987,0.095913
764,3,0.089314,0.167335,0.376629,0.055003,1.547653,0.120008,1.473932,0.045397,0.105227
194,1,0.073552,0.143556,0.327858,0.317807,1.080967,0.415237,1.496204,0.112732,0.066724
823,3,0.077874,0.061861,0.039271,0.049962,1.559184,0.085126,1.474058,0.057613,0.096866
871,3,0.054478,0.050427,0.243741,0.029382,1.257253,0.205792,1.463045,0.020368,0.037367
195,1,0.073552,0.116856,0.334783,0.351020,1.101762,0.415237,1.516999,0.106395,0.068818
786,3,0.127577,0.087435,0.001624,0.183853,1.556444,0.096707,1.459737,0.139727,0.035448
515,3,0.049089,0.102006,0.276352,0.380533,1.558965,0.099652,1.482975,0.181923,0.114316
536,2,0.637983,0.040067,0.398583,0.445989,1.377207,0.090287,1.286920,0.213515,0.089532
848,3,0.049089,0.036817,0.457944,0.034905,1.570183,0.099652,1.471757,0.001275,0.100436
225,2,0.089314,0.367208,0.242658,0.313985,1.395108,0.120008,1.515116,0.151266,0.169843
798,3,0.054478,0.051665,0.239730,0.193701,1.358412,0.205792,1.564204,0.024294,0.037983
381,0,0.061133,0.050242,0.307666,0.342674,1.104124,0.349625,1.453749,0.093954,0.049626
834,3,0.054478,0.039206,0.243961,0.187196,1.544899,0.205792,1.390902,0.020153,0.037333
470,3,0.089314,0.143556,0.221382,0.388476,1.525381,0.120008,1.496204,0.199494,0.119384
406,1,0.055550,0.102006,0.051480,0.132379,1.497013,0.014038,1.482975,0.109660,0.173159
842,2,0.051238,0.058424,0.081055,0.004120,1.490763,0.035928,1.526692,0.095687,0.115863
684,2,0.236600,0.040023,0.150760,0.233622,1.489891,0.098691,1.553011,0.131117,0.088053
383,0,0.061133,0.075125,0.263622,0.374368,1.121302,0.349625,1.470927,0.052583,0.060959
308,0,0.074502,0.072339,0.180118,0.345767,1.105133,0.302337,1.407470,0.097167,0.057303
337,2,0.049025,0.170289,0.206444,0.484273,1.476229,0.038829,1.515057,0.134828,0.122776
400,1,0.055550,0.107133,0.015485,0.047512,1.495483,0.014038,1.481445,0.145662,0.172738
416,1,0.055550,0.167335,0.197135,0.400581,1.487970,0.014038,1.473932,0.035981,0.174862
524,3,0.089314,0.133681,0.324922,0.335772,1.522024,0.120008,1.499561,0.096721,0.109942
741,3,0.127577,0.052299,0.018267,0.264319,1.544545,0.096707,1.447838,0.122886,0.034210
639,2,0.637983,0.035628,0.045937,0.319019,1.285460,0.090287,1.375747,0.137673,0.065480
286,3,0.054478,0.451245,0.120920,0.306925,1.446087,0.205792,1.489713,0.140583,0.056242
211,0,0.117760,0.041643,0.015250,0.082475,1.349351,0.539216,1.253026,0.065736,0.025337
744,3,0.049089,0.051891,0.279392,0.151132,1.542064,0.099652,1.499876,0.178899,0.114084
477,3,0.089314,0.083590,0.407681,0.450656,1.526886,0.120008,1.494699,0.014575,0.102395
218,0,0.117760,0.141508,0.046681,0.226481,1.268936,0.539216,1.333440,0.092698,0.037452
841,2,0.049025,0.058424,0.246104,0.004031,1.487863,0.038829,1.526692,0.095200,0.123968
415,1,0.055550,0.050103,0.163446,0.400330,1.500659,0.014038,1.486621,0.002296,0.174468
331,1,0.055550,0.051623,0.191787,0.009760,1.500383,0.014038,1.486345,0.030634,0.174800
821,3,0.049025,0.061861,0.453265,0.045322,1.512886,0.038829,1.474058,0.057007,0.101484
781,3,0.077874,0.087435,0.033263,0.117317,1.544863,0.085126,1.459737,0.129866,0.101573
276,1,0.051536,0.451245,0.102657,0.024322,1.377271,0.112442,1.489713,0.059191,0.112446
313,0,0.074502,0.050242,0.175306,0.333861,1.151412,0.302337,1.453749,0.092574,0.058377
164,0,0.077800,0.141508,0.066654,0.245979,1.320176,0.013264,1.333440,0.098853,0.018508
315,0,0.074502,0.075125,0.132423,0.367340,1.168589,0.302337,1.470927,0.051634,0.067951
272,0,0.055687,0.141508,0.359223,0.304262,1.315799,0.492353,1.333440,0.117251,0.038119
797,3,0.077874,0.051665,0.072079,0.136947,1.479078,0.085126,1.564204,0.024926,0.094736
153,0,0.077800,0.041643,0.036407,0.089346,1.239761,0.013264,1.253026,0.068607,0.018811
577,2,0.236600,0.038343,0.307640,0.381886,1.465550,0.098691,1.564241,0.024982,0.099786
755,3,0.049089,0.050103,0.390786,0.171772,1.555319,0.099652,1.486621,0.068084,0.105569
567,2,0.049089,0.035027,0.439514,0.319832,1.545952,0.099652,1.495988,0.042891,0.172787
659,2,0.109406,0.125040,0.096307,0.052170,1.469579,0.071992,1.541572,0.192850,0.199541
264,0,0.055687,0.041643,0.381969,0.157799,1.396214,0.492353,1.253026,0.097215,0.046196
222,0,0.074502,0.367208,0.030505,0.054367,1.212779,0.302337,1.515116,0.103902,0.104324
281,3,0.047956,0.451245,0.028076,0.238365,1.393362,0.258517,1.489713,0.132979,0.124565
86,0,0.055687,0.054280,0.377774,0.008661,1.407480,0.492353,1.241760,0.100910,0.044706
177,0,0.073552,0.367208,0.340946,0.107918,1.211240,0.415237,1.515116,0.107949,0.157797
284,3,0.047115,0.451245,0.259096,0.216688,1.315276,0.174437,1.489713,0.130575,0.146167
378,0,0.061133,0.048581,0.254581,0.295735,1.097384,0.349625,1.447009,0.044090,0.063286
192,1,0.073552,0.107133,0.323139,0.286513,1.066208,0.415237,1.481445,0.117050,0.065297
502,3,0.054478,0.332657,0.155046,0.240598,1.468125,0.205792,1.467676,0.107182,0.050998
271,0,0.055687,0.038903,0.381058,0.276120,1.233598,0.492353,1.415642,0.098017,0.045872
300,0,0.074502,0.052313,0.138783,0.074812,1.079927,0.302337,1.382265,0.057706,0.066531
514,3,0.089314,0.102006,0.239490,0.377104,1.538610,0.120008,1.482975,0.181520,0.117732
812,3,0.054478,0.055015,0.219634,0.168924,1.375899,0.205792,1.559901,0.043964,0.041071
820,3,0.049089,0.061861,0.402343,0.042105,1.567882,0.099652,1.474058,0.056587,0.104686
876,3,0.054478,0.108479,0.203605,0.055258,1.393298,0.205792,1.542502,0.059653,0.043535
316,0,0.074502,0.035628,0.147447,0.430279,1.073410,0.302337,1.375747,0.065977,0.064597
465,2,0.236600,0.142836,0.423376,0.444614,1.479680,0.098691,1.380989,0.140141,0.108442
476,2,0.236600,0.141508,0.435311,0.407271,1.432131,0.098691,1.333440,0.152016,0.109335
846,3,0.089314,0.036817,0.421178,0.034173,1.549828,0.120008,1.471757,0.001178,0.101164
609,3,0.054478,0.038876,0.220597,0.404027,1.496426,0.205792,1.439375,0.043021,0.040923
485,3,0.089314,0.116856,0.252106,0.385653,1.504586,0.120008,1.516999,0.168997,0.116582
582,2,0.047115,0.050242,0.442186,0.415346,1.513406,0.174437,1.453749,0.032631,0.047709
688,2,0.051238,0.060268,0.074340,0.204534,1.481516,0.035928,1.517444,0.102397,0.115672
310,0,0.074502,0.048581,0.123335,0.288987,1.144672,0.302337,1.447009,0.042958,0.069980
380,0,0.061133,0.038343,0.242935,0.313728,1.214616,0.349625,1.564241,0.033150,0.066283
384,0,0.061133,0.047126,0.235997,0.424980,1.103974,0.349625,1.453599,0.026633,0.068068
365,2,0.089314,0.095128,0.379275,0.495418,1.510069,0.120008,1.511516,0.015662,0.182301
223,0,0.061133,0.367208,0.097078,0.053859,1.165491,0.349625,1.515116,0.103863,0.103816
144,3,0.054478,0.387345,0.069314,0.443562,1.430466,0.205792,1.505335,0.191094,0.064173
778,3,0.049089,0.087435,0.329977,0.108619,1.559389,0.099652,1.459737,0.128576,0.110217
135,1,0.051536,0.387345,0.034210,0.111722,1.392892,0.112442,1.505335,0.127202,0.118240
862,3,0.054478,0.045026,0.211606,0.056010,1.386704,0.205792,1.549096,0.051822,0.042305
687,2,0.049025,0.060268,0.239496,0.196425,1.478615,0.038829,1.517444,0.101803,0.123769
163,0,0.077800,0.038903,0.052190,0.210791,1.402378,0.013264,1.415642,0.084390,0.018653
296,0,0.074502,0.170289,0.009191,0.024196,1.212720,0.302337,1.515057,0.083541,0.099562
556,2,0.047115,0.045022,0.433732,0.446225,1.413980,0.174437,1.553175,0.040954,0.048821
667,2,0.236600,0.125040,0.083768,0.168728,1.442881,0.098691,1.541572,0.197777,0.083042
700,2,0.236600,0.058341,0.119283,0.215962,1.467078,0.098691,1.565769,0.162438,0.085698
230,2,0.054478,0.367208,0.444520,0.332344,1.309324,0.205792,1.515116,0.152653,0.151514
312,0,0.074502,0.038343,0.112992,0.307721,1.261903,0.302337,1.564241,0.033083,0.072289
453,3,0.047956,0.298446,0.100342,0.295336,1.327922,0.258517,1.555153,0.008927,0.099700
217,0,0.117760,0.038903,0.033608,0.196859,1.186734,0.539216,1.415642,0.081484,0.032413
143,3,0.047115,0.387345,0.204389,0.368599,1.330897,0.174437,1.505335,0.184434,0.138969
317,0,0.074502,0.047126,0.105236,0.418984,1.151262,0.302337,1.453599,0.025679,0.074021
343,1,0.051536,0.060090,0.002278,0.032525,1.504879,0.112442,1.524271,0.158965,0.120946
349,1,0.051536,0.332657,0.158984,0.172160,1.355233,0.112442,1.467676,0.003223,0.107678
818,3,0.089314,0.061861,0.365560,0.040547,1.547527,0.120008,1.474058,0.056383,0.106236
618,2,0.047115,0.075125,0.420118,0.343005,1.496229,0.174437,1.470927,0.054357,0.050612
753,3,0.089314,0.050103,0.353969,0.170042,1.534964,0.120008,1.486621,0.067888,0.107293
779,3,0.049025,0.087435,0.380660,0.115211,1.498566,0.038829,1.459737,0.129554,0.103665
743,3,0.089314,0.051891,0.242457,0.147746,1.521709,0.120008,1.499876,0.178575,0.117462
708,3,0.077874,0.112884,0.008202,0.152305,1.526628,0.085126,1.441502,0.088580,0.098883
226,2,0.049089,0.367208,0.243427,0.326049,1.415463,0.099652,1.515116,0.152177,0.157799
776,3,0.089314,0.087435,0.293221,0.105987,1.561848,0.120008,1.459737,0.128186,0.112833
824,3,0.054478,0.061861,0.198641,0.102782,1.461743,0.205792,1.474058,0.064511,0.044298
363,0,0.061133,0.036805,0.222184,0.053869,1.338050,0.349625,1.453917,0.013658,0.071622
229,2,0.047115,0.367208,0.313595,0.419371,1.452039,0.174437,1.515116,0.159229,0.064626
837,3,0.051211,0.039206,0.114283,0.159409,1.417456,0.026555,1.390902,0.013467,0.064663
344,1,0.051536,0.298446,0.168778,0.099768,1.442711,0.112442,1.555153,0.006509,0.106849
469,3,0.058443,0.143556,0.354254,0.358297,1.515108,0.130281,1.496204,0.196413,0.149473
859,3,0.049089,0.045026,0.408933,0.005896,1.492844,0.099652,1.549096,0.050031,0.104182
447,1,0.082252,0.087435,0.194471,0.416053,1.487343,0.027606,1.459737,0.037855,0.181474
630,3,0.236600,0.037570,0.281678,0.377120,1.404685,0.098691,1.305994,0.103184,0.038014
273,0,0.055687,0.040067,0.359969,0.398168,1.362319,0.492353,1.286920,0.116594,0.038384
325,3,0.047956,0.246950,0.107676,0.448709,1.352925,0.258517,1.530150,0.001841,0.098279
165,0,0.077800,0.040067,0.062252,0.338859,1.273656,0.013264,1.286920,0.094452,0.018552
321,1,0.051536,0.246950,0.199437,0.002432,1.417708,0.112442,1.530150,0.036972,0.104254
566,2,0.089314,0.035027,0.436743,0.305034,1.525597,0.120008,1.495988,0.041380,0.187541
382,0,0.061133,0.044996,0.213971,0.339005,1.144995,0.349625,1.494620,0.005944,0.073736
874,3,0.051211,0.050427,0.103333,0.001853,1.436490,0.026555,1.463045,0.024413,0.064901
369,0,0.061133,0.076160,0.202228,0.134182,1.417681,0.349625,1.374287,0.005087,0.076757
131,1,0.073552,0.076663,0.309149,0.067771,1.146404,0.415237,1.561641,0.129852,0.061066
219,0,0.117760,0.040067,0.041128,0.321402,1.315456,0.539216,1.286920,0.087934,0.035312
523,3,0.058443,0.133681,0.457723,0.306440,1.511750,0.130281,1.499561,0.093856,0.139195
736,3,0.077874,0.052299,0.015171,0.197614,1.532964,0.085126,1.447838,0.111837,0.100398
297,0,0.074502,0.036805,0.093476,0.048811,1.385338,0.302337,1.453917,0.014452,0.076646
294,0,0.061133,0.038352,0.212142,0.022572,1.147460,0.349625,1.497085,0.004225,0.074206
303,0,0.074502,0.076160,0.074182,0.129902,1.464968,0.302337,1.374287,0.003968,0.080954
678,2,0.049089,0.040023,0.262844,0.162379,1.488929,0.099652,1.553011,0.132861,0.159283
608,3,0.077874,0.038876,0.063617,0.349184,1.524501,0.085126,1.439375,0.033357,0.095285
292,0,0.061133,0.055084,0.204313,0.018852,1.185630,0.349625,1.535255,0.003129,0.076221
497,3,0.047956,0.332657,0.008323,0.173704,1.415400,0.258517,1.467676,0.097852,0.117524
252,3,0.054478,0.314441,0.095598,0.481976,1.456599,0.205792,1.479201,0.165368,0.060134
500,3,0.047115,0.332657,0.297127,0.139873,1.293238,0.174437,1.467676,0.093134,0.151170
314,0,0.074502,0.044996,0.084014,0.333966,1.192282,0.302337,1.494620,0.005418,0.078759
587,3,0.049089,0.061662,0.443478,0.333466,1.473768,0.099652,1.568172,0.015666,0.101541
367,0,0.061133,0.046891,0.205170,0.093425,1.370588,0.349625,1.421380,0.002323,0.076000
513,3,0.058443,0.102006,0.372838,0.347092,1.528336,0.130281,1.482975,0.177993,0.147627
2,0,0.055687,0.051660,0.350176,0.015094,1.093321,0.492353,1.555918,0.125220,0.034907
243,1,0.051536,0.314441,0.086887,0.067167,1.366759,0.112442,1.479201,0.074860,0.113781
703,3,0.089314,0.112884,0.334920,0.142071,1.561509,0.120008,1.441502,0.086797,0.109030
729,2,0.236600,0.053231,0.271551,0.205991,1.348079,0.098691,1.249388,0.010928,0.097087
705,3,0.049089,0.112884,0.371623,0.144084,1.541154,0.099652,1.441502,0.087148,0.107034
785,3,0.051211,0.087435,0.007310,0.151801,1.486292,0.026555,1.459737,0.134977,0.067302
544,2,0.236600,0.044446,0.287384,0.420961,1.477288,0.098691,1.378597,0.004826,0.098271
293,0,0.074502,0.038352,0.082245,0.017611,1.194748,0.302337,1.497085,0.003730,0.079154
291,0,0.074502,0.055084,0.074815,0.014262,1.232918,0.302337,1.535255,0.003364,0.080813
808,3,0.049089,0.055015,0.416153,0.106360,1.482039,0.099652,1.559901,0.042849,0.103630
250,3,0.047115,0.314441,0.234234,0.398853,1.304764,0.174437,1.479201,0.155052,0.142896
759,3,0.054478,0.050103,0.188073,0.231635,1.449180,0.205792,1.486621,0.074855,0.045922
301,0,0.074502,0.046891,0.076828,0.089012,1.417876,0.302337,1.421380,0.001442,0.080363
701,2,0.127577,0.058341,0.471759,0.222277,1.469061,0.096707,1.565769,0.162480,0.079383
620,2,0.236600,0.075125,0.233855,0.299124,1.372236,0.098691,1.470927,0.048436,0.094268
558,2,0.236600,0.045022,0.242508,0.400124,1.454485,0.098691,1.553175,0.039826,0.094915
76,1,0.073552,0.035035,0.310333,0.011668,1.218834,0.415237,1.507522,0.128769,0.061424
612,3,0.051211,0.038876,0.089037,0.379525,1.465929,0.026555,1.439375,0.038703,0.065211
733,3,0.049089,0.052299,0.348218,0.189123,1.547490,0.099652,1.447838,0.110430,0.108823
584,2,0.236600,0.050242,0.257397,0.366690,1.355058,0.098691,1.453749,0.025011,0.096028
455,3,0.047115,0.298446,0.384082,0.232418,1.380716,0.174437,1.555153,0.007527,0.162610
632,3,0.127577,0.037570,0.036190,0.382421,1.402701,0.096707,1.305994,0.105036,0.032898
133,1,0.051536,0.046696,0.032230,0.033448,1.490066,0.112442,1.539084,0.129169,0.118407
484,3,0.058443,0.116856,0.384131,0.355684,1.494313,0.130281,1.516999,0.166799,0.146505
361,1,0.051536,0.167335,0.207863,0.472247,1.361489,0.112442,1.473932,0.045344,0.103541
549,2,0.047115,0.072339,0.397660,0.381698,1.559685,0.174437,1.407470,0.076468,0.053567
394,1,0.082252,0.070494,0.272009,0.041919,1.481559,0.027606,1.453953,0.039651,0.183157
304,0,0.074502,0.142836,0.035692,0.127547,1.458266,0.302337,1.380989,0.040715,0.089547
775,3,0.058443,0.087435,0.427505,0.076441,1.551574,0.130281,1.459737,0.123807,0.142197
805,3,0.058443,0.060207,0.350697,0.065296,1.519699,0.130281,1.491612,0.199939,0.149827
817,3,0.058443,0.061861,0.499344,0.011597,1.537253,0.130281,1.474058,0.052601,0.135060
731,3,0.089314,0.052299,0.311504,0.186762,1.567845,0.120008,1.447838,0.110039,0.111165
370,0,0.061133,0.142836,0.163523,0.130430,1.410979,0.349625,1.380989,0.041445,0.086717
132,1,0.073552,0.046696,0.301280,0.143794,1.187272,0.415237,1.539084,0.137053,0.058686
509,3,0.049089,0.035012,0.281580,0.461097,1.479140,0.099652,1.562801,0.176722,0.113917
752,3,0.058443,0.050103,0.487239,0.140968,1.524690,0.130281,1.486621,0.064600,0.136263
709,3,0.054478,0.112884,0.165176,0.202173,1.494299,0.205792,1.441502,0.097266,0.049441
551,2,0.236600,0.072339,0.214361,0.341924,1.308779,0.098691,1.407470,0.067833,0.092810
530,3,0.054478,0.133681,0.159763,0.395601,1.436240,0.205792,1.499561,0.102565,0.050273
600,2,0.047115,0.044996,0.399235,0.391280,1.472536,0.174437,1.494620,0.074917,0.053359
742,3,0.058443,0.051891,0.375141,0.117734,1.511435,0.130281,1.499876,0.175710,0.147399
377,0,0.061133,0.045022,0.184109,0.278642,1.203551,0.349625,1.553175,0.022107,0.081420
417,1,0.055550,0.087435,0.124404,0.423562,1.473775,0.014038,1.459737,0.036742,0.174012
605,3,0.049089,0.038876,0.427038,0.341605,1.539027,0.099652,1.439375,0.032021,0.102798
93,0,0.074502,0.198380,0.029739,0.132520,1.259539,0.302337,1.561876,0.103170,0.104153
91,0,0.073552,0.198380,0.345365,0.187503,1.164480,0.415237,1.561876,0.103904,0.159133
327,3,0.047115,0.246950,0.393564,0.383074,1.355713,0.174437,1.530150,0.001808,0.163857
335,2,0.089314,0.170289,0.262949,0.435277,1.395050,0.120008,1.515057,0.131126,0.171693
702,3,0.058443,0.112884,0.469975,0.112874,1.569809,0.130281,1.441502,0.081711,0.137978
379,0,0.061133,0.035027,0.182962,0.292543,1.295979,0.349625,1.495988,0.023184,0.081715
309,0,0.074502,0.045022,0.055085,0.274843,1.250838,0.302337,1.553175,0.022200,0.085217
668,2,0.127577,0.125040,0.436027,0.175003,1.444864,0.096707,1.541572,0.198042,0.076770
692,2,0.236600,0.060268,0.177734,0.230175,1.418753,0.098691,1.517444,0.104278,0.090070
845,2,0.236600,0.058424,0.184841,0.029391,1.428001,0.098691,1.526692,0.097206,0.090602
794,3,0.049089,0.051665,0.434086,0.129423,1.464552,0.099652,1.564204,0.025009,0.102259
603,3,0.089314,0.038876,0.390316,0.340414,1.559382,0.120008,1.439375,0.031811,0.103979
94,0,0.061133,0.198380,0.097823,0.131992,1.212251,0.349625,1.561876,0.103163,0.103624
311,0,0.074502,0.035027,0.054445,0.288886,1.343267,0.302337,1.495988,0.022811,0.085360
734,3,0.049025,0.052299,0.398846,0.194872,1.486666,0.038829,1.447838,0.111382,0.103119
356,1,0.051536,0.112884,0.196251,0.437434,1.329059,0.112442,1.441502,0.033806,0.104524
185,0,0.073552,0.170289,0.362268,0.040599,1.211298,0.415237,1.515057,0.088437,0.164246
706,3,0.049025,0.112884,0.422288,0.148743,1.480330,0.038829,1.441502,0.087959,0.102415
712,3,0.051211,0.112884,0.033437,0.185050,1.468056,0.026555,1.441502,0.094284,0.066418
565,2,0.236600,0.048581,0.200254,0.406610,1.348318,0.098691,1.447009,0.081869,0.091754
694,2,0.049089,0.058341,0.233591,0.144613,1.466116,0.099652,1.565769,0.161962,0.157047
647,2,0.236600,0.047126,0.189956,0.274175,1.354908,0.098691,1.453599,0.092116,0.090984
563,2,0.047115,0.048581,0.385881,0.443542,1.520146,0.174437,1.447009,0.088064,0.055116
347,1,0.051536,0.083590,0.219145,0.162819,1.382257,0.112442,1.494699,0.056553,0.102586
833,3,0.077874,0.039206,0.090670,0.130061,1.476028,0.085126,1.390902,0.006405,0.093530
730,3,0.058443,0.052299,0.446307,0.157371,1.563473,0.130281,1.447838,0.105171,0.140329
656,3,0.236600,0.045107,0.242546,0.326030,1.371596,0.098691,1.470286,0.142122,0.040941
602,2,0.236600,0.044996,0.211366,0.351933,1.395929,0.098691,1.494620,0.070813,0.092586
193,0,0.073552,0.155061,0.269268,0.092382,1.203803,0.415237,1.522552,0.173540,0.136118
333,0,0.061133,0.170289,0.118818,0.025539,1.165433,0.349625,1.515057,0.083440,0.098221
676,2,0.236600,0.041697,0.163807,0.252757,1.444721,0.098691,1.543411,0.118135,0.089028
440,1,0.082252,0.112884,0.252415,0.358550,1.469108,0.027606,1.441502,0.020066,0.182732
443,1,0.082252,0.052299,0.223589,0.372405,1.475444,0.027606,1.447838,0.008749,0.182106
341,1,0.051536,0.070494,0.214874,0.038853,1.341511,0.112442,1.453953,0.052310,0.102947
599,2,0.051238,0.044996,0.108464,0.327804,1.458691,0.035928,1.494620,0.068296,0.116641
537,2,0.236600,0.040067,0.487842,0.421268,1.385611,0.098691,1.286920,0.204286,0.113264
721,2,0.236600,0.040028,0.093784,0.236262,1.448170,0.098691,1.546861,0.187811,0.083791
856,3,0.089314,0.045026,0.372003,0.007361,1.472489,0.120008,1.549096,0.049989,0.105649
660,2,0.089314,0.125040,0.199330,0.085836,1.421564,0.120008,1.541572,0.194273,0.165892
306,0,0.074502,0.141508,0.001664,0.165021,1.505815,0.302337,1.333440,0.073297,0.097167
628,3,0.054478,0.037570,0.163455,0.365005,1.511786,0.205792,1.305994,0.098951,0.049705
339,2,0.054478,0.170289,0.465199,0.452306,1.309265,0.205792,1.515057,0.132413,0.154692
295,0,0.074502,0.041643,0.038765,0.015615,1.555363,0.302337,1.253026,0.037781,0.088861
320,0,0.061133,0.041643,0.166107,0.018566,1.538942,0.349625,1.253026,0.039017,0.086052
640,2,0.236600,0.035628,0.150160,0.296053,1.277056,0.098691,1.375747,0.131715,0.088008
372,0,0.061133,0.155061,0.023907,0.105860,1.172928,0.349625,1.522552,0.172641,0.122657
573,2,0.049089,0.038343,0.422314,0.310198,1.464588,0.099652,1.564241,0.025780,0.171472
336,2,0.049089,0.170289,0.263649,0.447646,1.415405,0.099652,1.515057,0.132060,0.159344
393,1,0.055550,0.070494,0.202106,0.033625,1.467991,0.014038,1.453953,0.040951,0.174920
765,3,0.047956,0.167335,0.062829,0.053258,1.409144,0.258517,1.473932,0.045169,0.106964
768,3,0.047115,0.167335,0.352717,0.001784,1.299495,0.174437,1.473932,0.038406,0.158483
373,0,0.061133,0.141508,0.129067,0.166651,1.458528,0.349625,1.333440,0.073812,0.095584
204,0,0.073552,0.125040,0.274179,0.385929,1.184784,0.415237,1.541572,0.169045,0.137604
870,3,0.077874,0.050427,0.068157,0.028613,1.377919,0.085126,1.463045,0.028834,0.094991
843,2,0.047115,0.058424,0.374520,0.063415,1.440464,0.174437,1.526692,0.099248,0.056611
598,2,0.049025,0.044996,0.273884,0.319618,1.455791,0.038829,1.494620,0.067442,0.124802
330,1,0.051536,0.051623,0.201294,0.061252,1.373903,0.112442,1.486345,0.038817,0.104097
354,1,0.051536,0.038876,0.254822,0.323329,1.326932,0.112442,1.439375,0.092003,0.099566
740,3,0.051211,0.052299,0.010301,0.231353,1.474392,0.026555,1.447838,0.117426,0.066921
645,2,0.047115,0.047126,0.376134,0.309010,1.513556,0.174437,1.453599,0.097659,0.056398
585,3,0.089314,0.061662,0.406588,0.332512,1.453413,0.120008,1.568172,0.015659,0.102495
829,3,0.089314,0.039206,0.417868,0.121992,1.510909,0.120008,1.390902,0.004463,0.101466
478,3,0.047956,0.083590,0.094334,0.452192,1.388376,0.258517,1.494699,0.014731,0.100863
262,1,0.051536,0.056761,0.191301,0.026619,1.410729,0.112442,1.523171,0.028887,0.104943
677,2,0.089314,0.040023,0.260899,0.150154,1.468574,0.120008,1.553011,0.133161,0.171506
346,1,0.051536,0.143556,0.029673,0.131917,1.383761,0.112442,1.496204,0.131710,0.118624
847,3,0.047956,0.036817,0.107957,0.037127,1.411319,0.258517,1.471757,0.001570,0.098225
463,2,0.051238,0.142836,0.313436,0.430340,1.416917,0.035928,1.380989,0.136531,0.122457
474,2,0.051238,0.141508,0.324563,0.393440,1.369368,0.035928,1.333440,0.147650,0.122773
606,3,0.049025,0.038876,0.477906,0.343678,1.478203,0.038829,1.439375,0.032386,0.100744
462,2,0.049025,0.142836,0.475852,0.421771,1.419818,0.038829,1.380989,0.134363,0.130870
385,0,0.061133,0.125040,0.028449,0.402055,1.191947,0.349625,1.541572,0.168364,0.121486
473,2,0.049025,0.141508,0.486414,0.384780,1.372269,0.038829,1.333440,0.144917,0.131187
472,3,0.047115,0.143556,0.190946,0.370606,1.321766,0.174437,1.496204,0.197669,0.137201
830,3,0.047956,0.039206,0.104320,0.124571,1.492174,0.258517,1.390902,0.005084,0.098929
388,0,0.061133,0.060268,0.152975,0.431148,1.167819,0.349625,1.517444,0.051353,0.089432
352,1,0.051536,0.133681,0.131922,0.212475,1.387118,0.112442,1.499561,0.030112,0.109969
3,0,0.055687,0.048350,0.315102,0.027565,1.090910,0.492353,1.558329,0.156115,0.022453
665,2,0.054478,0.125040,0.401087,0.106900,1.335780,0.205792,1.541572,0.195164,0.144839
525,3,0.047956,0.133681,0.010220,0.328538,1.383515,0.258517,1.499561,0.096014,0.117156
528,3,0.047115,0.133681,0.297592,0.294371,1.325123,0.174437,1.499561,0.092677,0.151231
319,0,0.074502,0.060268,0.024348,0.428495,1.215106,0.302337,1.517444,0.051548,0.092081
113,1,0.051536,0.123733,0.129667,0.105266,1.386607,0.112442,1.499049,0.032353,0.110160
831,3,0.049089,0.039206,0.454550,0.122776,1.490554,0.099652,1.390902,0.004652,0.100695
298,0,0.074502,0.095128,0.008289,0.032679,1.327740,0.302337,1.511516,0.066892,0.095669
586,3,0.047956,0.061662,0.093363,0.333956,1.314904,0.258517,1.568172,0.015669,0.101051
257,1,0.058656,0.112884,0.247051,0.350554,1.069407,0.630683,1.441502,0.018673,0.190659
661,2,0.049089,0.125040,0.200628,0.097207,1.441919,0.099652,1.541572,0.194754,0.154527
490,3,0.054478,0.116856,0.087744,0.440978,1.418802,0.205792,1.516999,0.173055,0.061341
186,0,0.073552,0.095128,0.392816,0.045300,1.096279,0.415237,1.511516,0.060483,0.173485
664,2,0.047115,0.125040,0.273873,0.181924,1.425584,0.174437,1.541572,0.198335,0.069852
411,1,0.055550,0.112884,0.182630,0.366658,1.455540,0.014038,1.441502,0.021478,0.174692
806,3,0.089314,0.055015,0.379220,0.105000,1.461684,0.120008,1.559901,0.042825,0.104990
689,2,0.047115,0.060268,0.366989,0.262693,1.449712,0.174437,1.517444,0.106663,0.057602
348,1,0.051536,0.116856,0.041366,0.164285,1.404556,0.112442,1.516999,0.120092,0.117634
722,2,0.127577,0.040028,0.446097,0.242548,1.450154,0.096707,1.546861,0.188021,0.077506
614,2,0.089314,0.075125,0.358021,0.212585,1.350919,0.120008,1.470927,0.036758,0.180363
792,3,0.089314,0.051665,0.397156,0.128328,1.444197,0.120008,1.564204,0.025022,0.103355
488,3,0.047115,0.116856,0.221912,0.360922,1.342561,0.174437,1.516999,0.167183,0.141275
360,1,0.051536,0.050103,0.172298,0.468493,1.374178,0.112442,1.486621,0.010006,0.106551
545,2,0.089314,0.072339,0.345877,0.254309,1.287463,0.120008,1.407470,0.048812,0.179255
704,3,0.047956,0.112884,0.020851,0.135954,1.441574,0.258517,1.441502,0.085731,0.115095
707,3,0.047115,0.112884,0.311420,0.097673,1.267064,0.174437,1.441502,0.079063,0.153050
345,1,0.051536,0.107133,0.022101,0.101203,1.369003,0.112442,1.481445,0.139235,0.119265
631,3,0.051211,0.037570,0.034810,0.347718,1.332548,0.026555,1.305994,0.092912,0.066388
364,0,0.061133,0.095128,0.136264,0.034619,1.280452,0.349625,1.511516,0.067051,0.093732
658,3,0.127577,0.045107,0.001008,0.331429,1.373579,0.096707,1.470286,0.141393,0.035570
519,3,0.054478,0.102006,0.072580,0.431376,1.452825,0.205792,1.482975,0.187897,0.063671
351,1,0.051536,0.102006,0.058629,0.189588,1.370533,0.112442,1.482975,0.102937,0.116173
358,1,0.051536,0.052299,0.166028,0.448015,1.335395,0.112442,1.447838,0.003776,0.107082
518,3,0.047115,0.102006,0.209983,0.355045,1.308538,0.174437,1.482975,0.178927,0.139705
259,1,0.058656,0.087435,0.180698,0.436424,1.051172,0.630683,1.459737,0.034836,0.161229
255,1,0.051536,0.095233,0.053740,0.073425,1.390645,0.112442,1.503087,0.107796,0.116587
189,1,0.073552,0.060090,0.265428,0.201500,1.202084,0.415237,1.524271,0.169861,0.047843
857,3,0.089314,0.050427,0.392008,0.037497,1.343037,0.120008,1.463045,0.030131,0.103824
685,2,0.089314,0.060268,0.296262,0.145386,1.397436,0.120008,1.517444,0.098059,0.174731
197,1,0.073552,0.035012,0.270122,0.339279,1.147564,0.415237,1.562801,0.165565,0.049262
353,1,0.051536,0.061662,0.151099,0.294994,1.455729,0.112442,1.568172,0.011057,0.108345
839,2,0.089314,0.058424,0.302249,0.055375,1.406684,0.120008,1.526692,0.092117,0.175277
693,2,0.089314,0.058341,0.231962,0.132792,1.445761,0.120008,1.565769,0.161883,0.168867
782,3,0.054478,0.087435,0.124871,0.163540,1.476063,0.205792,1.459737,0.136717,0.055635
221,0,0.117760,0.040023,0.112846,0.475474,1.049365,0.539216,1.553011,0.149456,0.062955
181,1,0.073552,0.066689,0.246381,0.091674,1.406159,0.415237,1.320197,0.187291,0.042082
362,1,0.051536,0.087435,0.134900,0.488258,1.347295,0.112442,1.459737,0.027153,0.109717
869,3,0.049025,0.050427,0.480627,0.034317,1.424216,0.038829,1.463045,0.029667,0.100662
723,2,0.089314,0.053231,0.347198,0.119256,1.369396,0.120008,1.249388,0.047500,0.179376
777,3,0.047956,0.087435,0.021503,0.095463,1.423338,0.258517,1.459737,0.126627,0.123292
553,2,0.049089,0.045022,0.358129,0.328460,1.453523,0.099652,1.553175,0.038071,0.166566
780,3,0.047115,0.087435,0.266724,0.071437,1.285300,0.174437,1.459737,0.123065,0.147170
578,2,0.089314,0.050242,0.383626,0.279416,1.333742,0.120008,1.453749,0.011343,0.182698
299,0,0.074502,0.059998,0.005665,0.033753,1.261333,0.302337,1.563670,0.069406,0.096257
207,0,0.073552,0.060268,0.395969,0.346013,1.208912,0.415237,1.517444,0.057597,0.174438
187,0,0.073552,0.059998,0.382165,0.040271,1.162685,0.415237,1.563670,0.070229,0.170263
793,3,0.047956,0.051665,0.083688,0.128758,1.305687,0.258517,1.564204,0.025017,0.102925
559,2,0.089314,0.048581,0.327188,0.320127,1.327002,0.120008,1.447009,0.067363,0.177551
737,3,0.054478,0.052299,0.142201,0.245410,1.487963,0.205792,1.447838,0.119754,0.052972
481,3,0.047115,0.083590,0.383170,0.390384,1.320262,0.174437,1.494699,0.008425,0.162490
208,0,0.073552,0.058341,0.286311,0.398734,1.160587,0.415237,1.565769,0.157944,0.141273
641,2,0.089314,0.047126,0.316063,0.188007,1.333592,0.120008,1.453599,0.078405,0.176537
649,3,0.089314,0.045107,0.269046,0.251551,1.350279,0.120008,1.470286,0.152183,0.115037
552,2,0.089314,0.045022,0.357036,0.314751,1.433168,0.120008,1.553175,0.037736,0.180273
596,2,0.089314,0.044996,0.332720,0.266201,1.374612,0.120008,1.494620,0.061871,0.178056
617,2,0.051238,0.075125,0.131464,0.275979,1.434998,0.035928,1.470927,0.045313,0.117293
538,2,0.089314,0.044446,0.377717,0.335461,1.498605,0.120008,1.378597,0.017208,0.182159
368,0,0.061133,0.050023,0.142279,0.079546,1.173989,0.349625,1.523614,0.061400,0.092184
615,2,0.049089,0.075125,0.357562,0.226496,1.371274,0.099652,1.470927,0.038635,0.166523
616,2,0.049025,0.075125,0.297146,0.267729,1.432098,0.038829,1.470927,0.044199,0.125501
413,1,0.055550,0.052299,0.153694,0.380217,1.461876,0.014038,1.447838,0.007455,0.174354
548,2,0.051238,0.072339,0.114211,0.317605,1.371542,0.035928,1.407470,0.062553,0.116804
669,2,0.089314,0.041697,0.279244,0.168572,1.423404,0.120008,1.543411,0.114951,0.173179
868,3,0.049089,0.050427,0.429112,0.036306,1.363392,0.099652,1.463045,0.029957,0.102640
392,1,0.082252,0.045764,0.123437,0.033789,1.409787,0.027606,1.382181,0.108858,0.179932
508,3,0.089314,0.035012,0.244369,0.457726,1.458784,0.120008,1.562801,0.176677,0.117287
546,2,0.049089,0.072339,0.344292,0.268242,1.307818,0.099652,1.407470,0.051837,0.165508
547,2,0.049025,0.072339,0.280583,0.309295,1.368641,0.038829,1.407470,0.060749,0.125003
434,1,0.082252,0.038876,0.309372,0.238180,1.466981,0.027606,1.439375,0.076998,0.183968
302,0,0.074502,0.050023,0.013881,0.077309,1.221277,0.302337,1.523614,0.061545,0.094418
432,0,0.082252,0.044446,0.423633,0.182264,1.406203,0.027606,1.378597,0.162083,0.166272
714,2,0.089314,0.040028,0.208631,0.153287,1.426853,0.120008,1.546861,0.185041,0.166740
366,0,0.061133,0.059998,0.133780,0.035638,1.214046,0.349625,1.563670,0.069385,0.094371
190,0,0.073552,0.050023,0.386219,0.000954,1.202742,0.415237,1.523614,0.066520,0.171489
466,2,0.089314,0.038903,0.457254,0.450868,1.535649,0.120008,1.415642,0.061740,0.189412
389,0,0.061133,0.058341,0.039688,0.421417,1.216144,0.349625,1.565769,0.157792,0.118590
572,2,0.089314,0.038343,0.421190,0.295546,1.444233,0.120008,1.564241,0.025943,0.186123
653,3,0.077874,0.045107,0.054010,0.263732,1.385160,0.085126,1.470286,0.150537,0.102919
622,3,0.089314,0.037570,0.344010,0.304391,1.426001,0.120008,1.305994,0.077774,0.108201
203,0,0.073552,0.047126,0.465693,0.296605,1.272756,0.415237,1.453599,0.006206,0.195526
787,2,0.089314,0.036389,0.223328,0.091279,1.197439,0.120008,1.317447,0.170453,0.168080
633,2,0.089314,0.035628,0.285197,0.208668,1.255739,0.120008,1.375747,0.109043,0.173722
690,2,0.054478,0.060268,0.499185,0.160225,1.311652,0.205792,1.517444,0.099147,0.159915
182,1,0.073552,0.045275,0.240047,0.092624,1.257666,0.415237,1.468690,0.193087,0.040166
5,1,0.073552,0.045060,0.232658,0.012069,1.232219,0.415237,1.494137,0.199848,0.037931
200,0,0.073552,0.045022,0.431973,0.174717,1.173180,0.415237,1.553175,0.024651,0.185327
202,0,0.073552,0.044996,0.451957,0.221007,1.231736,0.415237,1.494620,0.006363,0.191372
451,1,0.082252,0.039206,0.377928,0.462116,1.418508,0.027606,1.390902,0.145526,0.185456
698,2,0.054478,0.058341,0.434961,0.151615,1.359977,0.205792,1.565769,0.162009,0.150045
435,1,0.082252,0.037570,0.374171,0.286420,1.333600,0.027606,1.305994,0.141770,0.185374
357,1,0.051536,0.060338,0.019884,0.428625,1.380057,0.112442,1.492500,0.141438,0.119453
318,0,0.074502,0.041697,0.017292,0.415431,1.241074,0.302337,1.543411,0.091284,0.101373
867,3,0.047956,0.050427,0.078374,0.037628,1.204528,0.258517,1.463045,0.030150,0.103954
205,0,0.073552,0.041697,0.356628,0.354240,1.182944,0.415237,1.543411,0.093598,0.162540
819,3,0.047956,0.061861,0.051616,0.037634,1.409018,0.258517,1.474058,0.056003,0.109136
258,1,0.058656,0.052299,0.214284,0.378432,1.063072,0.630683,1.447838,0.007751,0.176126
686,2,0.049089,0.060268,0.296879,0.158252,1.417791,0.099652,1.517444,0.099003,0.161884
822,3,0.047115,0.061861,0.341219,0.010457,1.299621,0.174437,1.474058,0.049726,0.156971
589,3,0.047115,0.061662,0.376222,0.273431,1.393734,0.174437,1.568172,0.015265,0.161576
307,0,0.074502,0.040067,0.010617,0.259073,1.552335,0.302337,1.286920,0.064665,0.095148
627,3,0.077874,0.037570,0.015482,0.314537,1.391120,0.085126,1.305994,0.081319,0.098410
209,0,0.073552,0.040028,0.278387,0.401256,1.179495,0.415237,1.546861,0.165195,0.138876
206,0,0.073552,0.040023,0.297774,0.393675,1.137774,0.415237,1.553011,0.147454,0.144740
840,2,0.049089,0.058424,0.303021,0.042439,1.427039,0.099652,1.526692,0.092893,0.162354
305,0,0.074502,0.038903,0.007061,0.132537,1.423613,0.302337,1.415642,0.068067,0.095944
697,2,0.047115,0.058341,0.310195,0.236588,1.401387,0.174437,1.565769,0.162576,0.065073
748,3,0.054478,0.051891,0.076781,0.202321,1.435925,0.205792,1.499876,0.183786,0.063026
726,2,0.051238,0.053231,0.156569,0.183941,1.285316,0.035928,1.249388,0.020225,0.118006
87,1,0.073552,0.036666,0.262819,0.010514,1.150615,0.415237,1.565852,0.172248,0.047053
210,0,0.073552,0.036389,0.474993,0.423694,1.408909,0.415237,1.317447,0.014717,0.198339
375,0,0.061133,0.044446,0.023017,0.226483,1.413370,0.349625,1.378597,0.173478,0.122887
807,3,0.047956,0.055015,0.065283,0.103501,1.323174,0.258517,1.559901,0.042799,0.106489
359,1,0.051536,0.051891,0.046599,0.467430,1.387433,0.112442,1.499876,0.114892,0.117191
256,1,0.058656,0.045764,0.105438,0.019315,1.128728,0.630683,1.382181,0.095526,0.127849
810,3,0.047115,0.055015,0.349187,0.051966,1.385464,0.174437,1.559901,0.041881,0.158019
724,2,0.049089,0.053231,0.354498,0.133050,1.349041,0.099652,1.249388,0.041684,0.166289
725,2,0.049025,0.053231,0.317533,0.175395,1.288217,0.038829,1.249388,0.023828,0.126114
201,0,0.073552,0.035027,0.445628,0.184484,1.080751,0.415237,1.495988,0.012155,0.189457
261,0,0.061133,0.043353,0.015928,0.041383,1.206721,0.349625,1.556346,0.180167,0.124719
648,3,0.058443,0.045107,0.394710,0.220977,1.340005,0.130281,1.470286,0.156313,0.145455
342,1,0.051536,0.040031,0.149035,0.040025,1.402936,0.112442,1.515378,0.013108,0.108520
581,2,0.051238,0.050242,0.155242,0.344597,1.417821,0.035928,1.453749,0.021551,0.117968
732,3,0.047956,0.052299,0.002935,0.178179,1.435238,0.258517,1.447838,0.108617,0.119682
386,0,0.061133,0.041697,0.110509,0.416445,1.193787,0.349625,1.543411,0.091245,0.100360
391,1,0.055550,0.045764,0.054008,0.026929,1.396219,0.014038,1.382181,0.107132,0.173189
735,3,0.047115,0.052299,0.286502,0.147854,1.273400,0.174437,1.447838,0.103594,0.149772
562,2,0.051238,0.048581,0.099047,0.381794,1.411081,0.035928,1.447009,0.077707,0.116374
579,2,0.049089,0.050242,0.382738,0.293766,1.354097,0.099652,1.453749,0.013590,0.168447
747,3,0.047115,0.051891,0.212535,0.125110,1.325438,0.174437,1.499876,0.176414,0.140041
580,2,0.049025,0.050242,0.321115,0.336287,1.414921,0.038829,1.453749,0.020249,0.126221
796,3,0.047115,0.051665,0.365670,0.071496,1.402951,0.174437,1.564204,0.025654,0.160187
654,3,0.054478,0.045107,0.117145,0.310066,1.264494,0.205792,1.470286,0.144278,0.056822
374,0,0.061133,0.040067,0.138030,0.261021,1.505048,0.349625,1.286920,0.065392,0.093277
390,0,0.061133,0.040028,0.032470,0.419688,1.197236,0.349625,1.546861,0.164580,0.120449
387,0,0.061133,0.040023,0.049935,0.422469,1.238957,0.349625,1.553011,0.148159,0.115951
754,3,0.047956,0.050103,0.039800,0.165896,1.396455,0.258517,1.486621,0.067419,0.111424
644,2,0.051238,0.047126,0.088652,0.248900,1.417671,0.035928,1.453599,0.088095,0.116079
260,0,0.055687,0.043353,0.290949,0.097246,1.063992,0.492353,1.556346,0.177390,0.013877
560,2,0.049089,0.048581,0.326406,0.333644,1.347357,0.099652,1.447009,0.069630,0.164141
561,2,0.049025,0.048581,0.264993,0.373567,1.408180,0.038829,1.447009,0.076327,0.124535
757,3,0.047115,0.050103,0.328302,0.121890,1.312183,0.174437,1.486621,0.062442,0.155271
371,0,0.061133,0.038903,0.134771,0.134387,1.376326,0.349625,1.415642,0.068453,0.094116
340,1,0.051536,0.045764,0.069330,0.032110,1.269738,0.112442,1.382181,0.092305,0.115267
642,2,0.049089,0.047126,0.315453,0.201335,1.353947,0.099652,1.453599,0.080526,0.163304
643,2,0.049025,0.047126,0.254521,0.240700,1.414771,0.038829,1.453599,0.086790,0.124221
657,3,0.051211,0.045107,0.018053,0.299298,1.443732,0.026555,1.470286,0.145733,0.067535
541,2,0.051238,0.044446,0.176303,0.400276,1.414526,0.035928,1.378597,0.000504,0.118566
674,2,0.054478,0.041697,0.482427,0.184418,1.337619,0.205792,1.543411,0.115551,0.157339
4,0,0.055687,0.040029,0.285738,0.037989,1.103859,0.492353,1.545380,0.181981,0.012027
650,3,0.049089,0.045107,0.306662,0.254605,1.370634,0.099652,1.470286,0.151770,0.111999
651,3,0.049025,0.045107,0.359472,0.262342,1.431458,0.038829,1.470286,0.150725,0.104302
597,2,0.049089,0.044996,0.332793,0.279668,1.394967,0.099652,1.494620,0.063276,0.164630
621,3,0.058443,0.037570,0.484303,0.275012,1.436275,0.130281,1.305994,0.067509,0.136554
539,2,0.049089,0.044446,0.382722,0.349437,1.478250,0.099652,1.378597,0.013606,0.168446
540,2,0.049025,0.044446,0.338724,0.391934,1.417426,0.038829,1.378597,0.002654,0.126750
719,2,0.054478,0.040028,0.410733,0.173712,1.341069,0.205792,1.546861,0.185723,0.146321
682,2,0.054478,0.040023,0.464857,0.167024,1.382789,0.205792,1.553011,0.132748,0.154639
421,1,0.055550,0.039206,0.308965,0.471557,1.404940,0.014038,1.390902,0.147798,0.176169
858,3,0.047956,0.045026,0.057909,0.009627,1.333979,0.258517,1.549096,0.049923,0.107917
409,1,0.055550,0.038876,0.239688,0.246865,1.453413,0.014038,1.439375,0.078529,0.175360
604,3,0.047956,0.038876,0.076710,0.340114,1.443701,0.258517,1.439375,0.031758,0.104276
652,3,0.047115,0.045107,0.233323,0.223669,1.496869,0.174437,1.470286,0.155949,0.142776
410,1,0.055550,0.037570,0.306281,0.295991,1.320032,0.014038,1.305994,0.145114,0.176138
507,3,0.058443,0.035012,0.374572,0.427557,1.448511,0.130281,1.562801,0.176274,0.147455
535,2,0.051238,0.040067,0.376960,0.409814,1.322848,0.035928,1.286920,0.200010,0.124260
670,2,0.049089,0.041697,0.280370,0.181134,1.443759,0.099652,1.543411,0.115426,0.160622
263,0,0.055687,0.036704,0.271778,0.095532,1.119081,0.492353,1.530159,0.194278,0.007070
791,2,0.054478,0.036389,0.419073,0.112438,1.111655,0.205792,1.317447,0.177559,0.147603
673,2,0.047115,0.041697,0.354192,0.282512,1.423744,0.174437,1.543411,0.119261,0.059285
715,2,0.049089,0.040028,0.210005,0.164786,1.447208,0.099652,1.546861,0.185425,0.155244
638,2,0.054478,0.035628,0.484745,0.225007,1.169955,0.205792,1.375747,0.113282,0.157696
355,1,0.051536,0.037570,0.338763,0.382698,1.193551,0.112442,1.305994,0.175408,0.092461
467,2,0.049089,0.038903,0.461633,0.465989,1.515294,0.099652,1.415642,0.064894,0.174478
718,2,0.047115,0.040028,0.284045,0.251544,1.420294,0.174437,1.546861,0.188321,0.068514
681,2,0.047115,0.040023,0.342828,0.260899,1.378574,0.174437,1.553011,0.130449,0.060780
790,2,0.051238,0.036389,0.012857,0.147987,1.281518,0.035928,1.317447,0.189499,0.113199
832,3,0.047115,0.039206,0.403007,0.057297,1.216465,0.174437,1.390902,0.011105,0.165099
624,3,0.049089,0.037570,0.380377,0.306294,1.405646,0.099652,1.305994,0.078439,0.106365
625,3,0.049025,0.037570,0.430297,0.310637,1.344822,0.038829,1.305994,0.079956,0.102174
607,3,0.047115,0.038876,0.369660,0.283179,1.264938,0.174437,1.439375,0.021725,0.160712
636,2,0.051238,0.035628,0.052160,0.268491,1.339819,0.035928,1.375747,0.124564,0.115043
350,1,0.051536,0.035012,0.006714,0.168305,1.450358,0.112442,1.562801,0.167849,0.121702
623,3,0.047956,0.037570,0.030935,0.299273,1.564511,0.258517,1.305994,0.075986,0.113141
788,2,0.049089,0.036389,0.220867,0.103685,1.217794,0.099652,1.317447,0.174620,0.156074
789,2,0.049025,0.036389,0.154514,0.139704,1.278618,0.038829,1.317447,0.186717,0.121216
626,3,0.047115,0.037570,0.330126,0.255368,1.131557,0.174437,1.305994,0.060646,0.155511
634,2,0.049089,0.035628,0.283365,0.221790,1.276094,0.099652,1.375747,0.112447,0.160851
635,2,0.049025,0.035628,0.218863,0.260227,1.336918,0.038829,1.375747,0.122419,0.123149
849,3,0.047115,0.036817,0.399121,0.029575,1.297320,0.174437,1.471757,0.007278,0.164588
637,2,0.047115,0.035628,0.334521,0.322697,1.550184,0.174437,1.375747,0.138627,0.061873
512,3,0.047115,0.035012,0.212577,0.434965,1.388363,0.174437,1.562801,0.176373,0.140047
