0,0,0.592665,0.736311,0.073042,0.023643,1.534773,0.040183,1.566636,0.066843,0.023607
12,0,0.136549,0.736311,0.223161,0.011698,1.535506,0.031129,1.566636,0.067078,0.011682
26,0,0.263319,0.736311,0.378559,0.169476,1.560006,0.006630,1.566636,0.068132,0.169490
22,0,0.046691,0.736311,0.672218,0.139317,1.554203,0.020753,1.566636,0.067930,0.139330
13,0,0.204852,0.736311,0.152692,0.064547,1.544175,0.022461,1.566636,0.067431,0.064558
21,0,0.055025,0.736311,0.160528,0.132477,1.546938,0.028019,1.566636,0.067885,0.132491
14,0,0.166727,0.736311,0.380900,0.092336,1.546438,0.028519,1.566636,0.067617,0.092349
52,0,0.643369,0.037485,0.105700,0.508649,1.551633,0.047044,1.542915,0.096448,0.172818
44,0,0.832715,0.037485,0.148645,0.557166,1.549491,0.049186,1.542915,0.098309,0.124321
25,0,0.063349,0.736311,0.310468,0.173935,1.534983,0.039973,1.566636,0.068162,0.173949
53,0,0.643369,0.049978,0.177399,0.532171,1.539710,0.047044,1.554839,0.168067,0.175418
45,0,0.832715,0.049978,0.219621,0.580613,1.537568,0.049186,1.554839,0.169199,0.126984
16,0,0.138227,0.736311,0.271151,0.076019,1.526858,0.039778,1.566636,0.067508,0.076031
9,0,0.582678,0.736311,0.096343,0.030962,1.516407,0.058550,1.566636,0.067207,0.030967
18,0,0.269957,0.736311,0.211196,0.087712,1.522200,0.044436,1.566636,0.067586,0.087725
detect: detect.cpp:156: int main(int, char**): アサーション `!inters_rt.empty()' に失敗しました。
Aborted (core dumped)
