102,2,0.754648,0.822508,0.002281,0.001147,1.556955,0.057865,1.499090,0.043237,0.064128
87,0,0.113871,0.822508,0.006572,0.001637,1.554372,0.088131,1.499090,0.123640,0.014935
43,3,0.754648,0.888473,0.020454,0.000890,1.561004,0.057865,1.503139,0.085135,0.029328
513,3,0.754648,0.126634,0.108982,0.449805,1.532480,0.057865,1.551248,0.003243,0.025342
211,0,0.439043,0.176708,0.331438,0.386831,1.542565,0.072929,1.526098,0.041836,0.011882
624,3,0.754648,0.081656,0.070683,0.379640,1.528862,0.057865,1.554865,0.034988,0.027066
836,3,0.754648,0.055019,0.051502,0.085616,1.558418,0.057865,1.525309,0.054136,0.027930
839,3,0.754648,0.125240,0.039038,0.041979,1.567070,0.057865,1.516657,0.066579,0.028491
617,2,0.754648,0.176708,0.048819,0.258995,1.557629,0.057865,1.526098,0.007548,0.066419
162,1,0.439043,0.292372,0.099411,0.026351,1.562471,0.072929,1.506192,0.009240,0.061145
31,1,0.439043,0.888473,0.078964,0.076782,1.565525,0.072929,1.503139,0.011149,0.059987
195,1,0.439043,0.126634,0.116976,0.236271,1.517416,0.072929,1.551248,0.026755,0.062139
603,2,0.754648,0.116797,0.009440,0.339627,1.545410,0.057865,1.538318,0.050548,0.063799
843,3,0.754648,0.139951,0.007436,0.074908,1.539897,0.057865,1.543831,0.098150,0.029915
209,0,0.439043,0.116797,0.286015,0.365783,1.530346,0.072929,1.538318,0.087131,0.014455
198,1,0.439043,0.302157,0.059052,0.218786,1.561990,0.072929,1.489061,0.031005,0.058859
197,1,0.439043,0.155204,0.041035,0.219395,1.567504,0.072929,1.501160,0.048971,0.057839
165,1,0.439043,0.095131,0.038275,0.003904,1.555578,0.072929,1.513086,0.051723,0.057682
69,1,0.439043,0.140975,0.095469,0.064635,1.539517,0.072929,1.466588,0.005309,0.060921
814,3,0.754648,0.036667,0.033385,0.134588,1.512931,0.057865,1.570796,0.072222,0.028745
11,1,0.439043,0.545919,0.017124,0.093331,1.562966,0.072929,1.505698,0.072814,0.056485
669,2,0.754648,0.067452,0.007090,0.291981,1.537922,0.057865,1.480057,0.048185,0.063905
557,2,0.754648,0.036654,0.041422,0.482276,1.505983,0.057865,1.563848,0.000162,0.066086
101,2,0.082247,0.822508,0.181604,0.008883,1.514533,0.015443,1.499090,0.044015,0.072077
801,2,0.754648,0.108794,0.001307,0.061113,1.534378,0.057865,1.476512,0.042053,0.064182
44,3,0.060551,0.888473,0.057208,0.013828,1.549773,0.088680,1.503139,0.083795,0.044011
89,0,0.439043,0.822508,0.249557,0.000601,1.569574,0.072929,1.499090,0.123485,0.016519
845,3,0.754648,0.042145,0.060121,0.012841,1.519464,0.057865,1.461599,0.045531,0.027542
33,1,0.053701,0.888473,0.422743,0.048156,1.082994,0.420145,1.503139,0.000226,0.064653
47,1,0.439043,0.620150,0.002426,0.076101,1.567806,0.072929,1.494877,0.087485,0.055651
523,3,0.754648,0.155204,0.019302,0.438437,1.559025,0.057865,1.501160,0.124794,0.031116
32,1,0.066007,0.888473,0.381660,0.009914,1.204269,0.298870,1.503139,0.003257,0.026484
212,1,0.439043,0.081656,0.073211,0.352096,1.513798,0.072929,1.554865,0.016885,0.059661
166,1,0.439043,0.312290,0.037015,0.003328,1.570245,0.072929,1.497316,0.126796,0.053419
533,3,0.754648,0.302157,0.015679,0.292063,1.546927,0.057865,1.489061,0.121176,0.030953
203,0,0.439043,0.036654,0.382764,0.306038,1.490919,0.072929,1.563848,0.009344,0.008976
177,1,0.439043,0.053435,0.085113,0.051469,1.551696,0.072929,1.516968,0.005017,0.060335
823,3,0.754648,0.043746,0.000718,0.116700,1.542649,0.057865,1.484784,0.105350,0.030239
730,3,0.754648,0.078964,0.021003,0.270996,1.512865,0.057865,1.455000,0.084587,0.029303
752,3,0.754648,0.060091,0.084313,0.263034,1.566243,0.057865,1.508378,0.189699,0.034044
25,3,0.754648,0.545919,0.039604,0.360695,1.563563,0.057865,1.505698,0.145067,0.032031
129,0,0.113871,0.176708,0.088524,0.389236,1.527364,0.088131,1.526098,0.041981,0.009479
201,1,0.439043,0.036770,0.140558,0.233418,1.537519,0.072929,1.531144,0.050270,0.063475
39,3,0.051156,0.888473,0.365386,0.095400,1.558525,0.055387,1.503139,0.076368,0.125392
367,2,0.754648,0.269206,0.059437,0.465358,1.543957,0.057865,1.486092,0.100496,0.061546
506,3,0.754648,0.123504,0.083582,0.485526,1.560172,0.057865,1.502307,0.188968,0.034011
655,3,0.754648,0.040139,0.006490,0.360838,1.543077,0.057865,1.485212,0.111982,0.030539
96,2,0.051156,0.822508,0.355866,0.095893,1.554476,0.055387,1.499090,0.052517,0.158881
194,1,0.439043,0.123504,0.023256,0.204755,1.566357,0.072929,1.502307,0.113075,0.054198
202,1,0.439043,0.036699,0.111281,0.250042,1.526618,0.072929,1.542046,0.021075,0.061817
24,3,0.082247,0.545919,0.449903,0.330117,1.521141,0.015443,1.505698,0.142350,0.062541
62,3,0.754648,0.620150,0.065123,0.269509,1.552742,0.057865,1.494877,0.170543,0.033180
17,3,0.122718,0.545919,0.264465,0.247094,1.561730,0.074165,1.505698,0.134975,0.145379
38,3,0.055548,0.888473,0.190472,0.133376,1.519619,0.016480,1.503139,0.072910,0.163279
37,3,0.122718,0.888473,0.324756,0.112011,1.564289,0.074165,1.503139,0.074855,0.141965
95,2,0.122718,0.822508,0.324732,0.122779,1.568338,0.074165,1.499090,0.055143,0.185695
176,0,0.439043,0.137935,0.200954,0.092743,1.569885,0.072929,1.496956,0.171950,0.019272
54,3,0.122718,0.620150,0.240456,0.155615,1.569042,0.074165,1.494877,0.158915,0.146739
168,1,0.439043,0.081734,0.023293,0.022564,1.535565,0.072929,1.533098,0.113112,0.054196
172,0,0.439043,0.100092,0.238773,0.073154,1.568313,0.072929,1.495384,0.134237,0.017130
34,1,0.062236,0.888473,0.126835,0.159877,1.510036,0.006897,1.503139,0.018715,0.142889
222,1,0.439043,0.078964,0.131357,0.463265,1.527929,0.072929,1.455000,0.041094,0.062954
696,2,0.754648,0.041689,0.094116,0.300049,1.530426,0.057865,1.553301,0.135116,0.059985
616,2,0.082247,0.176708,0.232793,0.252646,1.541541,0.015443,1.526098,0.007167,0.072761
175,0,0.439043,0.269206,0.177675,0.086376,1.559021,0.072929,1.486092,0.195163,0.020590
56,3,0.051156,0.620150,0.280887,0.173351,1.550264,0.055387,1.494877,0.160725,0.129055
61,3,0.082247,0.620150,0.424748,0.239724,1.510320,0.015443,1.494877,0.167502,0.062877
214,1,0.439043,0.040139,0.071853,0.411947,1.558141,0.072929,1.485212,0.018240,0.059584
593,3,0.754648,0.040128,0.160881,0.481489,1.406777,0.057865,1.464642,0.055049,0.023005
223,1,0.439043,0.125546,0.036407,0.478333,1.559881,0.072929,1.486952,0.126189,0.053453
778,3,0.754648,0.040014,0.047917,0.237593,1.522240,0.057865,1.561488,0.153366,0.032405
35,1,0.075848,0.888473,0.196278,0.213771,1.546419,0.092034,1.503139,0.023622,0.196658
185,1,0.439043,0.048304,0.025835,0.103119,1.532450,0.072929,1.536213,0.064128,0.056978
93,0,0.075848,0.822508,0.496492,0.126857,1.550468,0.092034,1.499090,0.111100,0.142969
51,1,0.075848,0.620150,0.118197,0.212052,1.554681,0.092034,1.494877,0.101364,0.191203
63,3,0.060551,0.620150,0.028190,0.252804,1.558035,0.088680,1.494877,0.168837,0.049835
19,3,0.051156,0.545919,0.305131,0.264508,1.561085,0.055387,1.505698,0.136522,0.128004
55,3,0.055548,0.620150,0.106263,0.137897,1.511357,0.016480,1.494877,0.157106,0.164405
15,1,0.075848,0.545919,0.134721,0.229501,1.543860,0.092034,1.505698,0.084912,0.192358
50,1,0.062236,0.620150,0.049183,0.163075,1.501774,0.006897,1.494877,0.096364,0.142370
608,3,0.754648,0.039548,0.210380,0.447531,1.316261,0.057865,1.374126,0.104459,0.020777
18,3,0.055548,0.545919,0.130064,0.228345,1.522178,0.016480,1.505698,0.133309,0.164087
99,2,0.050136,0.822508,0.479763,0.033024,1.277495,0.221595,1.499090,0.039926,0.030321
742,2,0.754648,0.038337,0.063866,0.258082,1.543736,0.057865,1.485871,0.104917,0.061347
189,1,0.439043,0.113636,0.045035,0.171004,1.562183,0.072929,1.489254,0.134793,0.052965
14,1,0.062236,0.545919,0.065076,0.179509,1.512595,0.006897,1.505698,0.080471,0.142476
49,1,0.053701,0.620150,0.337167,0.018216,1.074732,0.420145,1.494877,0.077856,0.038387
48,1,0.066007,0.620150,0.300360,0.011812,1.196007,0.298870,1.494877,0.080921,0.008452
12,1,0.066007,0.545919,0.315206,0.024977,1.206828,0.298870,1.505698,0.066740,0.011744
36,1,0.053509,0.888473,0.140850,0.209979,1.536990,0.101463,1.503139,0.023277,0.192874
169,1,0.439043,0.045027,0.014049,0.027073,1.547967,0.072929,1.520697,0.103893,0.054720
706,2,0.754648,0.045118,0.108634,0.296895,1.539968,0.057865,1.482102,0.149608,0.059331
13,1,0.053701,0.545919,0.352406,0.006592,1.085553,0.420145,1.505698,0.063951,0.043064
88,0,0.194200,0.822508,0.030273,0.007650,1.049331,0.593172,1.499090,0.124236,0.008849
97,2,0.054958,0.822508,0.360714,0.022667,1.229480,0.269610,1.499090,0.040938,0.040654
26,3,0.060551,0.545919,0.002891,0.344581,1.547214,0.088680,1.505698,0.143635,0.048109
103,0,0.113871,0.045123,0.015052,0.003595,1.561475,0.088131,1.491987,0.145131,0.016371
829,3,0.754648,0.039598,0.073143,0.128948,1.270666,0.057865,1.212800,0.032532,0.026955
52,1,0.053509,0.620150,0.062796,0.207744,1.545252,0.101463,1.494877,0.100924,0.186907
556,2,0.082247,0.036654,0.225861,0.475693,1.548405,0.015443,1.563848,0.000236,0.072668
180,0,0.439043,0.041955,0.381332,0.120421,1.502162,0.072929,1.429233,0.007916,0.009057
573,2,0.754648,0.067666,0.102602,0.426071,1.435421,0.057865,1.377556,0.061239,0.068840
221,1,0.439043,0.036816,0.051736,0.463953,1.542109,0.072929,1.469180,0.038300,0.058445
284,3,0.122718,0.312290,0.204130,0.384078,1.570112,0.074165,1.497316,0.195137,0.148796
602,2,0.082247,0.116797,0.174706,0.331437,1.553761,0.015443,1.538318,0.050912,0.071985
225,1,0.066007,0.292372,0.403139,0.066240,1.207323,0.298870,1.506192,0.017261,0.031248
514,3,0.060551,0.126634,0.144976,0.437119,1.501665,0.088680,1.551248,0.003610,0.038025
230,3,0.122718,0.292372,0.348305,0.433679,1.561235,0.074165,1.506192,0.051374,0.140631
806,3,0.754648,0.037914,0.067442,0.173241,1.324035,0.057865,1.266169,0.038223,0.027212
73,1,0.439043,0.121608,0.047307,0.056135,1.485658,0.072929,1.558587,0.137058,0.052836
94,2,0.051146,0.822508,0.196813,0.125518,1.478549,0.020540,1.499090,0.055411,0.188427
226,1,0.053701,0.292372,0.445248,0.106638,1.086048,0.420145,1.506192,0.020761,0.071561
525,3,0.122718,0.302157,0.290908,0.178742,1.563226,0.074165,1.489061,0.108607,0.143882
174,0,0.439043,0.086626,0.231428,0.085804,1.493568,0.072929,1.566497,0.141562,0.017546
128,0,0.113871,0.116797,0.043111,0.367738,1.515144,0.088131,1.538318,0.087218,0.012502
791,3,0.754648,0.040586,0.049247,0.187335,1.290397,0.057865,1.232532,0.056386,0.028031
224,1,0.439043,0.060091,0.031201,0.490718,1.560286,0.072929,1.508378,0.120998,0.053748
164,1,0.439043,0.042173,0.119015,0.022406,1.518705,0.072929,1.445776,0.028787,0.062255
564,3,0.754648,0.079156,0.019049,0.458380,1.448552,0.057865,1.390687,0.086538,0.029391
16,1,0.053509,0.545919,0.079267,0.225300,1.534431,0.101463,1.505698,0.084539,0.188166
646,3,0.754648,0.035581,0.055016,0.382016,1.272556,0.057865,1.330421,0.050627,0.027771
722,3,0.754648,0.036816,0.044535,0.312858,1.527045,0.057865,1.469180,0.149990,0.032253
257,1,0.066007,0.302157,0.362050,0.300061,1.190192,0.298870,1.489061,0.021990,0.022134
40,3,0.057818,0.888473,0.438239,0.095438,1.473074,0.030064,1.503139,0.076364,0.125430
842,3,0.082247,0.139951,0.495322,0.106939,1.559274,0.015443,1.543831,0.096939,0.061934
307,1,0.053701,0.302157,0.402836,0.336597,1.068917,0.420145,1.489061,0.017938,0.058543
786,2,0.754648,0.047403,0.132381,0.166021,1.442491,0.057865,1.384626,0.090965,0.070181
125,0,0.113871,0.036654,0.140084,0.308966,1.475717,0.088131,1.563848,0.009376,0.006048
213,0,0.439043,0.037249,0.472256,0.436146,1.286592,0.072929,1.359520,0.098581,0.003908
219,1,0.439043,0.051875,0.059807,0.462097,1.558482,0.072929,1.510182,0.149522,0.052128
216,0,0.439043,0.067452,0.224621,0.462172,1.552986,0.072929,1.480057,0.148350,0.017932
359,2,0.122718,0.269206,0.265229,0.344124,1.560257,0.074165,1.486092,0.114476,0.182326
98,2,0.057818,0.822508,0.280514,0.044155,1.469025,0.030064,1.499090,0.047463,0.107279
187,0,0.439043,0.165597,0.262497,0.177123,1.286483,0.072929,1.213554,0.110581,0.015787
840,3,0.060551,0.125240,0.075548,0.056269,1.536255,0.088680,1.516657,0.065531,0.042760
678,2,0.754648,0.042910,0.012053,0.317039,1.491019,0.057865,1.433154,0.053166,0.063681
769,2,0.754648,0.038906,0.116558,0.238718,1.467700,0.057865,1.409835,0.075170,0.069469
135,0,0.439043,0.045123,0.227996,0.002222,1.564916,0.072929,1.491987,0.144985,0.017740
178,0,0.439043,0.076763,0.245245,0.098252,1.474496,0.072929,1.547425,0.127785,0.016764
53,3,0.051146,0.620150,0.443337,0.102226,1.474337,0.020540,1.494877,0.153464,0.199972
66,0,0.439043,0.040993,0.351537,0.019105,1.189938,0.072929,1.117009,0.021795,0.010744
21,3,0.057818,0.545919,0.377698,0.268506,1.475634,0.030064,1.505698,0.136877,0.124015
232,3,0.051156,0.292372,0.389008,0.449977,1.561579,0.055387,1.506192,0.052785,0.124367
837,3,0.060551,0.055019,0.087866,0.071611,1.527603,0.088680,1.525309,0.053264,0.041920
625,3,0.060551,0.081656,0.106521,0.366057,1.498047,0.088680,1.554865,0.034686,0.040648
111,0,0.113871,0.269206,0.065371,0.087249,1.567369,0.088131,1.486092,0.195263,0.019721
286,3,0.051156,0.312290,0.244635,0.402296,1.552703,0.055387,1.497316,0.196917,0.130627
231,3,0.055548,0.292372,0.213951,0.411297,1.522672,0.016480,1.506192,0.049435,0.162966
163,0,0.439043,0.038362,0.183134,0.021459,1.521887,0.072929,1.546777,0.189719,0.020281
70,1,0.066007,0.140975,0.404416,0.028389,1.167718,0.298870,1.466588,0.018480,0.031531
58,3,0.057818,0.620150,0.353264,0.178979,1.464813,0.030064,1.494877,0.161300,0.123444
611,2,0.122718,0.176708,0.380224,0.136451,1.541330,0.074165,1.526098,0.000190,0.188838
170,0,0.439043,0.043461,0.333254,0.081279,1.076633,0.072929,1.003705,0.040026,0.011779
255,1,0.066007,0.126634,0.415993,0.332532,1.252378,0.298870,1.551248,0.029540,0.034099
218,0,0.439043,0.041689,0.215885,0.480016,1.515362,0.072929,1.553301,0.157061,0.018426
329,0,0.136990,0.269206,0.021369,0.002210,1.233293,0.422208,1.486092,0.185456,0.104447
227,1,0.062236,0.292372,0.147682,0.108406,1.513090,0.006897,1.506192,0.002132,0.143028
409,1,0.062236,0.126634,0.169961,0.155214,1.558145,0.006897,1.551248,0.024410,0.143177
534,3,0.060551,0.302157,0.021405,0.276509,1.563851,0.088680,1.489061,0.119451,0.046453
281,1,0.075848,0.312290,0.079368,0.132139,1.552242,0.092034,1.497316,0.140025,0.188491
509,3,0.055548,0.126634,0.270598,0.312906,1.567728,0.016480,1.551248,0.007204,0.162209
134,0,0.194200,0.045123,0.005501,0.000712,1.056434,0.593172,1.491987,0.144823,0.019252
144,0,0.194200,0.041955,0.175578,0.182147,1.119187,0.593172,1.429233,0.003724,0.052049
285,3,0.055548,0.312290,0.069802,0.367939,1.513796,0.016480,1.497316,0.193561,0.164892
305,1,0.053701,0.126634,0.456165,0.373354,1.131103,0.420145,1.551248,0.030721,0.074912
532,3,0.082247,0.302157,0.474561,0.260696,1.504504,0.015443,1.489061,0.117697,0.062211
228,1,0.075848,0.292372,0.217340,0.163623,1.543366,0.092034,1.506192,0.002652,0.198129
42,3,0.067244,0.888473,0.358963,0.033158,1.486163,0.152290,1.503139,0.082035,0.063295
527,3,0.051156,0.302157,0.331196,0.195809,1.544448,0.055387,1.489061,0.110500,0.126874
115,0,0.113871,0.041955,0.138067,0.123325,1.517364,0.088131,1.429233,0.007368,0.006182
167,0,0.439043,0.040585,0.323925,0.059886,1.301159,0.072929,1.228230,0.049328,0.012308
7,1,0.066007,0.086922,0.426655,0.010212,1.197487,0.298870,1.496356,0.039725,0.036464
443,1,0.075848,0.302157,0.173637,0.082096,1.560497,0.092034,1.489061,0.046165,0.195076
280,1,0.062236,0.312290,0.010065,0.085633,1.504213,0.006897,1.497316,0.135482,0.142109
515,3,0.122718,0.155204,0.285276,0.325075,1.566268,0.074165,1.501160,0.114222,0.144200
419,1,0.062236,0.081656,0.126811,0.268857,1.561762,0.006897,1.554865,0.018738,0.142889
204,1,0.439043,0.079156,0.200581,0.279624,1.463615,0.072929,1.390687,0.110121,0.066874
612,2,0.051156,0.176708,0.410323,0.164075,1.560108,0.055387,1.526098,0.001849,0.161242
619,3,0.055548,0.081656,0.231420,0.243957,1.570247,0.016480,1.554865,0.031968,0.162732
8,1,0.053701,0.086922,0.470854,0.033148,1.076211,0.420145,1.496356,0.044124,0.079420
361,2,0.051156,0.269206,0.296818,0.370227,1.541479,0.055387,1.486092,0.111466,0.156321
181,0,0.439043,0.051120,0.299959,0.126410,1.326836,0.072929,1.253907,0.073226,0.013665
554,2,0.057818,0.036654,0.328607,0.442205,1.547680,0.030064,1.563848,0.000608,0.106155
777,3,0.082247,0.040014,0.439290,0.207314,1.564662,0.015443,1.561488,0.152962,0.062683
695,2,0.082247,0.041689,0.090203,0.289175,1.568744,0.015443,1.553301,0.135406,0.070856
846,3,0.060551,0.042145,0.097651,0.026630,1.550279,0.088680,1.461599,0.043519,0.041253
357,0,0.075848,0.269206,0.426855,0.041345,1.563466,0.092034,1.486092,0.180434,0.147833
235,1,0.066007,0.042173,0.432934,0.078513,1.146906,0.298870,1.445776,0.045723,0.037856
371,2,0.122718,0.137935,0.277677,0.468986,1.570472,0.074165,1.496956,0.102064,0.183031
366,2,0.082247,0.269206,0.123986,0.455560,1.501535,0.015443,1.486092,0.101626,0.071307
306,1,0.053701,0.155204,0.380032,0.329046,1.081015,0.420145,1.501160,0.038745,0.051544
247,1,0.066007,0.042823,0.460828,0.181148,1.071958,0.298870,1.370827,0.072369,0.044043
429,1,0.062236,0.040014,0.001880,0.447971,1.568385,0.006897,1.561488,0.143676,0.142054
260,1,0.066007,0.036770,0.443726,0.337232,1.232275,0.298870,1.531144,0.056032,0.040250
71,1,0.066007,0.060019,0.399009,0.025432,1.311763,0.298870,1.530960,0.013315,0.030332
183,0,0.439043,0.044872,0.302329,0.130357,1.277711,0.072929,1.204782,0.070862,0.013531
109,0,0.113871,0.100092,0.004304,0.074635,1.558077,0.088131,1.495384,0.134389,0.015653
526,3,0.055548,0.302157,0.156978,0.158828,1.505541,0.016480,1.489061,0.106398,0.163727
498,3,0.122718,0.123504,0.220989,0.371416,1.565121,0.074165,1.502307,0.178327,0.147841
771,3,0.055548,0.040014,0.111766,0.105660,1.563625,0.016480,1.561488,0.151604,0.164331
689,2,0.055548,0.041689,0.443059,0.187525,1.569781,0.016480,1.553301,0.138121,0.172486
318,1,0.062236,0.081734,0.027927,0.065544,1.539995,0.006897,1.533098,0.117619,0.142228
596,2,0.122718,0.116797,0.323901,0.217711,1.529110,0.074165,1.538318,0.055972,0.185648
264,1,0.066007,0.046096,0.480627,0.407253,1.060984,0.298870,1.359854,0.091283,0.048434
844,3,0.060551,0.139951,0.043365,0.089954,1.509081,0.088680,1.543831,0.097581,0.044955
72,1,0.053701,0.060019,0.434774,0.063468,1.190488,0.420145,1.530960,0.011203,0.068346
261,1,0.066007,0.036699,0.411110,0.344915,1.243176,0.298870,1.542046,0.024875,0.033016
256,1,0.066007,0.155204,0.341180,0.294924,1.202290,0.298870,1.501160,0.041927,0.017506
184,1,0.439043,0.053437,0.082522,0.075083,1.437375,0.072929,1.510304,0.007602,0.060188
206,1,0.439043,0.046096,0.149374,0.292276,1.432782,0.072929,1.359854,0.059060,0.063974
173,1,0.439043,0.043362,0.094464,0.035892,1.446545,0.072929,1.519473,0.004307,0.060864
45,1,0.066007,0.040138,0.402517,0.004444,1.359041,0.298870,1.483681,0.016667,0.031110
597,2,0.051156,0.116797,0.353603,0.244591,1.547888,0.055387,1.538318,0.054776,0.158783
809,3,0.055548,0.036667,0.191160,0.000063,1.554316,0.016480,1.570796,0.072222,0.163270
313,1,0.053701,0.081656,0.406903,0.471564,1.134721,0.420145,1.554865,0.014227,0.059791
551,2,0.051146,0.036654,0.253751,0.360881,1.557204,0.020540,1.563848,0.001513,0.187477
182,1,0.439043,0.042823,0.133597,0.071834,1.443756,0.072929,1.370827,0.043328,0.063081
510,3,0.051156,0.126634,0.447926,0.353312,1.534958,0.055387,1.551248,0.006035,0.121813
245,1,0.066007,0.053435,0.386787,0.139562,1.218098,0.298870,1.516968,0.001640,0.027621
297,1,0.053701,0.053435,0.427485,0.178111,1.096823,0.420145,1.516968,0.004552,0.066109
269,1,0.066007,0.081656,0.369338,0.435519,1.255996,0.298870,1.554865,0.015029,0.023751
310,1,0.053701,0.036699,0.451535,0.385408,1.121901,0.420145,1.542046,0.026497,0.073491
508,3,0.122718,0.126634,0.406328,0.337776,1.516180,0.074165,1.551248,0.006484,0.137345
547,3,0.055548,0.036699,0.257391,0.389371,1.558526,0.016480,1.542046,0.006002,0.162385
411,1,0.062236,0.302157,0.105208,0.134609,1.495959,0.006897,1.489061,0.040341,0.142745
282,1,0.053509,0.312290,0.023939,0.127573,1.542813,0.101463,1.497316,0.139579,0.183937
46,1,0.053701,0.040138,0.435915,0.042161,1.237767,0.420145,1.483681,0.012245,0.068696
414,1,0.062236,0.036699,0.163368,0.168691,1.548943,0.006897,1.542046,0.017817,0.143133
522,3,0.082247,0.155204,0.470374,0.407210,1.516603,0.015443,1.501160,0.121882,0.062267
517,3,0.051156,0.155204,0.325867,0.342213,1.556546,0.055387,1.501160,0.115821,0.127105
403,1,0.062236,0.048304,0.077229,0.017503,1.543110,0.006897,1.536213,0.068319,0.142558
309,1,0.053701,0.036770,0.486585,0.381269,1.111000,0.420145,1.531144,0.058477,0.084249
65,0,0.194200,0.040993,0.122231,0.025889,1.431411,0.593172,1.117009,0.047967,0.029692
241,1,0.066007,0.043362,0.383252,0.123708,1.323249,0.298870,1.519473,0.001737,0.026837
294,1,0.053701,0.043362,0.417849,0.160071,1.201974,0.420145,1.519473,0.004240,0.063151
614,2,0.057818,0.176708,0.333167,0.219325,1.496034,0.030064,1.526098,0.005166,0.106048
613,2,0.054958,0.176708,0.413311,0.295376,1.256488,0.269610,1.526098,0.009732,0.030074
229,1,0.053509,0.292372,0.161901,0.159969,1.533937,0.101463,1.506192,0.002335,0.194483
473,1,0.053509,0.302157,0.118281,0.086037,1.551068,0.101463,1.489061,0.045728,0.191149
811,3,0.057818,0.036667,0.442383,0.037806,1.540732,0.030064,1.570796,0.072222,0.125527
621,3,0.057818,0.081656,0.481848,0.280244,1.524801,0.030064,1.554865,0.032776,0.126450
595,2,0.051146,0.116797,0.196127,0.214919,1.517777,0.020540,1.538318,0.056096,0.188439
248,1,0.066007,0.053437,0.369874,0.159295,1.332419,0.298870,1.510304,0.014517,0.023870
112,0,0.113871,0.137935,0.042078,0.093847,1.556506,0.088131,1.496956,0.172060,0.018170
298,1,0.053701,0.053437,0.403442,0.194219,1.211144,0.420145,1.510304,0.017385,0.058729
543,3,0.055548,0.036770,0.276199,0.404792,1.547624,0.016480,1.531144,0.012804,0.162134
832,3,0.055548,0.055019,0.217664,0.049536,1.541789,0.016480,1.525309,0.045723,0.162916
270,1,0.066007,0.040139,0.376260,0.497137,1.186342,0.298870,1.485212,0.008416,0.025286
130,0,0.113871,0.037249,0.230762,0.440130,1.271390,0.088131,1.359520,0.099698,0.000013
360,2,0.055548,0.269206,0.467808,0.353669,1.502572,0.016480,1.486092,0.113376,0.172817
610,2,0.051146,0.176708,0.252509,0.137793,1.505558,0.020540,1.526098,0.000271,0.187497
78,0,0.439043,0.043291,0.287874,0.013226,1.292915,0.072929,1.219986,0.085277,0.014349
500,3,0.051156,0.123504,0.261575,0.389409,1.557693,0.055387,1.502307,0.180004,0.129893
505,3,0.082247,0.123504,0.406000,0.456338,1.517750,0.015443,1.502307,0.186246,0.063127
413,1,0.062236,0.036770,0.191386,0.153505,1.538041,0.006897,1.531144,0.045834,0.143320
687,2,0.051146,0.041689,0.113620,0.170190,1.532761,0.020540,1.553301,0.138583,0.189817
220,1,0.439043,0.037006,0.024651,0.462472,1.506360,0.072929,1.433432,0.065308,0.056911
373,2,0.051156,0.137935,0.308864,0.495247,1.552342,0.055387,1.496956,0.099441,0.156843
60,3,0.067244,0.620150,0.273544,0.229545,1.494425,0.152290,1.494877,0.166463,0.073026
91,0,0.136990,0.822508,0.096289,0.065116,1.220295,0.422208,1.499090,0.117131,0.081393
41,3,0.050136,0.888473,0.277432,0.134555,1.281544,0.221595,1.503139,0.072802,0.164456
100,2,0.067244,0.822508,0.348949,0.088592,1.490212,0.152290,1.499090,0.051804,0.151600
92,0,0.055733,0.822508,0.155964,0.055393,1.231315,0.411188,1.499090,0.118081,0.071695
90,0,0.066007,0.822508,0.376121,0.140154,1.200220,0.298870,1.499090,0.109802,0.156230
277,1,0.053701,0.095131,0.375003,0.111769,1.092941,0.420145,1.513086,0.043333,0.050000
774,3,0.057818,0.040014,0.362421,0.146335,1.531423,0.030064,1.561488,0.152147,0.123658
516,3,0.055548,0.155204,0.150986,0.305421,1.517640,0.016480,1.501160,0.112389,0.163807
524,3,0.060551,0.155204,0.017503,0.422796,1.551752,0.088680,1.501160,0.123336,0.046719
800,2,0.082247,0.108794,0.182563,0.053170,1.491955,0.015443,1.476512,0.043057,0.072090
638,2,0.754648,0.050137,0.229666,0.336980,1.263062,0.057865,1.205197,0.188076,0.074561
159,0,0.439043,0.047726,0.280901,0.013648,1.210799,0.072929,1.137870,0.092230,0.014744
620,3,0.051156,0.081656,0.408985,0.283193,1.531340,0.055387,1.554865,0.032842,0.123501
6,1,0.053701,0.038357,0.397634,0.007212,1.081260,0.420145,1.501404,0.022684,0.056946
833,3,0.051156,0.055019,0.393663,0.010782,1.560897,0.055387,1.525309,0.048138,0.124166
404,1,0.062236,0.041700,0.012408,0.033119,1.527514,0.006897,1.534411,0.157950,0.141959
4,1,0.053701,0.063391,0.382260,0.002230,1.165413,0.420145,1.556035,0.036711,0.052228
278,1,0.062236,0.095131,0.087208,0.081184,1.519983,0.006897,1.513086,0.058340,0.142624
831,3,0.122718,0.055019,0.352564,0.026994,1.542119,0.074165,1.525309,0.047127,0.140390
744,3,0.122718,0.060091,0.219245,0.148909,1.559050,0.074165,1.508378,0.180065,0.147940
599,2,0.057818,0.116797,0.275487,0.296005,1.508253,0.030064,1.538318,0.052488,0.107397
236,1,0.066007,0.095131,0.336982,0.078286,1.214216,0.298870,1.513086,0.045937,0.016574
569,2,0.054958,0.067666,0.481048,0.479467,1.107945,0.269610,1.377556,0.074987,0.016449
410,1,0.062236,0.155204,0.088650,0.134392,1.508057,0.006897,1.501160,0.056898,0.142634
3,1,0.066007,0.063391,0.347340,0.031171,1.286688,0.298870,1.556035,0.036043,0.018872
499,3,0.055548,0.123504,0.086612,0.354549,1.518787,0.016480,1.502307,0.176753,0.164667
544,3,0.051156,0.036770,0.452452,0.445344,1.555061,0.055387,1.531144,0.010553,0.121617
5,1,0.066007,0.038357,0.357826,0.028790,1.202535,0.298870,1.501404,0.026026,0.021197
692,2,0.057818,0.041689,0.191506,0.250663,1.523237,0.030064,1.553301,0.136434,0.109360
548,3,0.051156,0.036699,0.434265,0.429369,1.544160,0.055387,1.542046,0.007603,0.122405
442,1,0.075848,0.155204,0.158035,0.082913,1.548398,0.092034,1.501160,0.061699,0.193986
193,0,0.439043,0.042366,0.278771,0.256063,1.274794,0.072929,1.201865,0.094353,0.014865
137,0,0.194200,0.040585,0.101527,0.095252,1.320191,0.593172,1.228230,0.065137,0.021015
138,0,0.194200,0.043461,0.099333,0.119014,1.544716,0.593172,1.003705,0.066957,0.020096
751,3,0.082247,0.060091,0.405009,0.233878,1.523821,0.015443,1.508378,0.187238,0.063141
618,3,0.122718,0.081656,0.367248,0.267134,1.512563,0.074165,1.554865,0.032484,0.139558
746,3,0.051156,0.060091,0.259992,0.166924,1.563764,0.055387,1.508378,0.181586,0.129961
668,2,0.082247,0.067452,0.176441,0.283844,1.495500,0.015443,1.480057,0.049177,0.072008
57,3,0.054958,0.620150,0.315457,0.114514,1.225267,0.269610,1.494877,0.154719,0.187719
374,1,0.062236,0.053435,0.134281,0.031289,1.523865,0.006897,1.516968,0.011269,0.142939
147,0,0.194200,0.165597,0.040098,0.188925,1.334867,0.593172,1.213554,0.116086,0.004730
348,0,0.136990,0.176708,0.181702,0.343559,1.193287,0.422208,1.526098,0.039238,0.055111
690,2,0.051156,0.041689,0.270582,0.204831,1.532905,0.055387,1.553301,0.137658,0.155183
794,2,0.122718,0.108794,0.322415,0.060826,1.550677,0.074165,1.476512,0.057454,0.185564
372,2,0.055548,0.137935,0.480129,0.479064,1.513436,0.016480,1.496956,0.101057,0.172981
64,0,0.113871,0.040993,0.107162,0.016324,1.205140,0.088131,1.117009,0.023416,0.008239
191,1,0.439043,0.059046,0.023949,0.196496,1.185019,0.072929,1.257948,0.066008,0.056871
542,3,0.122718,0.036770,0.411269,0.429882,1.536283,0.074165,1.531144,0.011411,0.137065
408,1,0.062236,0.123504,0.024244,0.116533,1.509204,0.006897,1.502307,0.121302,0.142204
824,3,0.060551,0.043746,0.037322,0.101515,1.568128,0.088680,1.484784,0.103599,0.045367
731,3,0.060551,0.078964,0.058695,0.256291,1.543680,0.088680,1.455000,0.082314,0.043909
765,2,0.054958,0.038906,0.493808,0.295041,1.140224,0.269610,1.409835,0.087280,0.013883
369,0,0.075848,0.137935,0.448161,0.034689,1.552602,0.092034,1.496956,0.159222,0.146345
745,3,0.055548,0.060091,0.084718,0.132124,1.524858,0.016480,1.508378,0.178648,0.164692
660,2,0.754648,0.036888,0.223678,0.332996,1.290699,0.057865,1.232834,0.182098,0.074291
86,1,0.053701,0.041679,0.372556,0.060936,1.142107,0.420145,1.562251,0.045566,0.049249
23,3,0.067244,0.545919,0.298627,0.322472,1.483604,0.152290,1.505698,0.141671,0.070168
59,3,0.050136,0.620150,0.189451,0.152507,1.273282,0.221595,1.494877,0.158598,0.149838
772,3,0.051156,0.040014,0.289546,0.141313,1.524718,0.055387,1.561488,0.152080,0.128680
582,3,0.754648,0.046096,0.065654,0.482794,1.417719,0.057865,1.359854,0.171072,0.033204
141,0,0.194200,0.269206,0.052090,0.063524,1.062328,0.593172,1.486092,0.192527,0.043357
440,1,0.075848,0.123504,0.093731,0.069126,1.547251,0.092034,1.502307,0.125723,0.189495
546,3,0.122718,0.036699,0.392832,0.413658,1.525382,0.074165,1.542046,0.006974,0.138110
233,3,0.057818,0.292372,0.461969,0.448356,1.476128,0.030064,1.506192,0.052645,0.125985
507,3,0.060551,0.123504,0.046800,0.468391,1.550606,0.088680,1.502307,0.187370,0.051104
815,3,0.060551,0.036667,0.068829,0.120115,1.482116,0.088680,1.570796,0.072222,0.043218
283,3,0.051146,0.312290,0.406607,0.333379,1.476776,0.020540,1.497316,0.190185,0.199358
333,0,0.136990,0.041955,0.239324,0.091811,1.290152,0.422208,1.429233,0.013310,0.037380
279,1,0.053701,0.312290,0.291893,0.081418,1.077172,0.420145,1.497316,0.119165,0.024490
422,1,0.062236,0.051875,0.011379,0.372088,1.517079,0.006897,1.510182,0.156921,0.141966
85,1,0.066007,0.041679,0.336914,0.028253,1.263382,0.298870,1.562251,0.046002,0.016559
427,1,0.062236,0.060091,0.017070,0.402133,1.515275,0.006897,1.508378,0.128476,0.142156
190,0,0.439043,0.037452,0.271065,0.241458,1.288235,0.072929,1.215307,0.102038,0.015301
656,3,0.060551,0.040139,0.030680,0.345499,1.567700,0.088680,1.485212,0.110213,0.045820
662,2,0.122718,0.067452,0.316812,0.170129,1.554222,0.074165,1.480057,0.063041,0.185247
462,1,0.075848,0.125546,0.077879,0.342911,1.562606,0.092034,1.486952,0.141507,0.188387
107,0,0.113871,0.043461,0.088535,0.084004,1.091835,0.088131,1.003705,0.041970,0.009478
82,1,0.053701,0.043365,0.360134,0.055455,1.114572,0.420145,1.534716,0.056900,0.045436
688,2,0.122718,0.041689,0.241290,0.179039,1.514127,0.074165,1.553301,0.138347,0.180970
299,1,0.053701,0.048304,0.357669,0.204843,1.116069,0.420145,1.536213,0.059149,0.044680
145,0,0.194200,0.051120,0.078545,0.152776,1.294514,0.593172,1.253907,0.084197,0.011384
344,0,0.136990,0.036654,0.234610,0.276182,1.141640,0.422208,1.563848,0.009011,0.038830
132,0,0.113871,0.067452,0.018445,0.463512,1.568188,0.088131,1.480057,0.148513,0.016597
436,1,0.075848,0.113636,0.069550,0.035695,1.560304,0.092034,1.489254,0.149800,0.187805
810,3,0.051156,0.036667,0.369538,0.038122,1.515409,0.055387,1.570796,0.072222,0.125212
325,0,0.075848,0.100092,0.486269,0.053772,1.554174,0.092034,1.495384,0.121279,0.143683
816,3,0.122718,0.043746,0.307259,0.003560,1.558949,0.074165,1.484784,0.092303,0.142956
146,0,0.194200,0.044872,0.079121,0.157297,1.343639,0.593172,1.204782,0.083720,0.011625
237,1,0.066007,0.312290,0.257711,0.055852,1.198447,0.298870,1.497316,0.121662,0.001008
378,0,0.055733,0.041955,0.297626,0.100084,1.301171,0.411188,1.429233,0.011750,0.029189
594,3,0.060551,0.040128,0.194945,0.469810,1.375962,0.088680,1.464642,0.053372,0.034617
648,3,0.122718,0.040139,0.300616,0.247620,1.559376,0.074165,1.485212,0.098926,0.143332
734,2,0.122718,0.038337,0.260801,0.136899,1.560035,0.074165,1.485871,0.118892,0.182075
208,1,0.439043,0.040128,0.026538,0.303162,1.391713,0.072929,1.464642,0.063426,0.057018
698,2,0.122718,0.045118,0.215510,0.176229,1.556267,0.074165,1.482102,0.164054,0.179510
20,3,0.054958,0.545919,0.340328,0.199646,1.236088,0.269610,1.505698,0.130759,0.192722
472,1,0.053509,0.155204,0.102606,0.086959,1.538969,0.101463,1.501160,0.061322,0.189950
685,3,0.754648,0.037446,0.046064,0.370857,1.284896,0.057865,1.227031,0.151516,0.032321
635,2,0.754648,0.037249,0.100254,0.382117,1.301655,0.057865,1.359520,0.141243,0.059708
389,0,0.055733,0.036654,0.294744,0.284959,1.152660,0.411188,1.563848,0.009109,0.030054
81,1,0.066007,0.043365,0.323802,0.023647,1.235847,0.298870,1.534716,0.058528,0.013651
106,0,0.113871,0.040585,0.080069,0.062291,1.316361,0.088131,1.228230,0.050403,0.010042
586,2,0.754648,0.036874,0.288609,0.445388,1.274614,0.057865,1.216749,0.246913,0.077214
249,1,0.066007,0.048304,0.321535,0.173291,1.237344,0.298870,1.536213,0.060694,0.013148
770,3,0.122718,0.040014,0.247547,0.123655,1.505940,0.074165,1.561488,0.151844,0.146337
512,3,0.067244,0.126634,0.446063,0.421768,1.438055,0.152290,1.551248,0.004054,0.053373
553,2,0.051156,0.036654,0.409694,0.387143,1.508461,0.055387,1.563848,0.001221,0.161215
795,2,0.051156,0.108794,0.354320,0.033958,1.531899,0.055387,1.476512,0.054060,0.158814
433,1,0.053509,0.041700,0.007567,0.007656,1.432948,0.101463,1.534411,0.155865,0.182686
288,3,0.057818,0.312290,0.316844,0.410352,1.467252,0.030064,1.497316,0.197704,0.122593
609,3,0.060551,0.039548,0.243424,0.436788,1.285445,0.088680,1.374126,0.101651,0.031311
402,1,0.062236,0.053437,0.144762,0.008015,1.503407,0.006897,1.510304,0.000788,0.143009
753,3,0.060551,0.060091,0.047683,0.245878,1.544535,0.088680,1.508378,0.188251,0.051165
22,3,0.050136,0.545919,0.214463,0.238461,1.284103,0.221595,1.505698,0.134208,0.153994
798,2,0.050136,0.108794,0.482036,0.095504,1.254918,0.221595,1.476512,0.037709,0.029944
393,0,0.055733,0.176708,0.241397,0.352617,1.204306,0.411188,1.526098,0.039782,0.046061
464,1,0.075848,0.060091,0.086985,0.355171,1.541180,0.092034,1.508378,0.132440,0.189023
736,2,0.051156,0.038337,0.292389,0.162943,1.541257,0.055387,1.485871,0.115888,0.156129
818,3,0.051156,0.043746,0.347477,0.020410,1.540171,0.055387,1.484784,0.094246,0.126168
650,3,0.051156,0.040139,0.340833,0.264559,1.540599,0.055387,1.485212,0.100880,0.126456
319,0,0.136990,0.043461,0.212269,0.041120,1.425912,0.422208,1.003705,0.011363,0.045705
470,1,0.053509,0.123504,0.038286,0.073598,1.537822,0.101463,1.502307,0.125306,0.185034
663,2,0.051156,0.067452,0.348597,0.196922,1.535444,0.055387,1.480057,0.059774,0.158566
458,1,0.075848,0.051875,0.058669,0.326923,1.539376,0.092034,1.510182,0.160634,0.187045
441,1,0.075848,0.126634,0.242871,0.098466,1.498310,0.092034,1.551248,0.022768,0.199912
822,3,0.082247,0.043746,0.490586,0.084822,1.500227,0.015443,1.484784,0.101674,0.061997
188,0,0.439043,0.088802,0.182370,0.195204,1.205888,0.072929,1.132959,0.190481,0.020324
405,1,0.062236,0.113636,0.000862,0.081612,1.496151,0.006897,1.489254,0.144708,0.142047
700,2,0.051156,0.045118,0.247194,0.201672,1.537489,0.055387,1.482102,0.161008,0.154169
486,1,0.053509,0.125546,0.022521,0.347485,1.553177,0.101463,1.486952,0.140989,0.183829
592,3,0.067244,0.040128,0.494016,0.456439,1.312352,0.152290,1.464642,0.051451,0.047910
311,1,0.053701,0.040128,0.337841,0.399333,1.256806,0.420145,1.464642,0.077241,0.038594
426,1,0.062236,0.125546,0.009294,0.389362,1.493849,0.006897,1.486952,0.136253,0.142104
834,3,0.057818,0.055019,0.466599,0.012704,1.495245,0.030064,1.525309,0.048018,0.126093
77,0,0.194200,0.043291,0.065359,0.008542,1.328434,0.593172,1.219986,0.095134,0.005857
600,2,0.050136,0.116797,0.470327,0.371554,1.316723,0.221595,1.538318,0.049127,0.031889
467,1,0.053509,0.113636,0.014180,0.040325,1.550875,0.101463,1.489254,0.149287,0.183191
186,1,0.439043,0.041700,0.072909,0.123756,1.461482,0.072929,1.534411,0.162587,0.051386
808,3,0.122718,0.036667,0.327397,0.021518,1.496632,0.074165,1.570796,0.072222,0.141815
455,0,0.075848,0.067452,0.474642,0.335076,1.569501,0.092034,1.480057,0.132855,0.144495
265,1,0.066007,0.040128,0.308499,0.370830,1.378081,0.298870,1.464642,0.073147,0.010257
796,2,0.054958,0.108794,0.362708,0.085148,1.206902,0.269610,1.476512,0.039017,0.040253
105,0,0.113871,0.038362,0.059839,0.022386,1.506685,0.088131,1.546777,0.189752,0.019352
119,0,0.113871,0.165597,0.018827,0.178904,1.301684,0.088131,1.213554,0.111412,0.014118
755,3,0.122718,0.035324,0.209342,0.098503,1.544880,0.074165,1.470715,0.189940,0.148501
116,0,0.113871,0.051120,0.056260,0.128556,1.342037,0.088131,1.253907,0.074119,0.011626
110,0,0.113871,0.086626,0.011464,0.087218,1.478366,0.088131,1.566497,0.141553,0.016132
117,0,0.113871,0.044872,0.058477,0.132554,1.292913,0.088131,1.204782,0.071911,0.011479
654,3,0.082247,0.040139,0.483929,0.329171,1.500655,0.015443,1.485212,0.108330,0.062086
714,3,0.122718,0.036816,0.265059,0.199161,1.543344,0.074165,1.469180,0.134382,0.145345
320,0,0.055733,0.043461,0.265945,0.049417,1.414893,0.411188,1.003705,0.017285,0.038695
430,1,0.075848,0.048304,0.148889,0.033360,1.513345,0.092034,1.536213,0.070806,0.193347
453,1,0.075848,0.040139,0.185834,0.275091,1.564346,0.092034,1.485212,0.034021,0.195928
463,0,0.075848,0.038337,0.422427,0.396690,1.563687,0.092034,1.485871,0.184843,0.148142
192,1,0.439043,0.035622,0.005585,0.212483,1.288827,0.072929,1.361756,0.084325,0.055831
136,0,0.194200,0.047726,0.056334,0.032170,1.410551,0.593172,1.137870,0.102619,0.002075
666,2,0.050136,0.067452,0.475418,0.324981,1.258462,0.221595,1.480057,0.044162,0.031043
133,0,0.113871,0.041689,0.027056,0.481272,1.500160,0.088131,1.553301,0.157095,0.017170
304,1,0.053701,0.123504,0.307109,0.288318,1.082162,0.420145,1.502307,0.105282,0.029161
200,0,0.439043,0.076088,0.196311,0.303004,1.196031,0.072929,1.123102,0.176580,0.019535
598,2,0.054958,0.116797,0.351725,0.360975,1.268707,0.269610,1.538318,0.049598,0.042462
151,0,0.194200,0.042366,0.055891,0.274024,1.346556,0.593172,1.201865,0.102986,0.001889
741,2,0.082247,0.038337,0.119548,0.248143,1.501314,0.015443,1.485871,0.106064,0.071248
552,2,0.122718,0.036654,0.381567,0.359443,1.489683,0.074165,1.563848,0.001529,0.188914
724,3,0.122718,0.078964,0.332508,0.158012,1.529165,0.074165,1.455000,0.067125,0.141526
830,3,0.060551,0.039598,0.115229,0.114967,1.301481,0.088680,1.212800,0.026014,0.040054
487,1,0.053509,0.060091,0.031498,0.359688,1.531751,0.101463,1.508378,0.132059,0.184515
497,3,0.051146,0.123504,0.423313,0.319493,1.481766,0.020540,1.502307,0.173484,0.199637
446,1,0.075848,0.036699,0.235634,0.112397,1.507512,0.092034,1.542046,0.015563,0.199407
451,1,0.075848,0.081656,0.199976,0.214824,1.494693,0.092034,1.554865,0.019941,0.196916
290,0,0.136990,0.040585,0.191360,0.017626,1.491155,0.422208,1.228230,0.030430,0.052139
482,1,0.053509,0.051875,0.003162,0.331628,1.529948,0.101463,1.510182,0.160247,0.182349
364,2,0.050136,0.269206,0.420180,0.486763,1.264497,0.221595,1.486092,0.098028,0.040221
529,3,0.057818,0.302157,0.403837,0.198064,1.458997,0.030064,1.489061,0.110750,0.124626
358,2,0.051146,0.269206,0.136911,0.336995,1.465552,0.020540,1.486092,0.115298,0.189428
735,2,0.055548,0.038337,0.463370,0.146252,1.502351,0.016480,1.485871,0.117813,0.172758
817,3,0.055548,0.043746,0.173455,0.017069,1.501264,0.016480,1.484784,0.089924,0.163507
743,3,0.051146,0.060091,0.421101,0.097146,1.487837,0.020540,1.508378,0.175695,0.199600
649,3,0.055548,0.040139,0.166798,0.227280,1.501692,0.016480,1.485212,0.096581,0.163596
807,3,0.060551,0.037914,0.108585,0.159301,1.354850,0.088680,1.266169,0.032631,0.040507
675,2,0.050136,0.042910,0.472345,0.349480,1.211559,0.221595,1.433154,0.047159,0.031554
205,0,0.439043,0.067666,0.220843,0.334874,1.450485,0.072929,1.377556,0.152117,0.018145
705,2,0.082247,0.045118,0.074641,0.285532,1.497545,0.015443,1.482102,0.150968,0.070648
104,0,0.113871,0.047726,0.036944,0.015664,1.226001,0.088131,1.137870,0.093361,0.012912
757,3,0.051156,0.035324,0.249165,0.116667,1.526102,0.055387,1.470715,0.192394,0.130431
252,1,0.066007,0.059046,0.287675,0.262211,1.556818,0.298870,1.257948,0.093039,0.005638
254,1,0.066007,0.123504,0.272222,0.261302,1.203437,0.298870,1.502307,0.107801,0.002211
76,0,0.113871,0.043291,0.044121,0.011205,1.308117,0.088131,1.219986,0.086211,0.012434
664,2,0.054958,0.067452,0.356026,0.314383,1.210447,0.269610,1.480057,0.045454,0.041597
293,1,0.053701,0.045027,0.315162,0.113531,1.100552,0.420145,1.520697,0.097934,0.031632
716,3,0.051156,0.036816,0.304879,0.216584,1.524567,0.055387,1.469180,0.136774,0.128015
465,1,0.075848,0.035324,0.105763,0.430240,1.562750,0.092034,1.470715,0.113744,0.190335
481,1,0.053509,0.040139,0.130496,0.278951,1.554917,0.101463,1.485212,0.033576,0.192082
699,2,0.055548,0.045118,0.418007,0.183617,1.498582,0.016480,1.482102,0.163169,0.172151
171,0,0.439043,0.064116,0.217062,0.078729,1.165051,0.072929,1.092122,0.155887,0.018360
460,1,0.075848,0.036816,0.162704,0.327360,1.561214,0.092034,1.469180,0.057050,0.194312
370,2,0.051146,0.137935,0.149529,0.462782,1.476415,0.020540,1.496956,0.102684,0.189217
291,0,0.055733,0.040585,0.247506,0.026015,1.502175,0.411188,1.228230,0.034184,0.044228
723,3,0.060551,0.036816,0.007030,0.296633,1.557860,0.088680,1.469180,0.147762,0.048392
550,3,0.067244,0.036699,0.431537,0.496777,1.447257,0.152290,1.542046,0.010303,0.055027
149,0,0.194200,0.037452,0.048582,0.256532,1.333114,0.593172,1.215307,0.109049,0.001174
302,1,0.053701,0.059046,0.309090,0.287579,1.463500,0.420145,1.257948,0.103474,0.029769
519,3,0.057818,0.155204,0.398521,0.344822,1.471095,0.030064,1.501160,0.116064,0.124502
292,1,0.053701,0.081734,0.303135,0.104755,1.112953,0.420145,1.533098,0.108907,0.027941
457,0,0.075848,0.041689,0.453752,0.352463,1.496257,0.092034,1.553301,0.153655,0.145954
572,2,0.082247,0.067666,0.285659,0.421355,1.392999,0.015443,1.377556,0.060024,0.073467
471,1,0.053509,0.126634,0.187237,0.101959,1.488881,0.101463,1.551248,0.022869,0.196419
623,3,0.067244,0.081656,0.407254,0.348909,1.434437,0.152290,1.554865,0.034304,0.057794
113,0,0.113871,0.076763,0.002519,0.099808,1.459295,0.088131,1.547425,0.127733,0.015209
828,3,0.067244,0.039598,0.423634,0.098024,1.365091,0.152290,1.212800,0.018114,0.055928
420,1,0.062236,0.040139,0.117674,0.328390,1.492109,0.006897,1.485212,0.027875,0.142828
461,1,0.075848,0.078964,0.239906,0.325586,1.547035,0.092034,1.455000,0.019817,0.199705
30,0,0.194200,0.038995,0.044305,0.025887,1.359250,0.593172,1.189171,0.112597,0.002967
475,1,0.053509,0.036770,0.207271,0.098830,1.508985,0.101463,1.531144,0.042799,0.197951
196,0,0.439043,0.056654,0.202743,0.278080,1.175308,0.072929,1.102379,0.170165,0.019170
792,3,0.060551,0.040586,0.091169,0.172850,1.321213,0.088680,1.232532,0.049974,0.041695
502,3,0.057818,0.123504,0.333905,0.396327,1.472242,0.030064,1.502307,0.180650,0.122992
179,0,0.439043,0.047052,0.225935,0.118177,1.240848,0.072929,1.167919,0.147040,0.017857
362,2,0.054958,0.269206,0.299932,0.474056,1.216482,0.269610,1.486092,0.099493,0.052880
431,1,0.053509,0.048304,0.093274,0.029249,1.503916,0.101463,1.536213,0.070604,0.189237
80,1,0.053701,0.035014,0.308898,0.033082,1.141007,0.420145,1.561152,0.103650,0.029710
122,0,0.113871,0.042366,0.035005,0.258018,1.289995,0.088131,1.201865,0.095293,0.013041
673,2,0.054958,0.042910,0.352156,0.338552,1.163543,0.269610,1.433154,0.049183,0.042376
336,0,0.136990,0.165597,0.133103,0.119184,1.505831,0.422208,1.213554,0.083559,0.070065
779,3,0.060551,0.040014,0.012436,0.221236,1.491425,0.088680,1.561488,0.153148,0.048760
239,1,0.066007,0.045027,0.280559,0.085922,1.221827,0.298870,1.520697,0.099837,0.004060
748,3,0.057818,0.060091,0.332376,0.173944,1.478313,0.030064,1.508378,0.182178,0.122956
140,0,0.194200,0.100092,0.017843,0.076232,1.053036,0.593172,1.495384,0.134552,0.014061
335,0,0.136990,0.044872,0.172002,0.082630,1.514603,0.422208,1.204782,0.048085,0.058095
488,1,0.053509,0.035324,0.050505,0.434630,1.569414,0.101463,1.470715,0.113151,0.185968
363,2,0.057818,0.269206,0.222004,0.418080,1.456028,0.030064,1.486092,0.105948,0.108647
805,3,0.067244,0.037914,0.415886,0.142205,1.418460,0.152290,1.266169,0.025773,0.056811
484,1,0.053509,0.036816,0.107453,0.331373,1.570643,0.101463,1.469180,0.056499,0.190321
238,1,0.066007,0.081734,0.269654,0.078436,1.234228,0.298870,1.533098,0.110254,0.001641
647,3,0.060551,0.035581,0.085786,0.367296,1.241741,0.088680,1.330421,0.055335,0.042062
303,1,0.053701,0.035622,0.303876,0.298373,1.359692,0.420145,1.361756,0.108231,0.028169
210,1,0.439043,0.039548,0.025773,0.354430,1.301197,0.072929,1.374126,0.115585,0.054055
466,1,0.075848,0.040014,0.075082,0.401831,1.488070,0.092034,1.561488,0.144292,0.188192
334,0,0.136990,0.051120,0.166575,0.077887,1.465478,0.422208,1.253907,0.053034,0.059765
768,2,0.082247,0.038906,0.299894,0.234473,1.425278,0.015443,1.409835,0.074258,0.073658
253,1,0.066007,0.035622,0.279054,0.273380,1.480967,0.298870,1.361756,0.101275,0.003726
785,2,0.082247,0.047403,0.315668,0.162268,1.400069,0.015443,1.384626,0.090029,0.073868
726,3,0.051156,0.078964,0.372084,0.174548,1.510387,0.055387,1.455000,0.069681,0.125101
485,1,0.053509,0.078964,0.184713,0.329088,1.556463,0.101463,1.455000,0.020358,0.196226
476,1,0.053509,0.036699,0.180035,0.115936,1.498083,0.101463,1.542046,0.015704,0.195869
301,1,0.053701,0.113636,0.283914,0.246271,1.069109,0.420145,1.489254,0.126445,0.022041
79,1,0.066007,0.035014,0.276133,0.006546,1.262282,0.298870,1.561152,0.104064,0.003078
121,0,0.113871,0.037452,0.027362,0.243327,1.303437,0.088131,1.215307,0.102907,0.013550
838,3,0.067244,0.125240,0.377034,0.074773,1.472645,0.152290,1.516657,0.064174,0.061236
380,0,0.055733,0.044872,0.227887,0.091177,1.525623,0.411188,1.204782,0.052164,0.050114
531,3,0.067244,0.302157,0.323460,0.255550,1.500241,0.152290,1.489061,0.117126,0.067339
142,0,0.194200,0.137935,0.025711,0.079678,1.051465,0.593172,1.496956,0.170645,0.032300
480,1,0.053509,0.081656,0.144288,0.218604,1.485264,0.101463,1.554865,0.019857,0.193136
28,1,0.053701,0.046660,0.295288,0.009482,1.167926,0.420145,1.553522,0.116068,0.025532
328,0,0.075848,0.086626,0.465041,0.041819,1.474462,0.092034,1.566497,0.142414,0.145166
207,0,0.439043,0.036874,0.223161,0.375754,1.289678,0.072929,1.216749,0.149805,0.018014
790,3,0.067244,0.040586,0.399465,0.154842,1.384823,0.152290,1.232532,0.042003,0.058681
29,0,0.113871,0.038995,0.023494,0.037569,1.277302,0.088131,1.189171,0.106761,0.013807
379,0,0.055733,0.051120,0.223024,0.086509,1.476498,0.411188,1.253907,0.056621,0.051574
199,1,0.439043,0.040036,0.056919,0.267974,1.161641,0.072929,1.234570,0.146643,0.052292
217,1,0.439043,0.037446,0.318202,0.435161,1.299960,0.072929,1.227031,0.227407,0.073535
215,0,0.439043,0.036888,0.176095,0.483816,1.305763,0.072929,1.232834,0.196739,0.020680
287,3,0.054958,0.312290,0.276665,0.352874,1.227706,0.269610,1.497316,0.192089,0.179916
835,3,0.067244,0.055019,0.389203,0.053664,1.463993,0.152290,1.525309,0.052146,0.059850
160,0,0.136990,0.047726,0.156243,0.039508,1.560077,0.422208,1.137870,0.062456,0.062945
565,3,0.060551,0.079156,0.058032,0.443574,1.479367,0.088680,1.390687,0.082974,0.043955
721,3,0.082247,0.036816,0.446450,0.282362,1.484623,0.015443,1.469180,0.145803,0.062587
365,2,0.067244,0.269206,0.289926,0.381715,1.503210,0.152290,1.486092,0.110141,0.144876
756,3,0.055548,0.035324,0.075639,0.082106,1.487195,0.016480,1.470715,0.187725,0.164814
732,3,0.051146,0.125546,0.397113,0.045813,1.466412,0.020540,1.486952,0.199677,0.199200
528,3,0.054958,0.302157,0.369646,0.123814,1.219451,0.269610,1.489061,0.102515,0.198619
27,1,0.066007,0.046660,0.264211,0.034579,1.289201,0.298870,1.553522,0.115453,0.000434
289,3,0.050136,0.312290,0.151451,0.389364,1.275721,0.221595,1.497316,0.195654,0.143524
251,1,0.066007,0.113636,0.249815,0.221384,1.190384,0.298870,1.489254,0.129205,0.002759
347,0,0.136990,0.116797,0.131919,0.309778,1.181067,0.422208,1.538318,0.084639,0.070429
2,1,0.053701,0.051693,0.286153,0.027261,1.181296,0.420145,1.540152,0.124402,0.022729
243,0,0.066007,0.269206,0.301184,0.033091,1.187223,0.298870,1.486092,0.181386,0.139609
715,3,0.055548,0.036816,0.131574,0.180340,1.485660,0.016480,1.469180,0.131798,0.164066
530,3,0.050136,0.302157,0.242399,0.163937,1.267467,0.221595,1.489061,0.106965,0.158635
75,1,0.053701,0.121608,0.270900,0.014766,1.162860,0.420145,1.558587,0.138320,0.018047
381,0,0.055733,0.165597,0.189114,0.128061,1.516851,0.411188,1.213554,0.087699,0.061748
234,3,0.050136,0.292372,0.301890,0.405732,1.284598,0.221595,1.506192,0.048952,0.168519
356,0,0.055733,0.269206,0.081149,0.012547,1.244312,0.411188,1.486092,0.186649,0.094144
161,0,0.055733,0.047726,0.211354,0.030838,1.549058,0.411188,1.137870,0.067317,0.055076
340,0,0.136990,0.042366,0.149590,0.202323,1.517520,0.422208,1.201865,0.068523,0.064992
295,0,0.053701,0.269206,0.316351,0.072312,1.065948,0.420145,1.486092,0.176864,0.178684
1,1,0.066007,0.051693,0.255912,0.051395,1.302571,0.298870,1.540152,0.123381,0.001407
74,1,0.066007,0.121608,0.240699,0.008090,1.284135,0.298870,1.558587,0.137913,0.004781
428,1,0.062236,0.035324,0.038325,0.478526,1.477612,0.006897,1.470715,0.107222,0.142298
489,1,0.053509,0.040014,0.019263,0.406443,1.478641,0.101463,1.561488,0.144231,0.183580
330,0,0.136990,0.137935,0.044744,0.014542,1.222429,0.422208,1.496956,0.164139,0.097254
645,3,0.067244,0.035581,0.379686,0.347856,1.178131,0.152290,1.330421,0.061552,0.060934
392,0,0.055733,0.116797,0.191990,0.319327,1.192087,0.411188,1.538318,0.085064,0.060886
424,1,0.062236,0.036816,0.095623,0.379267,1.476077,0.006897,1.469180,0.049925,0.142681
729,3,0.067244,0.078964,0.361683,0.237086,1.534302,0.152290,1.455000,0.079346,0.062985
540,2,0.082247,0.048791,0.172591,0.496487,1.445285,0.015443,1.429842,0.053027,0.071957
148,0,0.194200,0.088802,0.037023,0.176740,1.415462,0.593172,1.132959,0.180030,0.037042
385,0,0.055733,0.042366,0.205457,0.211057,1.528540,0.411188,1.201865,0.072721,0.056845
563,3,0.067244,0.079156,0.362695,0.424343,1.542977,0.152290,1.390687,0.078346,0.062870
677,2,0.082247,0.042910,0.170908,0.308704,1.448596,0.015443,1.433154,0.054710,0.071934
312,1,0.053701,0.039548,0.274427,0.429065,1.347322,0.420145,1.374126,0.135101,0.019130
671,2,0.122718,0.042910,0.304055,0.195013,1.507318,0.074165,1.433154,0.075762,0.184524
338,0,0.136990,0.037452,0.141273,0.185707,1.504078,0.422208,1.215307,0.076108,0.067551
267,1,0.066007,0.039548,0.249757,0.406729,1.468597,0.298870,1.374126,0.129261,0.002772
841,3,0.067244,0.139951,0.344002,0.110006,1.445471,0.152290,1.543831,0.096823,0.064999
708,3,0.122718,0.037006,0.205675,0.201537,1.507596,0.074165,1.433432,0.193596,0.148708
157,0,0.194200,0.067452,0.001817,0.459238,1.068364,0.593172,1.480057,0.147992,0.020853
153,0,0.194200,0.076088,0.023671,0.289791,1.425319,0.593172,1.123102,0.168952,0.031445
813,3,0.067244,0.036667,0.368891,0.101169,1.418506,0.152290,1.570796,0.072222,0.062164
733,2,0.051146,0.038337,0.132457,0.129444,1.465330,0.020540,1.485871,0.119751,0.189502
456,0,0.075848,0.042910,0.425404,0.335172,1.525188,0.092034,1.433154,0.181879,0.147934
10,1,0.053701,0.045123,0.268898,0.020922,1.073181,0.420145,1.493325,0.140146,0.017432
536,2,0.122718,0.048791,0.305231,0.382698,1.504007,0.074165,1.429842,0.074589,0.184591
459,1,0.075848,0.037006,0.129347,0.326110,1.525466,0.092034,1.433432,0.090262,0.191982
154,0,0.194200,0.067666,0.002181,0.330562,1.170865,0.593172,1.377556,0.151007,0.022376
615,2,0.067244,0.176708,0.403440,0.167513,1.463204,0.152290,1.526098,0.002055,0.157807
268,0,0.066007,0.176708,0.457485,0.224271,1.227229,0.298870,1.526098,0.032076,0.174277
323,0,0.136990,0.100092,0.085133,0.005262,1.224001,0.422208,1.495384,0.127306,0.084826
383,0,0.055733,0.037452,0.197291,0.194516,1.515098,0.411188,1.215307,0.080205,0.059295
739,2,0.050136,0.038337,0.415531,0.278511,1.264276,0.221595,1.485871,0.102562,0.040993
725,3,0.055548,0.078964,0.199624,0.136234,1.471480,0.016480,1.455000,0.063760,0.163157
139,0,0.194200,0.064116,0.003973,0.073318,1.456299,0.593172,1.092122,0.152556,0.023159
143,0,0.194200,0.047052,0.004186,0.116054,1.380502,0.593172,1.167919,0.145930,0.019811
150,0,0.194200,0.062644,0.054612,0.228183,1.490827,0.593172,1.057593,0.194620,0.044415
444,0,0.075848,0.048791,0.424075,0.141713,1.521877,0.092034,1.429842,0.183203,0.148027
793,2,0.051146,0.108794,0.194401,0.063742,1.455972,0.020540,1.476512,0.057823,0.188468
483,1,0.053509,0.037006,0.074293,0.330346,1.534895,0.101463,1.433432,0.089487,0.187786
337,0,0.136990,0.088802,0.064440,0.116932,1.555166,0.422208,1.132959,0.146177,0.091193
697,2,0.051146,0.045118,0.086851,0.165432,1.461562,0.020540,1.482102,0.165346,0.190264
661,2,0.051146,0.067452,0.188775,0.166800,1.459517,0.020540,1.480057,0.063447,0.188562
152,0,0.194200,0.056654,0.017342,0.267307,1.446042,0.593172,1.102379,0.163699,0.028790
521,3,0.067244,0.155204,0.319174,0.401635,1.488142,0.152290,1.501160,0.121362,0.067828
326,0,0.136990,0.086626,0.068971,0.013553,1.144289,0.422208,1.566497,0.142045,0.089799
376,0,0.075848,0.076763,0.475453,0.029473,1.455391,0.092034,1.547425,0.132048,0.144438
68,1,0.053701,0.048445,0.261231,0.006763,1.070978,0.420145,1.491122,0.147142,0.015079
570,2,0.057818,0.067666,0.379782,0.389260,1.347492,0.030064,1.377556,0.051760,0.104959
490,2,0.051146,0.165597,0.490558,0.405224,1.193013,0.020540,1.213554,0.238261,0.183522
331,0,0.136990,0.076763,0.082081,0.029235,1.125218,0.422208,1.547425,0.130089,0.085765
343,0,0.136990,0.076088,0.078406,0.228276,1.545309,0.422208,1.123102,0.133440,0.086896
518,3,0.054958,0.155204,0.362638,0.271936,1.231550,0.269610,1.501160,0.109267,0.197210
244,0,0.066007,0.137935,0.324216,0.033057,1.198086,0.298870,1.496956,0.159385,0.144718
120,0,0.113871,0.088802,0.061127,0.196183,1.221090,0.088131,1.132959,0.191035,0.019438
155,0,0.194200,0.036874,0.001473,0.372549,1.331672,0.593172,1.216749,0.148323,0.021020
558,3,0.122718,0.079156,0.340446,0.344831,1.464851,0.074165,1.390687,0.059211,0.141076
520,3,0.050136,0.155204,0.236243,0.311631,1.279565,0.221595,1.501160,0.112969,0.157612
9,1,0.066007,0.045123,0.235755,0.044300,1.194456,0.298870,1.493325,0.142637,0.005878
345,0,0.136990,0.067666,0.077766,0.264605,1.341829,0.422208,1.377556,0.134023,0.087093
799,2,0.067244,0.108794,0.347612,0.026560,1.512790,0.152290,1.476512,0.053126,0.151447
351,0,0.136990,0.067452,0.071596,0.390813,1.239328,0.422208,1.480057,0.139650,0.088991
355,0,0.136990,0.038906,0.126004,0.490714,1.309550,0.422208,1.409835,0.090033,0.072249
158,0,0.194200,0.038337,0.057152,0.499740,1.062550,0.593172,1.485871,0.196726,0.045479
504,3,0.067244,0.123504,0.254668,0.444260,1.486995,0.152290,1.502307,0.185120,0.075176
368,0,0.055733,0.137935,0.104600,0.024717,1.233449,0.411188,1.496956,0.165155,0.087107
321,0,0.136990,0.064116,0.100725,0.009206,1.514329,0.422208,1.092122,0.113086,0.080028
156,0,0.194200,0.036888,0.045798,0.462564,1.315587,0.593172,1.232834,0.187308,0.040720
339,0,0.136990,0.062644,0.052808,0.170380,1.479801,0.422208,1.057593,0.156785,0.094773
296,0,0.053701,0.137935,0.340035,0.074409,1.076811,0.420145,1.496956,0.155254,0.185953
425,1,0.062236,0.078964,0.174159,0.382469,1.461897,0.006897,1.455000,0.028608,0.143205
124,0,0.113871,0.076088,0.047270,0.304134,1.211232,0.088131,1.123102,0.177232,0.018516
738,2,0.057818,0.038337,0.217546,0.210499,1.455806,0.030064,1.485871,0.110405,0.108751
783,2,0.057818,0.047403,0.410360,0.131347,1.354561,0.030064,1.384626,0.082324,0.104244
766,2,0.057818,0.038906,0.395548,0.203130,1.379771,0.030064,1.409835,0.067518,0.104590
601,2,0.067244,0.116797,0.346279,0.252082,1.450984,0.152290,1.538318,0.054443,0.151296
567,2,0.122718,0.067666,0.409432,0.302086,1.451720,0.074165,1.377556,0.029314,0.190492
266,0,0.066007,0.116797,0.406777,0.217127,1.239448,0.298870,1.538318,0.080516,0.163030
400,0,0.055733,0.038906,0.184407,0.499923,1.320570,0.411188,1.409835,0.092013,0.063161
126,0,0.113871,0.067666,0.022399,0.336184,1.465687,0.088131,1.377556,0.152454,0.016860
737,2,0.054958,0.038337,0.295204,0.265625,1.216260,0.269610,1.485871,0.104048,0.053831
651,3,0.057818,0.040139,0.413527,0.266169,1.455148,0.030064,1.485212,0.101065,0.124853
819,3,0.057818,0.043746,0.420215,0.021574,1.454720,0.030064,1.484784,0.094380,0.125009
341,0,0.136990,0.056654,0.086275,0.204946,1.524586,0.422208,1.102379,0.126264,0.084474
114,0,0.113871,0.047052,0.017712,0.119600,1.256050,0.088131,1.167919,0.147783,0.016548
501,3,0.054958,0.123504,0.294410,0.335684,1.232696,0.269610,1.502307,0.174994,0.183486
511,3,0.050136,0.126634,0.359950,0.296946,1.329653,0.221595,1.551248,0.007665,0.178166
108,0,0.113871,0.064116,0.026690,0.080097,1.180253,0.088131,1.092122,0.156730,0.017146
503,3,0.050136,0.123504,0.169087,0.372806,1.280712,0.221595,1.502307,0.178456,0.146455
349,0,0.136990,0.050137,0.026441,0.386604,1.514188,0.422208,1.205197,0.180831,0.102886
672,2,0.051156,0.042910,0.337534,0.221709,1.488540,0.055387,1.433154,0.070818,0.158086
659,2,0.082247,0.036888,0.407373,0.332144,1.248277,0.015443,1.232834,0.181721,0.075093
342,0,0.136990,0.048791,0.015098,0.183790,1.289543,0.422208,1.429842,0.191176,0.106377
710,3,0.051156,0.037006,0.244615,0.219791,1.488818,0.055387,1.433432,0.196937,0.130628
240,0,0.066007,0.100092,0.365191,0.063925,1.196515,0.298870,1.495384,0.120243,0.153806
797,2,0.057818,0.108794,0.280455,0.017829,1.446448,0.030064,1.476512,0.047522,0.107281
332,0,0.136990,0.047052,0.101953,0.051019,1.551466,0.422208,1.167919,0.111966,0.079650
435,0,0.075848,0.088802,0.493885,0.059547,1.224993,0.092034,1.132959,0.113696,0.143151
67,1,0.066007,0.048445,0.228461,0.015888,1.192253,0.298870,1.491122,0.149604,0.007495
637,2,0.082247,0.050137,0.413416,0.336323,1.220640,0.015443,1.205197,0.187762,0.075174
317,0,0.053701,0.108794,0.375235,0.472046,1.056368,0.420145,1.476512,0.123136,0.196757
123,0,0.113871,0.056654,0.040904,0.279288,1.190509,0.088131,1.102379,0.170890,0.018092
352,0,0.136990,0.042910,0.016672,0.377626,1.286231,0.422208,1.433154,0.189740,0.105892
353,0,0.136990,0.041689,0.054724,0.404244,1.166084,0.422208,1.553301,0.155038,0.094183
821,3,0.067244,0.043746,0.339505,0.081295,1.504518,0.152290,1.484784,0.101267,0.065512
781,2,0.122718,0.047403,0.440208,0.041779,1.458790,0.074165,1.384626,0.060003,0.192235
324,0,0.055733,0.100092,0.144805,0.015071,1.235020,0.411188,1.495384,0.128308,0.075044
702,2,0.057818,0.045118,0.172257,0.246212,1.452038,0.030064,1.482102,0.155676,0.109810
574,3,0.122718,0.046096,0.260575,0.367831,1.434018,0.074165,1.359854,0.138853,0.145599
417,1,0.062236,0.040128,0.094498,0.217005,1.457745,0.006897,1.464642,0.051050,0.142673
665,2,0.057818,0.067452,0.274462,0.248283,1.449993,0.030064,1.480057,0.053513,0.107421
242,0,0.066007,0.086626,0.341957,0.045306,1.276226,0.298870,1.566497,0.142438,0.148653
354,0,0.136990,0.038337,0.016680,0.439102,1.233514,0.422208,1.485871,0.189734,0.105890
127,0,0.113871,0.036874,0.020378,0.377128,1.304880,0.088131,1.216749,0.150440,0.016726
667,2,0.067244,0.067452,0.341848,0.204730,1.509245,0.152290,1.480057,0.058822,0.150791
350,0,0.136990,0.036888,0.047994,0.403673,1.486551,0.422208,1.232834,0.161175,0.096254
346,0,0.136990,0.036874,0.094944,0.307741,1.502636,0.422208,1.216749,0.118358,0.081807
787,3,0.122718,0.040586,0.395024,0.070770,1.306697,0.074165,1.232532,0.004788,0.137985
588,3,0.122718,0.040128,0.438731,0.368326,1.390478,0.074165,1.464642,0.038794,0.135510
825,3,0.122718,0.039598,0.421854,0.012058,1.286965,0.074165,1.212800,0.021966,0.136466
382,0,0.055733,0.088802,0.119476,0.126375,1.544147,0.411188,1.132959,0.151522,0.082644
605,3,0.122718,0.039548,0.474442,0.332588,1.299961,0.074165,1.374126,0.074403,0.133488
763,2,0.122718,0.038906,0.428738,0.114982,1.483999,0.074165,1.409835,0.048565,0.191585
246,0,0.066007,0.076763,0.352603,0.036049,1.295297,0.298870,1.547425,0.132267,0.151014
327,0,0.055733,0.086626,0.129892,0.023832,1.155309,0.411188,1.566497,0.141976,0.079519
537,2,0.051156,0.048791,0.338829,0.409418,1.485229,0.055387,1.429842,0.069526,0.158142
802,3,0.122718,0.037914,0.407914,0.057858,1.340334,0.074165,1.266169,0.008065,0.137255
447,0,0.075848,0.067666,0.488346,0.207076,1.469590,0.092034,1.377556,0.119211,0.143538
415,1,0.062236,0.079156,0.236895,0.201593,1.397584,0.006897,1.390687,0.091341,0.143624
679,3,0.122718,0.037446,0.300986,0.252975,1.301196,0.074165,1.227031,0.098558,0.143311
627,2,0.122718,0.037249,0.273786,0.256202,1.285356,0.074165,1.359520,0.105945,0.182810
118,1,0.113871,0.041700,0.496029,0.119179,1.446280,0.088131,1.534411,0.162353,0.055960
491,2,0.051146,0.088802,0.497088,0.484990,1.112419,0.020540,1.132959,0.244789,0.183413
639,3,0.122718,0.035581,0.311070,0.263590,1.256257,0.074165,1.330421,0.088502,0.142740
561,3,0.057818,0.079156,0.451647,0.360419,1.360622,0.030064,1.390687,0.062962,0.125744
727,3,0.057818,0.078964,0.445001,0.174058,1.424936,0.030064,1.455000,0.069605,0.125588
437,0,0.075848,0.062644,0.487454,0.114334,1.149628,0.092034,1.057593,0.120099,0.143600
559,3,0.055548,0.079156,0.209545,0.322516,1.407166,0.016480,1.390687,0.053840,0.163025
131,0,0.113871,0.036888,0.067247,0.484701,1.320965,0.088131,1.232834,0.197132,0.019845
571,2,0.067244,0.067666,0.438633,0.331311,1.529846,0.152290,1.377556,0.036839,0.161816
263,0,0.066007,0.067666,0.369345,0.195672,1.078686,0.298870,1.377556,0.116274,0.154727
271,0,0.066007,0.067452,0.352829,0.328479,1.181187,0.298870,1.480057,0.132051,0.151064
375,0,0.055733,0.076763,0.143236,0.039486,1.136237,0.411188,1.547425,0.129746,0.075515
438,1,0.075848,0.059046,0.214987,0.048170,1.165914,0.092034,1.257948,0.004994,0.197964
388,0,0.055733,0.076088,0.133329,0.237604,1.534290,0.411188,1.123102,0.138825,0.078487
622,3,0.050136,0.081656,0.319506,0.235242,1.333270,0.221595,1.554865,0.031775,0.171446
560,3,0.051156,0.079156,0.378587,0.361359,1.446073,0.055387,1.390687,0.063188,0.124819
562,3,0.050136,0.079156,0.298098,0.317570,1.169092,0.221595,1.390687,0.052650,0.167889
728,3,0.050136,0.078964,0.287171,0.133298,1.233405,0.221595,1.455000,0.063306,0.166074
750,3,0.067244,0.060091,0.253566,0.221693,1.480924,0.152290,1.508378,0.186209,0.075302
704,2,0.067244,0.045118,0.240281,0.216682,1.507200,0.152290,1.482102,0.159211,0.139221
720,3,0.067244,0.036816,0.295554,0.274388,1.520122,0.152290,1.469180,0.144709,0.070519
390,0,0.055733,0.067666,0.135885,0.274157,1.352849,0.411188,1.377556,0.136483,0.077720
396,0,0.055733,0.067452,0.131115,0.400694,1.250347,0.411188,1.480057,0.140855,0.079152
581,3,0.082247,0.046096,0.429666,0.452510,1.375296,0.015443,1.359854,0.162584,0.062811
452,0,0.075848,0.050137,0.448722,0.340110,1.297232,0.092034,1.205197,0.158663,0.146306
761,3,0.067244,0.035324,0.239948,0.170521,1.518587,0.152290,1.470715,0.199669,0.076853
314,0,0.053701,0.067452,0.371439,0.283764,1.059912,0.420145,1.480057,0.126600,0.195592
406,1,0.062236,0.059046,0.116709,0.106139,1.251051,0.006897,1.257948,0.028840,0.142821
653,3,0.067244,0.040139,0.332849,0.324972,1.504090,0.152290,1.485212,0.107846,0.066270
322,0,0.055733,0.064116,0.155263,0.018362,1.503310,0.411188,1.092122,0.118723,0.071906
568,2,0.051156,0.067666,0.445127,0.330359,1.432943,0.055387,1.377556,0.036594,0.162751
566,2,0.051146,0.067666,0.282477,0.305648,1.357015,0.020540,1.377556,0.030231,0.186997
384,0,0.055733,0.062644,0.106887,0.179967,1.468781,0.411188,1.057593,0.163059,0.086421
448,1,0.075848,0.046096,0.240237,0.153420,1.451888,0.092034,1.359854,0.020146,0.199728
747,3,0.054958,0.060091,0.292229,0.113732,1.238767,0.269610,1.508378,0.177095,0.183047
493,3,0.055548,0.059046,0.493160,0.463422,1.241468,0.016480,1.257948,0.229730,0.159235
539,2,0.067244,0.048791,0.332646,0.417904,1.559460,0.152290,1.429842,0.067918,0.149743
468,1,0.053509,0.059046,0.157571,0.052178,1.156485,0.101463,1.257948,0.006643,0.194152
258,0,0.066007,0.048791,0.297429,0.151058,1.130973,0.298870,1.429842,0.184974,0.138777
432,1,0.075848,0.041700,0.063701,0.012365,1.442376,0.092034,1.534411,0.155624,0.187397
386,0,0.055733,0.056654,0.140963,0.214216,1.513567,0.411188,1.102379,0.131829,0.076196
684,3,0.082247,0.037446,0.455124,0.338835,1.242474,0.015443,1.227031,0.137130,0.062471
784,2,0.067244,0.047403,0.468987,0.069222,1.536916,0.152290,1.384626,0.066842,0.165274
634,2,0.082247,0.037249,0.087553,0.370751,1.344078,0.015443,1.359520,0.138056,0.070820
585,2,0.082247,0.036874,0.473188,0.446711,1.232192,0.015443,1.216749,0.247525,0.075973
740,2,0.067244,0.038337,0.285489,0.174746,1.503431,0.152290,1.485871,0.114527,0.144371
276,0,0.066007,0.047403,0.409374,0.464740,1.085756,0.298870,1.384626,0.078036,0.163606
749,3,0.050136,0.060091,0.167282,0.150698,1.286783,0.221595,1.508378,0.180216,0.146155
580,3,0.067244,0.046096,0.280210,0.442839,1.512144,0.152290,1.359854,0.159874,0.072266
449,1,0.075848,0.040128,0.176363,0.164105,1.372608,0.092034,1.464642,0.043451,0.195266
445,1,0.075848,0.040036,0.138588,0.119270,1.142536,0.092034,1.234570,0.081062,0.192628
450,1,0.075848,0.039548,0.141074,0.212936,1.282091,0.092034,1.374126,0.078586,0.192801
676,2,0.067244,0.042910,0.331318,0.230287,1.556149,0.152290,1.433154,0.069230,0.149591
454,0,0.075848,0.036888,0.469180,0.352111,1.324868,0.092034,1.232834,0.138293,0.144877
416,1,0.062236,0.046096,0.181885,0.211181,1.366751,0.006897,1.359854,0.036334,0.143257
272,0,0.066007,0.042910,0.298941,0.344081,1.134284,0.298870,1.433154,0.183529,0.139112
538,2,0.057818,0.048791,0.268127,0.460510,1.399778,0.030064,1.429842,0.059844,0.107569
694,2,0.067244,0.041689,0.262450,0.218271,1.436001,0.152290,1.553301,0.137299,0.141746
394,0,0.055733,0.050137,0.082415,0.396372,1.525207,0.411188,1.205197,0.185489,0.093764
583,3,0.060551,0.046096,0.025695,0.465957,1.448534,0.088680,1.359854,0.166353,0.049665
439,1,0.075848,0.035622,0.175143,0.069999,1.269722,0.092034,1.361756,0.044666,0.195181
250,1,0.066007,0.041700,0.212705,0.164182,1.308312,0.298870,1.534411,0.164655,0.010990
273,0,0.066007,0.041689,0.330217,0.352368,1.254432,0.298870,1.553301,0.153652,0.146049
387,0,0.055733,0.048791,0.074096,0.194010,1.300562,0.411188,1.429842,0.193112,0.096260
776,3,0.067244,0.040014,0.287322,0.198539,1.427814,0.152290,1.561488,0.152845,0.071456
401,1,0.062236,0.042823,0.167169,0.009900,1.377724,0.006897,1.370827,0.021619,0.143159
578,3,0.057818,0.046096,0.369476,0.390104,1.329789,0.030064,1.359854,0.145095,0.123823
259,1,0.066007,0.040036,0.211489,0.311453,1.533440,0.298870,1.234570,0.165817,0.011260
767,2,0.067244,0.038906,0.456607,0.143070,1.562125,0.152290,1.409835,0.054605,0.163864
377,0,0.055733,0.047052,0.157436,0.060144,1.562485,0.411188,1.167919,0.116732,0.071254
636,2,0.051146,0.050137,0.383804,0.218395,1.184657,0.020540,1.205197,0.131534,0.185305
275,0,0.066007,0.038906,0.418091,0.396187,1.110965,0.298870,1.409835,0.069708,0.165539
575,3,0.055548,0.046096,0.129820,0.348918,1.376333,0.016480,1.359854,0.133553,0.164090
274,0,0.066007,0.038337,0.296403,0.406320,1.187001,0.298870,1.485871,0.185954,0.138549
683,3,0.067244,0.037446,0.306504,0.331613,1.379321,0.152290,1.227031,0.133886,0.069271
633,2,0.067244,0.037249,0.282937,0.295817,1.207230,0.152290,1.359520,0.117050,0.144080
577,3,0.054958,0.046096,0.346305,0.318401,1.090243,0.269610,1.359854,0.125000,0.193924
535,2,0.051146,0.048791,0.176832,0.378485,1.409302,0.020540,1.429842,0.075387,0.188761
555,2,0.067244,0.036654,0.402557,0.390652,1.411557,0.152290,1.563848,0.001182,0.157707
412,1,0.062236,0.040036,0.040973,0.172582,1.227673,0.006897,1.234570,0.104574,0.142315
701,2,0.054958,0.045118,0.247398,0.292762,1.212492,0.269610,1.482102,0.150103,0.063448
674,2,0.057818,0.042910,0.266592,0.272685,1.403089,0.030064,1.433154,0.061379,0.107605
477,1,0.053509,0.046096,0.185492,0.156941,1.461317,0.101463,1.359854,0.021133,0.196286
418,1,0.062236,0.039548,0.053520,0.264337,1.367229,0.006897,1.374126,0.092027,0.142399
262,0,0.066007,0.036654,0.498812,0.131565,1.278875,0.298870,1.563848,0.007402,0.183443
782,2,0.051156,0.047403,0.475729,0.070440,1.440012,0.055387,1.384626,0.067145,0.164078
780,2,0.051146,0.047403,0.313717,0.047642,1.364085,0.020540,1.384626,0.061464,0.186475
0,1,0.053701,0.045013,0.233122,0.043557,1.215822,0.420145,1.505625,0.172789,0.006451
397,0,0.055733,0.042910,0.075712,0.387841,1.297251,0.411188,1.433154,0.191632,0.095776
576,3,0.051156,0.046096,0.297835,0.385504,1.415240,0.055387,1.359854,0.143806,0.128320
83,1,0.066007,0.035035,0.198972,0.002492,1.335201,0.298870,1.507522,0.177774,0.014036
421,1,0.062236,0.037446,0.339195,0.359992,1.233928,0.006897,1.227031,0.193638,0.144308
579,3,0.050136,0.046096,0.212049,0.359655,1.138259,0.221595,1.359854,0.136562,0.153592
398,0,0.055733,0.041689,0.115340,0.414545,1.177103,0.411188,1.553301,0.155313,0.083885
423,1,0.062236,0.037006,0.064432,0.376093,1.440329,0.006897,1.433432,0.081115,0.142472
434,3,0.054958,0.041700,0.342126,0.490558,1.337571,0.269610,1.534411,0.129026,0.193084
691,2,0.054958,0.041689,0.262946,0.299713,1.283691,0.269610,1.553301,0.135124,0.060320
686,3,0.060551,0.037446,0.003228,0.354065,1.315711,0.088680,1.227031,0.143972,0.048132
703,2,0.050136,0.045118,0.368585,0.307476,1.260507,0.221595,1.482102,0.148341,0.048793
788,3,0.055548,0.040586,0.269978,0.045082,1.249012,0.016480,1.232532,0.006584,0.162217
407,1,0.062236,0.035622,0.085922,0.123745,1.354859,0.006897,1.361756,0.059626,0.142616
300,1,0.053701,0.041700,0.240924,0.184033,1.187037,0.420145,1.534411,0.165671,0.008846
315,0,0.053701,0.041689,0.342985,0.311550,1.133157,0.420145,1.553301,0.152562,0.186859
589,3,0.055548,0.040128,0.298389,0.341845,1.448162,0.016480,1.464642,0.034990,0.161838
754,3,0.051146,0.035324,0.413776,0.047263,1.450175,0.020540,1.470715,0.183018,0.199478
541,3,0.055548,0.040036,0.438165,0.420749,1.218090,0.016480,1.234570,0.174744,0.159970
820,3,0.050136,0.043746,0.259636,0.015054,1.263189,0.221595,1.484784,0.090157,0.161499
826,3,0.055548,0.039598,0.297994,0.015029,1.229280,0.016480,1.212800,0.034595,0.161843
773,3,0.054958,0.040014,0.319024,0.081553,1.291877,0.269610,1.561488,0.151282,0.188437
670,2,0.051146,0.042910,0.175661,0.190715,1.412613,0.020540,1.433154,0.076557,0.188781
606,3,0.055548,0.039548,0.330361,0.304112,1.357646,0.016480,1.374126,0.066957,0.161410
682,3,0.057818,0.037446,0.407153,0.272738,1.196967,0.030064,1.227031,0.107436,0.124704
631,2,0.057818,0.037249,0.200875,0.331555,1.389585,0.030064,1.359520,0.127068,0.109141
308,1,0.053701,0.040036,0.231887,0.329818,1.486878,0.420145,1.234570,0.173917,0.006072
712,3,0.057818,0.037006,0.316123,0.227920,1.403367,0.030064,1.433432,0.198424,0.122576
478,1,0.053509,0.040128,0.119991,0.168115,1.363179,0.101463,1.464642,0.044027,0.191279
474,1,0.053509,0.040036,0.080718,0.123880,1.133107,0.101463,1.234570,0.083095,0.188277
658,2,0.057818,0.036888,0.497033,0.303380,1.202770,0.030064,1.232834,0.168956,0.102218
399,0,0.055733,0.038337,0.076476,0.449484,1.244534,0.411188,1.485871,0.190931,0.095546
718,3,0.057818,0.036816,0.377248,0.220616,1.439116,0.030064,1.469180,0.137327,0.124005
479,1,0.053509,0.039548,0.084107,0.217286,1.272662,0.101463,1.374126,0.079724,0.188536
803,3,0.055548,0.037914,0.281894,0.031858,1.282649,0.016480,1.266169,0.018498,0.162058
693,2,0.050136,0.041689,0.382518,0.313558,1.331706,0.221595,1.553301,0.134755,0.046478
680,3,0.055548,0.037446,0.174452,0.231539,1.243511,0.016480,1.227031,0.088928,0.163493
789,3,0.051156,0.040586,0.429852,0.087084,1.287919,0.055387,1.232532,0.012009,0.122597
628,2,0.055548,0.037249,0.472392,0.266361,1.343040,0.016480,1.359520,0.108792,0.172878
643,3,0.057818,0.035581,0.431850,0.281574,1.360486,0.030064,1.330421,0.082751,0.125281
395,0,0.055733,0.036888,0.104294,0.413275,1.497571,0.411188,1.232834,0.165436,0.087199
391,0,0.055733,0.036874,0.151021,0.316940,1.513656,0.411188,1.216749,0.122611,0.073179
709,3,0.055548,0.037006,0.072750,0.185239,1.449911,0.016480,1.433432,0.190613,0.164852
316,0,0.053701,0.038337,0.311283,0.367596,1.065726,0.420145,1.485871,0.181488,0.177128
759,3,0.057818,0.035324,0.321105,0.124445,1.440651,0.030064,1.470715,0.193445,0.122692
590,3,0.051156,0.040128,0.482942,0.383631,1.409256,0.055387,1.464642,0.040992,0.120295
630,2,0.054958,0.037249,0.257125,0.380293,1.512462,0.269610,1.359520,0.140731,0.061491
711,3,0.054958,0.037006,0.281264,0.169097,1.163821,0.269610,1.433432,0.187659,0.180841
717,3,0.054958,0.036816,0.343444,0.150902,1.199569,0.269610,1.469180,0.127757,0.193349
827,3,0.051156,0.039598,0.456397,0.028091,1.268187,0.055387,1.212800,0.014491,0.121446
652,3,0.050136,0.040139,0.252662,0.230548,1.263617,0.221595,1.485212,0.096957,0.160340
591,3,0.050136,0.040128,0.384937,0.321245,1.455355,0.221595,1.464642,0.032031,0.182317
775,3,0.050136,0.040014,0.196440,0.118993,1.339893,0.221595,1.561488,0.151782,0.150999
764,2,0.051156,0.038906,0.463239,0.143402,1.465222,0.055387,1.409835,0.054676,0.163536
762,2,0.051146,0.038906,0.301885,0.119959,1.389295,0.020540,1.409835,0.049636,0.186673
495,3,0.055548,0.035622,0.373564,0.450630,1.345276,0.016480,1.361756,0.110153,0.160833
640,3,0.055548,0.035581,0.168011,0.242124,1.313941,0.016480,1.330421,0.095368,0.163580
607,3,0.050136,0.039548,0.413728,0.277913,1.545872,0.221595,1.374126,0.060106,0.187101
642,3,0.054958,0.035581,0.365376,0.206915,1.541561,0.269610,1.330421,0.106628,0.197760
758,3,0.054958,0.035324,0.283518,0.065540,1.201105,0.269610,1.470715,0.185487,0.181295
804,3,0.051156,0.037914,0.443534,0.073849,1.321556,0.055387,1.266169,0.001649,0.122003
587,3,0.047951,0.040128,0.017664,0.339287,1.160351,0.516599,1.464642,0.034623,0.164381
681,3,0.051156,0.037446,0.335219,0.270618,1.282418,0.055387,1.227031,0.106484,0.126700
492,2,0.051146,0.037452,0.498293,0.469397,1.194766,0.020540,1.215307,0.245994,0.183393
469,1,0.053509,0.035622,0.118193,0.074129,1.260293,0.101463,1.361756,0.045815,0.191142
629,2,0.051156,0.037249,0.294715,0.283390,1.304134,0.055387,1.359520,0.113566,0.156230
626,2,0.051146,0.037249,0.148111,0.249625,1.380061,0.020540,1.359520,0.104101,0.189241
604,3,0.047951,0.039548,0.050251,0.288747,1.250867,0.516599,1.374126,0.062940,0.176477
707,3,0.051146,0.037006,0.412574,0.150303,1.412891,0.020540,1.433432,0.184220,0.199458
84,1,0.053701,0.035035,0.225920,0.016032,1.213926,0.420145,1.507522,0.179361,0.004241
657,2,0.051146,0.036888,0.382113,0.215241,1.212294,0.020540,1.232834,0.129843,0.185333
584,2,0.051146,0.036874,0.446430,0.331262,1.196208,0.020540,1.216749,0.194145,0.184259
632,2,0.050136,0.037249,0.372465,0.393941,1.560477,0.221595,1.359520,0.144557,0.048148
713,3,0.050136,0.037006,0.152616,0.206575,1.211837,0.221595,1.433432,0.194518,0.143718
719,3,0.050136,0.036816,0.215533,0.190288,1.247585,0.221595,1.469180,0.133164,0.154171
545,3,0.050136,0.036770,0.366192,0.387709,1.309549,0.221595,1.531144,0.013752,0.179203
549,3,0.050136,0.036699,0.346492,0.375821,1.320451,0.221595,1.542046,0.005459,0.175930
812,3,0.050136,0.036667,0.278027,0.001221,1.349201,0.221595,1.570796,0.072222,0.164555
641,3,0.051156,0.035581,0.358862,0.281169,1.275035,0.055387,1.330421,0.082880,0.125674
496,3,0.050136,0.035622,0.455364,0.416697,1.558241,0.221595,1.361756,0.100708,0.194018
644,3,0.050136,0.035581,0.255242,0.245019,1.552016,0.221595,1.330421,0.094442,0.160769
760,3,0.050136,0.035324,0.156739,0.102622,1.249120,0.221595,1.470715,0.190497,0.144403
494,3,0.047951,0.035622,0.094127,0.417980,1.263237,0.516599,1.361756,0.101065,0.192763
