209,0,0.731327,0.219941,0.004030,0.008339,1.566603,0.024020,1.550970,0.030528,0.045053
111,0,0.731446,0.219941,0.013262,0.018868,1.556829,0.033793,1.550970,0.030224,0.034523
191,1,0.102246,0.837943,0.010969,0.010373,1.496959,0.024764,1.521723,0.101430,0.021324
139,0,0.731446,0.355005,0.003580,0.419090,1.528349,0.033793,1.562142,0.039986,0.034262
237,0,0.731327,0.355005,0.005481,0.408485,1.538123,0.024020,1.562142,0.039844,0.044866
131,0,0.731446,0.366682,0.017141,0.326284,1.533612,0.033793,1.567405,0.060552,0.033712
229,0,0.731327,0.366682,0.026060,0.315544,1.543385,0.024020,1.567405,0.060480,0.044452
263,0,0.653376,0.219941,0.007727,0.027747,1.557715,0.006745,1.550970,0.031572,0.081122
120,0,0.731446,0.043365,0.001945,0.122609,1.560519,0.033793,1.526726,0.041728,0.034215
123,0,0.731446,0.038289,0.012477,0.187393,1.556605,0.033793,1.522812,0.031010,0.034502
218,0,0.731327,0.043365,0.007977,0.111998,1.550746,0.024020,1.526726,0.042365,0.044815
221,0,0.731327,0.038289,0.002913,0.176853,1.546832,0.024020,1.522812,0.031690,0.045029
245,3,0.706746,0.837943,0.003443,0.008332,1.513468,0.106402,1.521723,0.157449,0.039788
207,1,0.731327,0.837943,0.032532,0.002202,1.497703,0.024020,1.521723,0.101987,0.029669
313,0,0.653376,0.355005,0.002513,0.372280,1.555398,0.006745,1.562142,0.039361,0.081070
109,1,0.731446,0.837943,0.024653,0.017713,1.487930,0.033793,1.521723,0.100939,0.013975
125,1,0.731446,0.320347,0.047352,0.245187,1.494194,0.033793,1.527987,0.078253,0.013368
223,1,0.731327,0.320347,0.055315,0.229328,1.503967,0.024020,1.527987,0.079205,0.029212
494,2,0.227753,0.355005,0.011660,0.002268,1.476884,0.102566,1.562142,0.029675,0.093745
304,0,0.653376,0.366682,0.021486,0.279066,1.560660,0.006745,1.567405,0.060237,0.080930
493,2,0.706746,0.355005,0.006714,0.005343,1.473048,0.106402,1.562142,0.029718,0.096942
192,1,0.102246,0.660556,0.043488,0.012881,1.489264,0.024764,1.514027,0.068839,0.020671
664,3,0.706746,0.141810,0.015805,0.003831,1.505365,0.106402,1.529825,0.145151,0.038802
115,0,0.731446,0.060012,0.076353,0.059600,1.557796,0.033793,1.524004,0.119746,0.032130
208,1,0.731327,0.660556,0.065032,0.004521,1.490008,0.024020,1.514027,0.069489,0.029017
110,1,0.731446,0.660556,0.057361,0.020464,1.480235,0.033793,1.514027,0.068249,0.013101
319,0,0.653376,0.048356,0.004019,0.472326,1.558783,0.006745,1.552038,0.035724,0.081094
213,0,0.731327,0.060012,0.086054,0.048467,1.548023,0.024020,1.524004,0.120464,0.043250
298,1,0.653376,0.320347,0.125758,0.182625,1.521242,0.006745,1.527987,0.082009,0.075867
198,1,0.102246,0.320347,0.033629,0.237679,1.503223,0.024764,1.527987,0.078704,0.020869
117,1,0.731446,0.256729,0.195590,0.087532,1.190389,0.033793,1.224182,0.069893,0.009409
293,0,0.653376,0.043365,0.006164,0.075743,1.533471,0.006745,1.526726,0.044542,0.081035
253,1,0.653376,0.660556,0.134632,0.042350,1.507283,0.006745,1.514027,0.073135,0.075808
114,1,0.731446,0.057973,0.154127,0.078731,1.206463,0.033793,1.240256,0.028456,0.010516
296,0,0.653376,0.038289,0.005465,0.140735,1.529557,0.006745,1.522812,0.034019,0.081105
215,1,0.731327,0.256729,0.196220,0.069464,1.200162,0.024020,1.224182,0.061656,0.026388
314,1,0.653376,0.120263,0.062669,0.407553,1.515509,0.006745,1.522254,0.145100,0.076289
241,1,0.653376,0.837943,0.102685,0.044450,1.514978,0.006745,1.521723,0.105082,0.076021
594,3,0.706746,0.248652,0.033222,0.002590,1.502367,0.106402,1.532824,0.127832,0.037413
288,0,0.653376,0.060012,0.084015,0.011168,1.530748,0.006745,1.524004,0.122869,0.080512
212,1,0.731327,0.057973,0.155360,0.061083,1.216237,0.024020,1.240256,0.020811,0.027207
124,1,0.731446,0.049704,0.223134,0.246914,1.326653,0.033793,1.360446,0.097419,0.008673
64,1,0.073263,0.660556,0.012382,0.072549,1.414118,0.213447,1.514027,0.064198,0.038896
141,0,0.731446,0.043618,0.080723,0.479377,1.477903,0.033793,1.444110,0.037221,0.036325
133,1,0.731446,0.089330,0.089008,0.388714,1.301336,0.033793,1.335129,0.036622,0.012256
78,0,0.731446,0.100276,0.052333,0.084813,1.261847,0.033793,1.295640,0.008846,0.035567
126,0,0.731446,0.059812,0.055247,0.238889,1.409363,0.033793,1.375570,0.011758,0.035645
238,1,0.731327,0.120263,0.007623,0.453427,1.498234,0.024020,1.522254,0.142040,0.030471
140,1,0.731446,0.120263,0.015453,0.468873,1.488461,0.033793,1.522254,0.141010,0.015046
300,1,0.653376,0.101985,0.067370,0.195790,1.503498,0.006745,1.510243,0.140399,0.076257
116,1,0.731446,0.037948,0.172711,0.082549,1.215579,0.033793,1.249372,0.047028,0.010020
112,0,0.731446,0.056989,0.056888,0.031862,1.297361,0.033793,1.331154,0.013398,0.035688
222,1,0.731327,0.049704,0.227087,0.229426,1.336426,0.024020,1.360446,0.092513,0.025770
118,1,0.731446,0.038042,0.217019,0.102674,1.176166,0.033793,1.209959,0.091308,0.008837
683,3,0.706746,0.059728,0.145466,0.024076,1.299968,0.106402,1.193566,0.016224,0.028465
81,0,0.731327,0.100276,0.047211,0.095568,1.271620,0.024020,1.295640,0.012739,0.045920
85,0,0.731446,0.129331,0.020959,0.071840,1.299474,0.033793,1.333267,0.022520,0.034728
255,3,0.156329,0.660556,0.404464,0.107821,1.533708,0.093857,1.514027,0.129601,0.099407
224,0,0.731327,0.059812,0.043528,0.228489,1.399589,0.024020,1.375570,0.009056,0.045846
41,1,0.067371,0.660556,0.212780,0.031840,1.382537,0.245028,1.514027,0.067365,0.001744
243,3,0.156329,0.837943,0.380602,0.069732,1.526013,0.093857,1.521723,0.153354,0.101113
134,1,0.731446,0.063226,0.290043,0.411267,1.190381,0.033793,1.224174,0.164286,0.006886
163,1,0.053418,0.660556,0.038769,0.033314,1.348915,0.278650,1.514027,0.067250,0.000273
210,0,0.731327,0.056989,0.051222,0.021248,1.307134,0.024020,1.331154,0.016749,0.046000
231,1,0.731327,0.089330,0.092713,0.372046,1.311109,0.024020,1.335129,0.041817,0.028463
113,0,0.731446,0.051739,0.039477,0.037913,1.294652,0.033793,1.328445,0.004005,0.035223
225,1,0.731327,0.101985,0.002367,0.241772,1.486223,0.024020,1.510243,0.136619,0.030363
214,1,0.731327,0.037948,0.174112,0.064829,1.225352,0.024020,1.249372,0.039556,0.026831
119,0,0.731446,0.071191,0.006779,0.126792,1.267932,0.033793,1.301725,0.036733,0.034349
256,3,0.124934,0.660556,0.100923,0.108891,1.528926,0.098639,1.514027,0.129684,0.098339
127,1,0.731446,0.101985,0.009787,0.257270,1.476450,0.033793,1.510243,0.135345,0.014894
258,3,0.400250,0.660556,0.095402,0.177384,1.520489,0.107077,1.514027,0.135011,0.029961
216,1,0.731327,0.038042,0.217224,0.084355,1.185939,0.024020,1.209959,0.082654,0.025968
359,3,0.400250,0.320347,0.100680,0.292438,1.506529,0.107077,1.527987,0.129765,0.029532
88,0,0.731327,0.129331,0.015383,0.082700,1.309247,0.024020,1.333267,0.019098,0.045282
239,0,0.731327,0.043618,0.069978,0.469243,1.468129,0.024020,1.444110,0.035500,0.046376
244,3,0.124934,0.837943,0.077069,0.068741,1.521230,0.098639,1.521723,0.153420,0.100123
232,1,0.731327,0.063226,0.290381,0.392534,1.200154,0.024020,1.224174,0.155785,0.024502
242,1,0.057745,0.837943,0.336243,0.144477,1.487995,0.033728,1.521723,0.111754,0.175930
595,3,0.400250,0.248652,0.102211,0.005431,1.501692,0.107077,1.532824,0.128242,0.029407
63,1,0.073263,0.837943,0.046001,0.076177,1.406422,0.213447,1.521723,0.097038,0.044438
121,0,0.731446,0.086101,0.002985,0.136428,1.290501,0.033793,1.324294,0.046288,0.034093
257,3,0.706746,0.660556,0.026627,0.169392,1.521163,0.106402,1.514027,0.134390,0.037939
358,3,0.706746,0.320347,0.031762,0.284432,1.507204,0.106402,1.527987,0.129284,0.037530
211,0,0.731327,0.051739,0.033920,0.027172,1.304425,0.024020,1.328445,0.000552,0.045653
129,1,0.731446,0.039006,0.264917,0.333821,1.165512,0.033793,1.199305,0.139176,0.007557
217,0,0.731327,0.071191,0.001888,0.115736,1.277705,0.024020,1.301725,0.032810,0.045007
246,3,0.227753,0.837943,0.477226,0.006331,1.517304,0.102566,1.521723,0.157582,0.037789
356,3,0.156329,0.320347,0.408501,0.222781,1.519749,0.093857,1.527987,0.125583,0.099118
219,0,0.731327,0.086101,0.008310,0.125380,1.300274,0.024020,1.324294,0.042700,0.044809
311,0,0.653376,0.051672,0.087064,0.325245,1.502695,0.006745,1.509440,0.125919,0.080491
31,0,0.107441,0.366682,0.215379,0.449012,1.333266,0.240921,1.567405,0.061372,0.089014
525,3,0.706746,0.120263,0.036578,0.253896,1.512937,0.106402,1.522254,0.197236,0.042978
235,0,0.731327,0.051672,0.094593,0.362729,1.485420,0.024020,1.509440,0.129001,0.043079
334,0,0.057745,0.366682,0.335250,0.164587,1.533677,0.033728,1.567405,0.059472,0.195408
227,1,0.731327,0.039006,0.264685,0.315081,1.175286,0.024020,1.199305,0.130098,0.025017
247,3,0.400250,0.837943,0.072298,0.000409,1.512793,0.107077,1.521723,0.157979,0.031841
254,1,0.057745,0.660556,0.367146,0.141817,1.480299,0.033728,1.514027,0.080871,0.175105
40,1,0.067371,0.837943,0.179432,0.036018,1.374842,0.245028,1.521723,0.099717,0.004322
137,0,0.731446,0.051672,0.086538,0.373971,1.475647,0.033793,1.509440,0.129925,0.031858
342,0,0.057745,0.355005,0.356910,0.257357,1.528414,0.033728,1.562142,0.037826,0.195986
290,1,0.653376,0.256729,0.245814,0.017669,1.217437,0.006745,1.224182,0.038045,0.075065
506,2,0.070601,0.355005,0.014500,0.099925,1.183236,0.396214,1.562142,0.028313,0.008232
666,3,0.400250,0.141810,0.084756,0.004199,1.504691,0.107077,1.529825,0.145595,0.030827
156,0,0.078157,0.366682,0.246448,0.415365,1.311701,0.262486,1.567405,0.061147,0.055367
461,2,0.706746,0.051672,0.029946,0.349958,1.525751,0.106402,1.509440,0.066169,0.094019
503,2,0.136294,0.355005,0.106141,0.040688,1.222558,0.356892,1.562142,0.029105,0.051009
67,1,0.073263,0.256729,0.136924,0.112788,1.437629,0.213447,1.224182,0.081406,0.014325
492,2,0.156329,0.355005,0.182534,0.060881,1.485594,0.093857,1.562142,0.030461,0.152554
609,3,0.706746,0.081732,0.079791,0.132048,1.330615,0.106402,1.224213,0.081526,0.033701
195,1,0.102246,0.256729,0.178093,0.078418,1.199418,0.024764,1.224182,0.065738,0.017973
498,2,0.400250,0.355005,0.244078,0.001802,1.472374,0.107077,1.562142,0.029627,0.090149
383,2,0.136294,0.366682,0.078414,0.129650,1.217295,0.356892,1.567405,0.055059,0.043684
386,2,0.070601,0.366682,0.043080,0.189941,1.177973,0.396214,1.567405,0.054656,0.016607
371,2,0.156329,0.366682,0.157105,0.022602,1.480331,0.093857,1.567405,0.055774,0.150736
310,0,0.653376,0.036805,0.106489,0.320361,1.499683,0.006745,1.506428,0.145350,0.080361
495,2,0.067548,0.355005,0.018352,0.001633,1.448091,0.131359,1.562142,0.029630,0.090353
528,3,0.400250,0.120263,0.032280,0.261787,1.512262,0.107077,1.522254,0.197762,0.035097
190,0,0.066846,0.355005,0.031679,0.450383,1.323289,0.256161,1.562142,0.040404,0.002970
102,0,0.060414,0.366682,0.220505,0.427167,1.310761,0.263426,1.567405,0.061226,0.067170
357,3,0.124934,0.320347,0.104979,0.223865,1.514966,0.098639,1.527987,0.125648,0.098036
13,0,0.057393,0.366682,0.011736,0.412047,1.335021,0.239167,1.567405,0.061125,0.052049
684,3,0.706746,0.038075,0.107585,0.027605,1.258551,0.106402,1.152149,0.053890,0.031485
710,2,0.070601,0.043258,0.018352,0.016957,1.424757,0.396214,1.320621,0.001854,0.001360
18,1,0.107441,0.660556,0.467460,0.019460,1.386644,0.240921,1.514027,0.071354,0.052957
675,3,0.706746,0.061282,0.071582,0.025891,1.290520,0.106402,1.184118,0.089689,0.034355
264,0,0.057745,0.219941,0.359839,0.142715,1.556894,0.033728,1.550970,0.034898,0.196064
19,0,0.107441,0.219941,0.251336,0.148893,1.310049,0.240921,1.550970,0.026462,0.095474
89,0,0.653376,0.129331,0.031570,0.119749,1.326522,0.006745,1.333267,0.007422,0.081283
592,3,0.156329,0.248652,0.409411,0.064270,1.514912,0.093857,1.532824,0.124677,0.099053
444,2,0.706746,0.036805,0.046115,0.371282,1.528762,0.106402,1.506428,0.082246,0.092730
144,0,0.078157,0.219941,0.281366,0.115575,1.288484,0.262486,1.550970,0.027426,0.062164
374,2,0.227753,0.366682,0.014189,0.081607,1.471622,0.102566,1.567405,0.055380,0.091727
234,0,0.731327,0.036805,0.114219,0.358117,1.482409,0.024020,1.506428,0.148621,0.042685
691,3,0.400250,0.059728,0.210716,0.015600,1.300643,0.107077,1.193566,0.020377,0.020578
378,2,0.400250,0.366682,0.218197,0.085290,1.467111,0.107077,1.567405,0.055355,0.088044
260,3,0.130828,0.660556,0.269969,0.255811,1.265455,0.362110,1.514027,0.141111,0.048333
2,0,0.057393,0.129331,0.021899,0.019374,1.569159,0.239167,1.333267,0.051256,0.053871
292,0,0.653376,0.071191,0.019563,0.078187,1.294980,0.006745,1.301725,0.019488,0.081202
287,1,0.653376,0.057973,0.206537,0.010205,1.233512,0.006745,1.240256,0.001231,0.075327
188,0,0.066846,0.366682,0.010851,0.352986,1.318027,0.256161,1.567405,0.060730,0.007010
70,1,0.073263,0.320347,0.023429,0.299330,1.400158,0.213447,1.527987,0.075002,0.040719
315,1,0.653376,0.090152,0.354706,0.450657,1.218248,0.006745,1.224993,0.146933,0.074337
505,2,0.056956,0.355005,0.052060,0.069812,1.209495,0.369955,1.562142,0.028716,0.021881
261,3,0.072363,0.660556,0.103895,0.231095,1.290913,0.336652,1.514027,0.139189,0.023660
294,0,0.653376,0.086101,0.008713,0.087933,1.317549,0.006745,1.324294,0.030539,0.081129
45,1,0.067371,0.256729,0.345979,0.069906,1.469209,0.245028,1.224182,0.061858,0.025973
3,0,0.057393,0.219941,0.046324,0.111661,1.311803,0.239167,1.550970,0.027539,0.058251
297,1,0.653376,0.049704,0.286216,0.179278,1.353701,0.006745,1.360446,0.078445,0.074795
268,0,0.653376,0.056989,0.067233,0.015313,1.324409,0.006745,1.331154,0.028291,0.081522
91,0,0.060414,0.219941,0.255887,0.127536,1.287544,0.263426,1.550970,0.027080,0.074122
308,1,0.653376,0.063226,0.339461,0.339426,1.217429,0.006745,1.224174,0.131689,0.074439
128,1,0.731446,0.044871,0.338043,0.331890,1.140425,0.033793,1.174218,0.212256,0.005604
299,0,0.653376,0.059812,0.038631,0.192311,1.382314,0.006745,1.375570,0.000343,0.081330
259,3,0.054109,0.660556,0.485064,0.282107,1.278738,0.348827,1.514027,0.143156,0.074585
385,2,0.056956,0.366682,0.023997,0.159132,1.204232,0.369955,1.567405,0.054862,0.014201
373,2,0.706746,0.366682,0.019117,0.078451,1.467786,0.106402,1.567405,0.055401,0.094883
226,1,0.731327,0.044871,0.336830,0.312409,1.150199,0.024020,1.174218,0.202218,0.023571
307,1,0.653376,0.089330,0.150809,0.323463,1.328384,0.006745,1.335129,0.056958,0.075700
132,1,0.731446,0.038476,0.334542,0.390641,1.218215,0.033793,1.252008,0.208757,0.005698
17,1,0.107441,0.837943,0.434712,0.015486,1.378949,0.240921,1.521723,0.103149,0.047074
136,0,0.731446,0.036805,0.106231,0.369494,1.472635,0.033793,1.506428,0.149606,0.031332
166,1,0.053418,0.256729,0.094599,0.067927,1.502831,0.278650,1.224182,0.060956,0.027833
372,2,0.124934,0.366682,0.492257,0.021289,1.475548,0.098639,1.567405,0.055783,0.152049
269,0,0.653376,0.051739,0.050243,0.009738,1.321700,0.006745,1.328445,0.011286,0.081408
504,2,0.054590,0.355005,0.047927,0.058030,1.166176,0.413275,1.562142,0.028873,0.033664
395,2,0.706746,0.050230,0.035906,0.367986,1.550031,0.106402,1.443629,0.072095,0.093544
178,0,0.066846,0.219941,0.043194,0.052645,1.294809,0.256161,1.550970,0.029246,0.000752
697,2,0.070601,0.046487,0.032982,0.011683,1.432431,0.396214,1.312948,0.015340,0.005647
291,1,0.653376,0.038042,0.265686,0.031993,1.203214,0.006745,1.209959,0.057916,0.074932
262,3,0.054095,0.660556,0.220254,0.300512,1.265842,0.361723,1.514027,0.144588,0.092959
593,3,0.124934,0.248652,0.105900,0.063183,1.510130,0.098639,1.532824,0.124732,0.097967
230,1,0.731327,0.038476,0.335458,0.371783,1.227989,0.024020,1.252008,0.200847,0.023598
130,1,0.731446,0.038881,0.341497,0.351304,1.167675,0.033793,1.201468,0.215707,0.005512
617,2,0.706746,0.073877,0.092283,0.058256,1.375284,0.106402,1.268882,0.055368,0.103764
331,1,0.057745,0.320347,0.360027,0.083096,1.494259,0.033728,1.527987,0.087985,0.175295
384,2,0.054590,0.366682,0.019416,0.148372,1.160913,0.413275,1.567405,0.054934,0.024962
289,1,0.653376,0.037948,0.225829,0.013846,1.242627,0.006745,1.249372,0.018060,0.075199
316,0,0.653376,0.043618,0.068424,0.433801,1.450854,0.006745,1.444110,0.029483,0.081530
51,1,0.067371,0.320347,0.202394,0.258714,1.368578,0.245028,1.527987,0.077441,0.000145
122,0,0.731446,0.039616,0.054969,0.195799,1.276947,0.033793,1.310740,0.098373,0.032701
154,0,0.078157,0.059812,0.352569,0.352739,1.113083,0.262486,1.375570,0.041338,0.076023
228,1,0.731327,0.038881,0.341018,0.332022,1.177448,0.024020,1.201468,0.206404,0.023487
62,1,0.073263,0.035334,0.038451,0.006218,1.533614,0.213447,1.394531,0.014678,0.030539
302,1,0.653376,0.039006,0.312076,0.261837,1.192561,0.006745,1.199305,0.104304,0.074622
665,3,0.227753,0.141810,0.489614,0.001877,1.509202,0.102566,1.529825,0.145261,0.036822
65,1,0.073263,0.057973,0.097373,0.111883,1.453704,0.213447,1.240256,0.042817,0.020837
361,3,0.130828,0.320347,0.276979,0.372248,1.251496,0.362110,1.527987,0.134556,0.050197
12,0,0.057393,0.059812,0.115807,0.347320,1.136403,0.239167,1.375570,0.039930,0.070708
610,3,0.400250,0.081732,0.145413,0.140352,1.331290,0.107077,1.224213,0.085295,0.025892
79,0,0.078157,0.100276,0.280902,0.016765,1.558126,0.262486,1.295640,0.027874,0.062074
466,2,0.400250,0.051672,0.207884,0.356786,1.525076,0.107077,1.509440,0.065607,0.087204
348,1,0.057745,0.248652,0.355357,0.441606,1.499095,0.033728,1.532824,0.092652,0.175420
169,1,0.053418,0.320347,0.049261,0.260466,1.334956,0.278650,1.527987,0.077336,0.001895
220,0,0.731327,0.039616,0.060019,0.184341,1.286720,0.024020,1.310740,0.094437,0.043771
249,3,0.130828,0.837943,0.246646,0.073693,1.257760,0.362110,1.521723,0.162919,0.042132
75,1,0.073263,0.089330,0.030457,0.434083,1.548576,0.213447,1.335129,0.022482,0.031856
100,0,0.060414,0.059812,0.330270,0.365702,1.112143,0.263426,1.375570,0.044705,0.088737
66,1,0.073263,0.037948,0.114464,0.112110,1.462819,0.213447,1.249372,0.059492,0.018023
526,3,0.227753,0.120263,0.437217,0.255964,1.516773,0.102566,1.522254,0.197374,0.040913
187,0,0.066846,0.059812,0.098023,0.285213,1.119409,0.256161,1.375570,0.023794,0.009791
682,3,0.706746,0.044259,0.053805,0.023634,1.297446,0.106402,1.191044,0.107366,0.035773
0,0,0.057393,0.100276,0.047386,0.013022,1.534806,0.239167,1.295640,0.026508,0.058441
29,0,0.107441,0.059812,0.330347,0.387041,1.134649,0.240921,1.375570,0.050250,0.109668
80,0,0.066846,0.100276,0.067231,0.043856,1.551800,0.256161,1.295640,0.005986,0.003871
347,0,0.057745,0.048356,0.355943,0.357437,1.555826,0.033728,1.552038,0.038792,0.195960
250,3,0.072363,0.837943,0.080463,0.049365,1.283218,0.336652,1.521723,0.161297,0.017834
86,0,0.078157,0.129331,0.255591,0.022741,1.545839,0.262486,1.333267,0.052318,0.057147
135,0,0.731446,0.116748,0.093002,0.383852,1.256698,0.033793,1.290491,0.136385,0.031685
662,3,0.156329,0.141810,0.392279,0.065337,1.517911,0.093857,1.529825,0.141730,0.100278
248,3,0.054109,0.837943,0.462134,0.100274,1.271042,0.348827,1.521723,0.164692,0.068679
145,0,0.078157,0.056989,0.290140,0.134336,1.547952,0.262486,1.331154,0.018952,0.063872
14,0,0.107441,0.100276,0.237880,0.048886,1.536561,0.240921,1.295640,0.039526,0.093057
77,0,0.060414,0.100276,0.250762,0.028193,1.559066,0.263426,1.295640,0.032026,0.073115
206,1,0.102246,0.120263,0.029250,0.461782,1.497490,0.024764,1.522254,0.141483,0.022127
4,0,0.057393,0.056989,0.056442,0.130417,1.570321,0.239167,1.331154,0.017715,0.060065
692,3,0.400250,0.038075,0.172371,0.019095,1.259225,0.107077,1.152149,0.058496,0.023698
523,3,0.156329,0.120263,0.340611,0.192825,1.525482,0.093857,1.522254,0.193163,0.103973
322,0,0.057745,0.043365,0.343298,0.038971,1.560454,0.033728,1.526726,0.051429,0.195623
16,0,0.107441,0.129331,0.214134,0.055296,1.567405,0.240921,1.333267,0.062581,0.088791
69,1,0.073263,0.049704,0.159032,0.266716,1.567699,0.213447,1.360446,0.102974,0.010686
233,0,0.731327,0.116748,0.097623,0.372058,1.266471,0.024020,1.290491,0.132030,0.043018
87,0,0.066846,0.129331,0.039029,0.037704,1.552165,0.256161,1.333267,0.033280,0.001554
179,0,0.066846,0.056989,0.073572,0.073834,1.554278,0.256161,1.331154,0.000148,0.005091
685,3,0.706746,0.053246,0.035437,0.052204,1.307397,0.106402,1.200996,0.125630,0.037237
251,3,0.054095,0.837943,0.197446,0.118497,1.258146,0.361723,1.521723,0.165907,0.086880
68,1,0.073263,0.038042,0.157328,0.123850,1.423406,0.213447,1.209959,0.101313,0.010966
309,0,0.653376,0.116748,0.078755,0.333001,1.283746,0.006745,1.290491,0.117607,0.080547
142,1,0.078157,0.837943,0.434074,0.060751,1.357383,0.262486,1.521723,0.106169,0.092305
240,1,0.047960,0.837943,0.045991,0.056618,1.364254,0.255615,1.521723,0.105894,0.088176
143,1,0.078157,0.660556,0.466441,0.065187,1.365079,0.262486,1.514027,0.074911,0.098605
428,2,0.706746,0.116748,0.191871,0.286814,1.396893,0.106402,1.290491,0.154391,0.111703
90,1,0.060414,0.837943,0.478909,0.050563,1.356443,0.263426,1.521723,0.105490,0.082128
329,0,0.057745,0.038289,0.353305,0.025816,1.556540,0.033728,1.522812,0.041428,0.195890
152,0,0.078157,0.038289,0.284152,0.284715,1.260326,0.262486,1.522812,0.024735,0.062706
193,1,0.102246,0.057973,0.137005,0.069976,1.215493,0.024764,1.240256,0.024663,0.018797
92,0,0.060414,0.056989,0.260549,0.145828,1.547012,0.263426,1.331154,0.022580,0.075038
84,0,0.060414,0.129331,0.226004,0.034161,1.544899,0.263426,1.333267,0.055919,0.068250
28,1,0.107441,0.320347,0.458010,0.207258,1.372685,0.240921,1.527987,0.080530,0.051259
367,3,0.156329,0.101985,0.334104,0.422901,1.537493,0.093857,1.510243,0.199640,0.104438
146,0,0.078157,0.051739,0.272801,0.136531,1.550661,0.262486,1.328445,0.035698,0.060497
20,0,0.107441,0.056989,0.248656,0.166367,1.569518,0.240921,1.331154,0.029064,0.094992
11,0,0.057393,0.038289,0.048947,0.280724,1.283645,0.239167,1.522812,0.024993,0.058721
194,1,0.102246,0.037948,0.155641,0.073692,1.224608,0.024764,1.249372,0.043293,0.018423
149,0,0.078157,0.043365,0.272446,0.217347,1.264240,0.262486,1.526726,0.036040,0.060428
449,2,0.400250,0.036805,0.191744,0.378135,1.528088,0.107077,1.506428,0.081652,0.085891
5,0,0.057393,0.051739,0.039128,0.132887,1.567612,0.239167,1.328445,0.034527,0.056960
597,3,0.130828,0.248652,0.279339,0.085719,1.246659,0.362110,1.532824,0.132350,0.050825
501,2,0.058639,0.355005,0.083196,0.026756,1.181054,0.398396,1.562142,0.029291,0.064945
99,0,0.060414,0.038289,0.259122,0.296780,1.259386,0.263426,1.522812,0.023957,0.074758
27,0,0.107441,0.038289,0.255341,0.318241,1.281891,0.240921,1.522812,0.022574,0.096193
197,1,0.102246,0.049704,0.207283,0.237999,1.335682,0.024764,1.360446,0.094919,0.017388
366,2,0.706746,0.059812,0.159541,0.497225,1.269168,0.106402,1.375570,0.195030,0.083687
180,0,0.066846,0.051739,0.056598,0.076082,1.556986,0.256161,1.328445,0.016272,0.001827
381,2,0.058639,0.366682,0.055140,0.116559,1.175792,0.398396,1.567405,0.055146,0.056775
42,1,0.067371,0.057973,0.307552,0.069778,1.485284,0.245028,1.240256,0.024578,0.018983
196,1,0.102246,0.038042,0.199268,0.093357,1.185195,0.024764,1.209959,0.086907,0.017549
8,0,0.057393,0.043365,0.037335,0.213554,1.287559,0.239167,1.526726,0.036268,0.056639
252,1,0.047960,0.660556,0.078362,0.060896,1.371950,0.255615,1.514027,0.074577,0.094322
24,0,0.107441,0.043365,0.243553,0.251029,1.285805,0.240921,1.526726,0.034018,0.094076
676,3,0.400250,0.061282,0.136768,0.034266,1.291195,0.107077,1.184118,0.093889,0.026595
96,0,0.060414,0.043365,0.247351,0.229376,1.263299,0.263426,1.526726,0.035318,0.072445
93,0,0.060414,0.051739,0.243142,0.147989,1.549721,0.263426,1.328445,0.039380,0.071618
663,3,0.124934,0.141810,0.088759,0.064307,1.513128,0.098639,1.529825,0.141787,0.099249
412,2,0.706746,0.037581,0.084592,0.386233,1.420395,0.106402,1.313993,0.047721,0.103151
502,2,0.073843,0.355005,0.150685,0.015223,1.183244,0.396206,1.562142,0.029445,0.076490
164,1,0.053418,0.057973,0.056309,0.068788,1.518906,0.278650,1.240256,0.024148,0.019920
700,3,0.130828,0.059728,0.348517,0.080954,1.555676,0.362110,1.193566,0.067664,0.069217
382,2,0.073843,0.366682,0.122699,0.105012,1.177981,0.396206,1.567405,0.055223,0.068321
21,0,0.107441,0.051739,0.231133,0.168830,1.569366,0.240921,1.328445,0.046077,0.091844
701,3,0.072363,0.059728,0.192798,0.055737,1.530218,0.336652,1.193566,0.055313,0.045762
57,1,0.067371,0.089330,0.245949,0.393320,1.561436,0.245028,1.335129,0.035186,0.007778
630,2,0.070601,0.073877,0.110519,0.137256,1.476496,0.396214,1.268882,0.086741,0.028348
524,3,0.124934,0.120263,0.037070,0.193684,1.520699,0.098639,1.522254,0.193220,0.103115
44,1,0.067371,0.037948,0.325123,0.069732,1.494399,0.245028,1.249372,0.041624,0.022179
301,1,0.653376,0.044871,0.381730,0.257562,1.167474,0.006745,1.174218,0.173956,0.074157
647,2,0.706746,0.036851,0.102157,0.054882,1.403317,0.106402,1.296916,0.065186,0.104551
199,1,0.102246,0.101985,0.023706,0.250135,1.485479,0.024764,1.510243,0.135931,0.022016
204,1,0.102246,0.089330,0.073199,0.380672,1.310365,0.024764,1.335129,0.039128,0.020075
380,2,0.130828,0.366682,0.351148,0.021749,1.212078,0.362110,1.567405,0.055779,0.151589
174,1,0.053418,0.089330,0.005224,0.393909,1.527814,0.278650,1.335129,0.035003,0.007205
602,2,0.706746,0.052328,0.051591,0.094181,1.288332,0.106402,1.394734,0.087691,0.092294
368,3,0.124934,0.101985,0.030549,0.423738,1.532710,0.098639,1.510243,0.199709,0.103603
425,2,0.070601,0.037581,0.098091,0.467355,1.431385,0.396214,1.313993,0.075297,0.024710
165,1,0.053418,0.037948,0.073856,0.068291,1.528021,0.278650,1.249372,0.041016,0.023547
462,2,0.227753,0.051672,0.024778,0.353083,1.529587,0.102566,1.509440,0.065912,0.090900
186,0,0.066846,0.038289,0.043628,0.221265,1.266651,0.256161,1.522812,0.028826,0.000669
568,2,0.706746,0.048356,0.018777,0.203459,1.445636,0.106402,1.552038,0.055063,0.094910
148,0,0.078157,0.071191,0.238152,0.218188,1.564211,0.262486,1.301725,0.069159,0.053753
150,0,0.078157,0.086101,0.231806,0.225728,1.554812,0.262486,1.324294,0.075287,0.052517
500,2,0.130828,0.355005,0.378137,0.067091,1.217340,0.362110,1.562142,0.030544,0.158765
408,2,0.070601,0.050230,0.041597,0.478605,1.301749,0.396214,1.443629,0.053290,0.016173
362,3,0.072363,0.320347,0.110393,0.347300,1.276954,0.336652,1.527987,0.133059,0.025275
552,2,0.706746,0.048531,0.165425,0.222993,1.387110,0.106402,1.280708,0.128095,0.109595
138,0,0.731446,0.041660,0.096871,0.416369,1.270743,0.033793,1.304536,0.140252,0.031582
459,2,0.156329,0.051672,0.142060,0.294212,1.538296,0.093857,1.509440,0.070751,0.149660
7,0,0.057393,0.071191,0.004593,0.215092,1.540892,0.239167,1.301725,0.068061,0.050768
474,2,0.070601,0.051672,0.045621,0.461541,1.235939,0.396214,1.509440,0.056996,0.017351
39,1,0.067371,0.035334,0.257091,0.035020,1.502034,0.245028,1.394531,0.024377,0.009804
46,1,0.067371,0.038042,0.365557,0.080540,1.454987,0.245028,1.209959,0.080851,0.029535
182,0,0.066846,0.071191,0.024117,0.157831,1.557886,0.256161,1.301725,0.047745,0.004429
622,2,0.400250,0.073877,0.332271,0.065000,1.375958,0.107077,1.268882,0.058046,0.097325
9,0,0.057393,0.086101,0.001850,0.222734,1.563461,0.239167,1.324294,0.074315,0.049614
72,1,0.073263,0.039006,0.202083,0.345794,1.412753,0.213447,1.199305,0.144977,0.003598
581,2,0.070601,0.048356,0.046787,0.316084,1.155824,0.396214,1.552038,0.058070,0.017693
50,1,0.067371,0.049704,0.375908,0.223649,1.536119,0.245028,1.360446,0.090893,0.031417
183,0,0.066846,0.043365,0.032257,0.153997,1.270565,0.256161,1.526726,0.039843,0.002859
433,2,0.400250,0.116748,0.431622,0.293365,1.397567,0.107077,1.290491,0.156810,0.105409
108,1,0.053418,0.035334,0.005905,0.034715,1.468412,0.278650,1.394531,0.024305,0.009505
184,0,0.066846,0.086101,0.015966,0.165384,1.561138,0.256161,1.324294,0.055691,0.006009
305,1,0.653376,0.038476,0.386293,0.318552,1.245264,0.006745,1.252008,0.178519,0.074126
201,1,0.102246,0.039006,0.246854,0.324120,1.174542,0.024764,1.199305,0.134477,0.016595
236,0,0.731327,0.041660,0.101706,0.404597,1.280517,0.024020,1.304536,0.136112,0.042936
400,2,0.400250,0.050230,0.202526,0.374817,1.550705,0.107077,1.443629,0.070934,0.086768
660,2,0.070601,0.036851,0.117364,0.131953,1.448463,0.396214,1.296916,0.093043,0.030351
303,1,0.653376,0.038881,0.387978,0.277715,1.194723,0.006745,1.201468,0.180203,0.074115
95,0,0.060414,0.071191,0.208098,0.229578,1.565151,0.263426,1.301725,0.073200,0.064732
445,2,0.227753,0.036805,0.040931,0.374380,1.532599,0.102566,1.506428,0.081978,0.089639
167,1,0.053418,0.038042,0.114075,0.078056,1.488609,0.278650,1.209959,0.079678,0.031858
442,2,0.156329,0.036805,0.125650,0.315407,1.541308,0.093857,1.506428,0.087086,0.148487
531,2,0.706746,0.043618,0.058858,0.255302,1.337708,0.106402,1.444110,0.094917,0.091714
97,0,0.060414,0.086101,0.202106,0.237107,1.553872,0.263426,1.324294,0.078983,0.063554
25,0,0.107441,0.086101,0.190030,0.258662,1.565215,0.240921,1.324294,0.085983,0.084460
696,2,0.056956,0.046487,0.089322,0.015668,1.458690,0.369955,1.312948,0.005987,0.032073
23,0,0.107441,0.071191,0.195355,0.251037,1.542646,0.240921,1.301725,0.080813,0.085417
168,1,0.053418,0.049704,0.124940,0.220902,1.502497,0.278650,1.360446,0.090122,0.034103
306,0,0.653376,0.050230,0.157736,0.314199,1.436884,0.006745,1.443629,0.196604,0.080019
545,3,0.706746,0.042162,0.003861,0.312012,1.345652,0.106402,1.239250,0.164699,0.040369
634,2,0.706746,0.041685,0.085955,0.057479,1.397504,0.106402,1.503906,0.121860,0.089554
478,2,0.706746,0.041660,0.173585,0.327986,1.410938,0.106402,1.304536,0.136209,0.110245
318,0,0.653376,0.048531,0.116843,0.469806,1.273964,0.006745,1.280708,0.155706,0.080292
344,1,0.057745,0.120263,0.296146,0.306714,1.488526,0.033728,1.522254,0.151825,0.177001
205,1,0.102246,0.063226,0.272232,0.401483,1.199410,0.024764,1.224174,0.159846,0.016087
460,2,0.124934,0.051672,0.477110,0.292954,1.533514,0.098639,1.509440,0.070854,0.150916
390,3,0.706746,0.038476,0.007629,0.470174,1.358410,0.106402,1.252008,0.168449,0.040670
585,3,0.706746,0.038006,0.016083,0.258606,1.411226,0.106402,1.304824,0.144875,0.038780
76,1,0.073263,0.063226,0.225179,0.418373,1.437621,0.213447,1.224174,0.167510,0.000205
457,2,0.070601,0.036805,0.062204,0.486462,1.238950,0.396214,1.506428,0.072268,0.022207
265,2,0.156329,0.219941,0.162005,0.475753,1.457114,0.093857,1.550970,0.050896,0.151086
509,2,0.706746,0.036889,0.159656,0.303162,1.340376,0.106402,1.233974,0.122358,0.109135
295,0,0.653376,0.039616,0.042454,0.146030,1.303995,0.006745,1.310740,0.081275,0.080790
360,3,0.054109,0.320347,0.492536,0.398587,1.264778,0.348827,1.527987,0.136138,0.076510
598,3,0.072363,0.248652,0.112502,0.060675,1.272117,0.336652,1.532824,0.131069,0.025799
317,1,0.653376,0.042162,0.404942,0.477013,1.232505,0.006745,1.239250,0.197167,0.074002
443,2,0.124934,0.036805,0.460692,0.314204,1.536525,0.098639,1.506428,0.087190,0.149688
312,0,0.653376,0.041660,0.083555,0.365639,1.297792,0.006745,1.304536,0.122409,0.080515
629,2,0.056956,0.073877,0.165118,0.111639,1.502755,0.369955,1.268882,0.076567,0.052803
686,3,0.400250,0.044259,0.119061,0.031962,1.298121,0.107077,1.191044,0.111492,0.028036
695,2,0.054590,0.046487,0.081496,0.027909,1.415370,0.413275,1.312948,0.001799,0.043905
580,2,0.056956,0.048356,0.021449,0.284882,1.182083,0.369955,1.552038,0.057237,0.013504
407,2,0.056956,0.050230,0.020286,0.449006,1.328009,0.369955,1.443629,0.058322,0.013185
473,2,0.056956,0.051672,0.019042,0.431288,1.262198,0.369955,1.509440,0.059483,0.012844
424,2,0.056956,0.037581,0.154268,0.441370,1.457644,0.369955,1.313993,0.066464,0.049836
54,1,0.067371,0.039006,0.409603,0.301632,1.444333,0.245028,1.199305,0.123583,0.037547
694,2,0.136294,0.046487,0.133716,0.042794,1.471753,0.356892,1.312948,0.003293,0.058293
375,2,0.067548,0.366682,0.007625,0.085559,1.442828,0.131359,1.567405,0.055353,0.087775
363,3,0.054095,0.320347,0.228102,0.417146,1.251882,0.361723,1.527987,0.137252,0.095050
171,1,0.053418,0.039006,0.157923,0.298012,1.477955,0.278650,1.199305,0.121829,0.040919
596,3,0.054109,0.248652,0.495133,0.112092,1.259942,0.348827,1.532824,0.133699,0.077178
706,3,0.072363,0.038075,0.152196,0.045893,1.488800,0.336652,1.152149,0.093618,0.035668
417,2,0.400250,0.037581,0.324178,0.392938,1.421070,0.107077,1.313993,0.050000,0.096667
579,2,0.054590,0.048356,0.017213,0.274094,1.138764,0.413275,1.552038,0.056949,0.024289
659,2,0.056956,0.036851,0.172901,0.106419,1.474722,0.369955,1.296916,0.083815,0.054932
472,2,0.054590,0.051672,0.013518,0.420953,1.218878,0.413275,1.509440,0.060333,0.023159
703,3,0.130828,0.038075,0.306587,0.070396,1.514258,0.362110,1.152149,0.106871,0.058069
406,2,0.054590,0.050230,0.013829,0.438853,1.284689,0.413275,1.443629,0.060048,0.023255
627,2,0.136294,0.073877,0.207891,0.085363,1.515818,0.356892,1.268882,0.066133,0.077886
612,3,0.130828,0.081732,0.288777,0.224607,1.555270,0.362110,1.224213,0.123524,0.053334
578,2,0.136294,0.048356,0.076937,0.255086,1.195146,0.356892,1.552038,0.056441,0.043294
652,2,0.400250,0.036851,0.341887,0.061573,1.403992,0.107077,1.296916,0.067605,0.098108
456,2,0.056956,0.036805,0.002712,0.455880,1.265209,0.369955,1.506428,0.074917,0.008311
615,2,0.054880,0.073877,0.003180,0.016189,1.513177,0.359534,1.268882,0.025806,0.174825
471,2,0.136294,0.051672,0.071144,0.402314,1.275261,0.356892,1.509440,0.061865,0.041763
693,3,0.400250,0.053246,0.100814,0.043924,1.308072,0.107077,1.200996,0.129631,0.029521
58,1,0.067371,0.063226,0.434093,0.373923,1.469201,0.245028,1.224174,0.147341,0.042001
405,2,0.136294,0.050230,0.069763,0.420560,1.341072,0.356892,1.443629,0.063158,0.041398
628,2,0.054590,0.073877,0.156912,0.096860,1.459436,0.413275,1.268882,0.070698,0.066911
32,1,0.107441,0.089330,0.488547,0.342958,1.565542,0.240921,1.335129,0.050882,0.056745
613,3,0.072363,0.081732,0.132090,0.200503,1.560865,0.336652,1.224213,0.112588,0.030669
599,3,0.054095,0.248652,0.230883,0.130719,1.247046,0.361723,1.532824,0.134652,0.095791
333,1,0.057745,0.101985,0.299285,0.094939,1.476515,0.033728,1.510243,0.148689,0.176917
22,0,0.107441,0.060012,0.162680,0.171406,1.283082,0.240921,1.524004,0.112537,0.079547
38,0,0.067371,0.129331,0.496634,0.107535,1.563298,0.245028,1.333267,0.079045,0.139554
423,2,0.054590,0.037581,0.146884,0.426874,1.414325,0.413275,1.313993,0.061536,0.063852
396,2,0.227753,0.050230,0.030462,0.371099,1.546194,0.102566,1.443629,0.071566,0.090456
60,1,0.067371,0.090152,0.448445,0.482266,1.470020,0.245028,1.224993,0.161265,0.044612
175,1,0.053418,0.063226,0.182461,0.369682,1.502823,0.278650,1.224174,0.145417,0.045989
422,2,0.136294,0.037581,0.198628,0.414891,1.470707,0.356892,1.313993,0.057463,0.075439
702,3,0.054095,0.059728,0.280176,0.123649,1.555290,0.361723,1.193566,0.088576,0.108928
266,2,0.124934,0.219941,0.497207,0.474421,1.452331,0.098639,1.550970,0.050857,0.152419
455,2,0.054590,0.036805,0.003560,0.446162,1.221890,0.413275,1.506428,0.075759,0.018009
147,0,0.078157,0.060012,0.190896,0.136373,1.261517,0.262486,1.524004,0.114796,0.044554
711,3,0.072363,0.047943,0.135386,0.002543,1.509770,0.336652,1.173118,0.109479,0.031489
573,2,0.400250,0.048356,0.218307,0.210318,1.444962,0.107077,1.552038,0.055246,0.088052
496,2,0.047910,0.355005,0.135929,0.007191,1.396360,0.183090,1.562142,0.029743,0.098811
705,3,0.130828,0.047943,0.290477,0.026690,1.535228,0.362110,1.173118,0.121935,0.053786
153,1,0.078157,0.320347,0.457781,0.161551,1.351120,0.262486,1.527987,0.083274,0.096920
668,3,0.130828,0.141810,0.260611,0.080916,1.249658,0.362110,1.529825,0.149862,0.045845
94,0,0.060414,0.060012,0.165791,0.148251,1.260577,0.263426,1.524004,0.114030,0.056419
267,2,0.130828,0.219941,0.356430,0.473846,1.188860,0.362110,1.550970,0.050841,0.152994
6,0,0.057393,0.060012,0.043701,0.133926,1.284837,0.239167,1.524004,0.114954,0.042110
618,2,0.227753,0.073877,0.098520,0.061646,1.371448,0.102566,1.268882,0.056714,0.100527
454,2,0.136294,0.036805,0.054508,0.426761,1.278272,0.356892,1.506428,0.077440,0.037368
176,1,0.053418,0.090152,0.196773,0.477657,1.503642,0.278650,1.224993,0.159175,0.048947
379,2,0.054109,0.366682,0.207535,0.055612,1.225360,0.348827,1.567405,0.055553,0.117722
387,2,0.054095,0.366682,0.474450,0.066740,1.212464,0.361723,1.567405,0.055479,0.106594
658,2,0.054590,0.036851,0.165295,0.091319,1.431402,0.413275,1.296916,0.078357,0.069469
564,2,0.070601,0.048531,0.181661,0.286070,1.464670,0.396214,1.280708,0.152243,0.049173
376,2,0.047910,0.366682,0.109824,0.078123,1.391097,0.183090,1.567405,0.055403,0.095211
657,2,0.136294,0.036851,0.216648,0.080173,1.487785,0.356892,1.296916,0.074328,0.080199
377,2,0.050722,0.366682,0.115092,0.066535,1.213511,0.360677,1.567405,0.055480,0.106798
521,2,0.070601,0.036889,0.180010,0.367241,1.511404,0.396214,1.233974,0.150723,0.048690
499,2,0.054109,0.355005,0.234647,0.033037,1.230623,0.348827,1.562142,0.030089,0.124705
393,2,0.156329,0.050230,0.131181,0.312192,1.537485,0.093857,1.443629,0.081580,0.148882
340,0,0.057745,0.051672,0.278105,0.211640,1.475711,0.033728,1.509440,0.116581,0.193881
497,2,0.050722,0.355005,0.142385,0.022367,1.218773,0.360677,1.562142,0.029946,0.114029
557,2,0.400250,0.048531,0.405281,0.229600,1.387785,0.107077,1.280708,0.130624,0.103266
606,2,0.400250,0.052328,0.183988,0.101326,1.287657,0.107077,1.394734,0.089362,0.085260
678,3,0.130828,0.061282,0.276148,0.116906,1.546228,0.362110,1.184118,0.135334,0.049976
429,2,0.227753,0.116748,0.198046,0.290358,1.393056,0.102566,1.290491,0.155700,0.108298
680,3,0.072363,0.061282,0.120684,0.093008,1.520770,0.336652,1.184118,0.123349,0.027834
490,2,0.070601,0.041660,0.187730,0.389459,1.440842,0.396214,1.304536,0.157830,0.050950
440,2,0.070601,0.116748,0.206999,0.344171,1.454888,0.396214,1.290491,0.175572,0.056590
203,1,0.102246,0.038476,0.316963,0.380640,1.227245,0.024764,1.252008,0.204562,0.015191
394,2,0.124934,0.050230,0.466122,0.310970,1.542268,0.098639,1.443629,0.081788,0.150094
200,1,0.102246,0.044871,0.319329,0.321547,1.149455,0.024764,1.174218,0.206927,0.015143
514,2,0.400250,0.036889,0.399941,0.309845,1.341051,0.107077,1.233974,0.125317,0.102831
151,0,0.078157,0.039616,0.180223,0.273604,1.568367,0.262486,1.310740,0.125103,0.042477
541,2,0.056956,0.043618,0.036351,0.350076,1.074155,0.369955,1.444110,0.111007,0.002289
74,1,0.073263,0.038476,0.266838,0.389202,1.465456,0.213447,1.252008,0.208153,0.007063
536,2,0.400250,0.043618,0.177194,0.262366,1.337033,0.107077,1.444110,0.096116,0.084707
339,0,0.057745,0.036805,0.259135,0.207109,1.472700,0.033728,1.506428,0.135539,0.193375
547,3,0.400250,0.042162,0.061976,0.320146,1.346327,0.107077,1.239250,0.168240,0.032681
83,0,0.078157,0.045337,0.176300,0.005618,1.540928,0.262486,1.278442,0.128891,0.041714
10,0,0.057393,0.039616,0.053383,0.271427,1.549907,0.239167,1.310740,0.124355,0.040374
71,1,0.073263,0.044871,0.269917,0.329758,1.387666,0.213447,1.174218,0.211157,0.007570
638,2,0.400250,0.041685,0.150654,0.064501,1.396829,0.107077,1.503906,0.122500,0.082548
483,2,0.400250,0.041660,0.413222,0.334552,1.411613,0.107077,1.304536,0.138518,0.103912
275,1,0.047960,0.320347,0.069637,0.165810,1.357991,0.255615,1.527987,0.083019,0.092665
576,2,0.058639,0.048356,0.054117,0.241900,1.153643,0.398396,1.552038,0.056089,0.056477
540,2,0.136294,0.043618,0.024471,0.318101,1.087218,0.356892,1.444110,0.105579,0.029426
52,1,0.067371,0.101985,0.144873,0.282821,1.386322,0.245028,1.510243,0.133244,0.010608
185,0,0.066846,0.039616,0.034744,0.213399,1.566901,0.256161,1.310740,0.104420,0.015695
202,1,0.102246,0.038881,0.323166,0.341055,1.176704,0.024764,1.201468,0.210762,0.015066
469,2,0.058639,0.051672,0.046728,0.389728,1.233757,0.398396,1.509440,0.062899,0.054325
413,2,0.227753,0.037581,0.090622,0.389584,1.416559,0.102566,1.313993,0.048860,0.099911
392,3,0.400250,0.038476,0.058346,0.478279,1.359085,0.107077,1.252008,0.171849,0.032976
1,0,0.057393,0.045337,0.057216,0.003539,1.517609,0.239167,1.278442,0.128077,0.039687
403,2,0.058639,0.050230,0.044181,0.408275,1.299568,0.398396,1.443629,0.065246,0.053583
587,3,0.400250,0.038006,0.082624,0.266671,1.411901,0.107077,1.304824,0.147714,0.031001
59,1,0.067371,0.120263,0.138711,0.495681,1.374311,0.245028,1.522254,0.139222,0.011729
669,3,0.072363,0.141810,0.094036,0.056259,1.275116,0.336652,1.529825,0.148491,0.021209
98,0,0.060414,0.039616,0.150302,0.284883,1.567426,0.263426,1.310740,0.128978,0.053375
48,0,0.067371,0.086101,0.472013,0.310849,1.569321,0.245028,1.324294,0.102930,0.135076
73,1,0.073263,0.038881,0.273202,0.348516,1.414915,0.213447,1.201468,0.214362,0.008111
648,2,0.227753,0.036851,0.108269,0.058270,1.399481,0.102566,1.296916,0.066411,0.101288
47,0,0.067371,0.071191,0.475716,0.303251,1.546753,0.245028,1.301725,0.099338,0.135749
160,0,0.078157,0.051672,0.169076,0.446274,1.369667,0.262486,1.509440,0.135868,0.040307
611,3,0.054109,0.081732,0.493882,0.249622,1.568552,0.348827,1.224213,0.134874,0.076856
35,0,0.107441,0.051672,0.135731,0.480738,1.391232,0.240921,1.509440,0.138701,0.074706
82,0,0.060414,0.045337,0.145896,0.016851,1.541868,0.263426,1.278442,0.133231,0.052509
26,0,0.107441,0.039616,0.137799,0.307343,1.551661,0.240921,1.310740,0.136694,0.075077
320,1,0.057745,0.256729,0.438504,0.086762,1.190454,0.033728,1.224182,0.009558,0.173199
272,1,0.047960,0.256729,0.175841,0.022523,1.479797,0.255615,1.224182,0.019727,0.112828
463,2,0.067548,0.051672,0.017922,0.357241,1.500794,0.131359,1.509440,0.065570,0.086751
105,0,0.060414,0.051672,0.142184,0.457768,1.368726,0.263426,1.509440,0.136813,0.051780
625,2,0.058639,0.073877,0.179876,0.069428,1.474315,0.398396,1.268882,0.059805,0.093098
452,2,0.058639,0.036805,0.029817,0.414703,1.236769,0.398396,1.506428,0.078484,0.049400
667,3,0.054109,0.141810,0.476354,0.107436,1.262940,0.348827,1.529825,0.151336,0.072342
577,2,0.073843,0.048356,0.122098,0.230229,1.155832,0.396206,1.552038,0.055778,0.068146
520,2,0.056956,0.036889,0.233287,0.343116,1.537663,0.369955,1.233974,0.140044,0.071447
563,2,0.056956,0.048531,0.236456,0.261913,1.490929,0.369955,1.280708,0.142995,0.072313
15,0,0.107441,0.045337,0.132422,0.039401,1.519363,0.240921,1.278442,0.141914,0.074111
427,2,0.156329,0.116748,0.347894,0.231996,1.384347,0.093857,1.290491,0.134148,0.164377
181,0,0.066846,0.060012,0.049665,0.073178,1.267843,0.256161,1.524004,0.118871,0.018567
470,2,0.073843,0.051672,0.113359,0.378437,1.235947,0.396206,1.509440,0.063827,0.065595
699,3,0.054109,0.047943,0.493929,0.051715,1.521945,0.348827,1.173118,0.134830,0.076868
420,2,0.058639,0.037581,0.171526,0.399144,1.429203,0.398396,1.313993,0.052109,0.090666
404,2,0.073843,0.050230,0.109779,0.397219,1.301758,0.396206,1.443629,0.067126,0.064549
53,1,0.067371,0.044871,0.475688,0.284223,1.419246,0.245028,1.174218,0.187694,0.049568
43,0,0.067371,0.060012,0.465729,0.225856,1.278976,0.245028,1.524004,0.109026,0.133933
689,3,0.072363,0.044259,0.104012,0.087663,1.527696,0.336652,1.191044,0.139078,0.023689
688,3,0.130828,0.044259,0.259651,0.111250,1.553154,0.362110,1.191044,0.150759,0.045590
566,2,0.156329,0.048356,0.159322,0.147463,1.458182,0.093857,1.552038,0.053567,0.150894
569,2,0.227753,0.048356,0.013955,0.206625,1.449473,0.102566,1.552038,0.055147,0.091745
619,2,0.067548,0.073877,0.106070,0.063175,1.400241,0.131359,1.268882,0.057321,0.099067
437,2,0.136294,0.116748,0.305490,0.295179,1.494210,0.356892,1.290491,0.157480,0.103666
707,3,0.054095,0.038075,0.235885,0.113120,1.513872,0.361723,1.152149,0.129976,0.097124
56,1,0.067371,0.038476,0.477285,0.344119,1.497036,0.245028,1.252008,0.189243,0.049858
643,2,0.136294,0.041685,0.001666,0.124063,1.147014,0.356892,1.503906,0.127923,0.023120
670,3,0.054095,0.141810,0.211939,0.125852,1.250044,0.361723,1.529825,0.152360,0.090743
645,2,0.054880,0.036851,0.015605,0.021664,1.485143,0.359534,1.296916,0.037555,0.178148
607,3,0.156329,0.081732,0.481924,0.068061,1.318070,0.093857,1.224213,0.052493,0.093869
489,2,0.056956,0.041660,0.243291,0.365373,1.467101,0.369955,1.304536,0.149359,0.074182
446,2,0.067548,0.036805,0.034078,0.378883,1.503805,0.131359,1.506428,0.081587,0.085145
170,1,0.053418,0.044871,0.223581,0.278889,1.452868,0.278650,1.174218,0.184946,0.054487
614,3,0.054095,0.081732,0.222081,0.267264,1.555656,0.361723,1.224213,0.142880,0.093446
55,1,0.067371,0.038881,0.480586,0.303090,1.446496,0.245028,1.201468,0.192446,0.050459
439,2,0.056956,0.116748,0.262062,0.320520,1.481147,0.369955,1.290491,0.166838,0.079316
158,0,0.078157,0.116748,0.141990,0.453289,1.552977,0.262486,1.290491,0.162027,0.035035
453,2,0.073843,0.036805,0.096388,0.403439,1.238958,0.396206,1.506428,0.079460,0.060641
397,2,0.067548,0.050230,0.023237,0.375368,1.566604,0.131359,1.443629,0.070840,0.086222
626,2,0.073843,0.073877,0.242915,0.058622,1.476504,0.396206,1.268882,0.055513,0.103414
655,2,0.058639,0.036851,0.189267,0.063936,1.446281,0.398396,1.296916,0.068459,0.095833
603,2,0.227753,0.052328,0.047431,0.097394,1.292168,0.102566,1.394734,0.088442,0.089131
324,2,0.156329,0.086101,0.401315,0.496845,1.418150,0.093857,1.324294,0.187325,0.168197
173,1,0.053418,0.038476,0.225721,0.338777,1.530658,0.278650,1.252008,0.187002,0.054929
608,3,0.124934,0.081732,0.177877,0.069427,1.322852,0.098639,1.224213,0.053113,0.092584
414,2,0.067548,0.037581,0.098113,0.391273,1.445353,0.131359,1.313993,0.049434,0.098277
677,3,0.054109,0.061282,0.479967,0.142048,1.532946,0.348827,1.184118,0.147943,0.073273
36,1,0.107441,0.120263,0.394016,0.444125,1.378418,0.240921,1.522254,0.142661,0.039763
553,2,0.227753,0.048531,0.171640,0.226499,1.383274,0.102566,1.280708,0.129437,0.106236
33,0,0.107441,0.116748,0.098641,0.487640,1.531412,0.240921,1.290491,0.174712,0.068043
172,1,0.053418,0.038881,0.228651,0.297646,1.480118,0.278650,1.201468,0.189819,0.055534
532,2,0.227753,0.043618,0.054480,0.258461,1.341544,0.102566,1.444110,0.095453,0.088581
421,2,0.073843,0.037581,0.235213,0.388286,1.431393,0.396206,1.313993,0.048418,0.101165
616,2,0.156329,0.073877,0.246455,0.002385,1.362738,0.093857,1.268882,0.033170,0.157124
546,3,0.227753,0.042162,0.469167,0.314076,1.341816,0.102566,1.239250,0.165597,0.038418
649,2,0.067548,0.036851,0.115719,0.059582,1.428275,0.131359,1.296916,0.066885,0.100026
518,2,0.136294,0.036889,0.274774,0.317561,1.550726,0.356892,1.233974,0.128732,0.095553
510,2,0.227753,0.036889,0.166094,0.306694,1.336540,0.102566,1.233974,0.123922,0.105803
635,2,0.227753,0.041685,0.081313,0.060554,1.401340,0.102566,1.503906,0.122140,0.086486
479,2,0.227753,0.041660,0.179688,0.331491,1.407102,0.102566,1.304536,0.137442,0.106865
561,2,0.136294,0.048531,0.279551,0.236335,1.503992,0.356892,1.280708,0.133202,0.096814
189,0,0.066846,0.051672,0.062018,0.384907,1.375992,0.256161,1.509440,0.130824,0.020943
712,3,0.054095,0.047943,0.220963,0.069365,1.534842,0.361723,1.173118,0.143925,0.093148
391,3,0.227753,0.038476,0.465430,0.472238,1.354574,0.102566,1.252008,0.169315,0.038710
671,3,0.156329,0.061282,0.477105,0.038711,1.277975,0.093857,1.184118,0.057291,0.094213
586,3,0.227753,0.038006,0.489294,0.260610,1.407390,0.102566,1.304824,0.145580,0.036847
30,1,0.107441,0.101985,0.399360,0.231393,1.390428,0.240921,1.510243,0.137472,0.040723
519,2,0.054590,0.036889,0.224550,0.326051,1.494344,0.413275,1.233974,0.132490,0.087544
103,0,0.060414,0.116748,0.111771,0.464496,1.553917,0.263426,1.290491,0.166165,0.045804
539,2,0.073843,0.043618,0.072541,0.293649,1.047904,0.396206,1.444110,0.101427,0.053679
562,2,0.054590,0.048531,0.228816,0.244654,1.447610,0.413275,1.280708,0.136387,0.088845
704,3,0.130828,0.053246,0.243043,0.031929,1.563105,0.362110,1.200996,0.166288,0.041175
162,1,0.078157,0.120263,0.393205,0.399481,1.356852,0.262486,1.522254,0.145638,0.084350
364,2,0.156329,0.059812,0.032695,0.437936,1.281713,0.093857,1.375570,0.179626,0.141840
159,0,0.078157,0.036805,0.148766,0.437324,1.372678,0.262486,1.506428,0.155482,0.036354
624,2,0.130828,0.073877,0.438415,0.016154,1.510601,0.362110,1.268882,0.025820,0.174791
708,3,0.072363,0.053246,0.087094,0.008654,1.537647,0.336652,1.200996,0.155040,0.019483
34,0,0.107441,0.036805,0.115346,0.472086,1.394243,0.240921,1.506428,0.158493,0.071044
567,2,0.124934,0.048356,0.494519,0.146140,1.453399,0.098639,1.552038,0.053532,0.152218
673,3,0.124934,0.061282,0.172991,0.037347,1.282758,0.098639,1.184118,0.057975,0.092949
436,2,0.073843,0.116748,0.341686,0.265435,1.454896,0.396206,1.290491,0.146496,0.132246
345,0,0.057745,0.043618,0.404440,0.317125,1.477838,0.033728,1.444110,0.009674,0.197256
600,2,0.156329,0.052328,0.138681,0.036156,1.300877,0.093857,1.394734,0.074115,0.149419
104,0,0.060414,0.036805,0.121812,0.448771,1.371738,0.263426,1.506428,0.156474,0.047777
679,3,0.136294,0.061282,0.490013,0.216712,1.541010,0.356892,1.184118,0.185387,0.142453
61,1,0.067371,0.042162,0.495355,0.499079,1.484278,0.245028,1.239250,0.206774,0.053145
430,2,0.067548,0.116748,0.205088,0.289728,1.421850,0.131359,1.290491,0.155467,0.108904
656,2,0.073843,0.036851,0.252713,0.053093,1.448471,0.396206,1.296916,0.064539,0.106274
551,2,0.156329,0.048531,0.320603,0.167840,1.374565,0.093857,1.280708,0.106980,0.162426
155,1,0.078157,0.101985,0.397863,0.186774,1.368863,0.262486,1.510243,0.141140,0.085257
487,2,0.136294,0.041660,0.287208,0.339813,1.480164,0.356892,1.304536,0.140369,0.098837
107,1,0.060414,0.120263,0.438017,0.409751,1.355912,0.263426,1.522254,0.144953,0.074093
672,3,0.156329,0.044259,0.458812,0.040745,1.284901,0.093857,1.191044,0.075500,0.095521
570,2,0.067548,0.048356,0.007524,0.210586,1.420679,0.131359,1.552038,0.055253,0.087785
435,2,0.058639,0.116748,0.278319,0.276343,1.452706,0.398396,1.290491,0.150524,0.121765
365,2,0.124934,0.059812,0.368038,0.437000,1.276930,0.098639,1.375570,0.179383,0.142758
529,2,0.156329,0.043618,0.127570,0.197925,1.350253,0.093857,1.444110,0.085175,0.148624
641,2,0.058639,0.041685,0.022752,0.113064,1.105510,0.398396,1.503906,0.126922,0.034095
338,0,0.057745,0.116748,0.321103,0.213858,1.256763,0.033728,1.290491,0.073609,0.195030
441,2,0.057296,0.116748,0.457749,0.203488,1.187866,0.663236,1.290491,0.123621,0.191769
543,3,0.156329,0.042162,0.396777,0.248969,1.333107,0.093857,1.239250,0.137252,0.099957
632,2,0.156329,0.041685,0.095926,0.001173,1.410049,0.093857,1.503906,0.116676,0.146362
477,2,0.156329,0.041660,0.330589,0.273149,1.398393,0.093857,1.304536,0.116921,0.163140
620,2,0.047910,0.073877,0.219720,0.051338,1.451972,0.183090,1.268882,0.052620,0.110368
438,2,0.054590,0.116748,0.254804,0.302352,1.437827,0.413275,1.290491,0.160129,0.096773
434,2,0.054109,0.116748,0.407528,0.226945,1.502275,0.348827,1.290491,0.132283,0.169230
488,2,0.054590,0.041660,0.236257,0.347819,1.423782,0.413275,1.304536,0.143185,0.091115
350,2,0.156329,0.039616,0.364946,0.490810,1.404596,0.093857,1.310740,0.151121,0.165597
157,1,0.078157,0.089330,0.476762,0.297838,1.543977,0.262486,1.335129,0.064944,0.100614
681,3,0.054095,0.061282,0.207269,0.159560,1.545842,0.361723,1.184118,0.156725,0.089498
468,2,0.130828,0.051672,0.335337,0.296491,1.270043,0.362110,1.509440,0.070564,0.147385
369,3,0.156329,0.038881,0.340381,0.457776,1.295325,0.093857,1.201468,0.193392,0.103989
388,3,0.156329,0.038476,0.391910,0.407349,1.345865,0.093857,1.252008,0.142097,0.100305
353,2,0.156329,0.038289,0.135532,0.491462,1.428956,0.093857,1.522812,0.077249,0.149193
402,2,0.130828,0.050230,0.324365,0.316642,1.335854,0.362110,1.443629,0.080823,0.144468
583,3,0.156329,0.038006,0.411171,0.196246,1.398681,0.093857,1.304824,0.122924,0.098928
432,2,0.050722,0.116748,0.319224,0.235640,1.490425,0.360677,1.290491,0.135494,0.160875
283,1,0.047960,0.120263,0.005180,0.403408,1.363723,0.255615,1.522254,0.145376,0.080428
527,3,0.047910,0.120263,0.498265,0.292185,1.436248,0.183090,1.522254,0.199789,0.004737
411,2,0.156329,0.037581,0.242120,0.330735,1.407850,0.093857,1.313993,0.028854,0.156815
601,2,0.124934,0.052328,0.474138,0.034862,1.296095,0.098639,1.394734,0.073812,0.150693
508,2,0.156329,0.036889,0.311245,0.247376,1.327831,0.093857,1.233974,0.097665,0.161757
646,2,0.156329,0.036851,0.258465,0.001777,1.390772,0.093857,1.296916,0.045126,0.157983
575,2,0.130828,0.048356,0.353552,0.146129,1.189929,0.362110,1.552038,0.053532,0.152228
101,1,0.060414,0.101985,0.442841,0.197009,1.367923,0.263426,1.510243,0.140298,0.075041
431,2,0.047910,0.116748,0.318454,0.274032,1.473581,0.183090,1.290491,0.149671,0.123985
177,1,0.053418,0.042162,0.243657,0.493271,1.517900,0.278650,1.239250,0.204245,0.058635
538,2,0.130828,0.043618,0.318673,0.203641,1.082000,0.362110,1.444110,0.086146,0.142955
161,0,0.078157,0.041660,0.139562,0.484942,1.567023,0.262486,1.304536,0.164371,0.034563
548,3,0.130828,0.042162,0.209030,0.388716,1.540233,0.362110,1.239250,0.198093,0.032131
640,2,0.130828,0.041685,0.284811,0.013010,1.141796,0.362110,1.503906,0.117809,0.133952
674,3,0.124934,0.044259,0.154732,0.039446,1.289684,0.098639,1.191044,0.076143,0.094315
530,2,0.124934,0.043618,0.462929,0.196684,1.345470,0.098639,1.444110,0.084965,0.149855
544,3,0.124934,0.042162,0.092848,0.250041,1.337889,0.098639,1.239250,0.137719,0.098943
633,2,0.124934,0.041685,0.431161,0.001202,1.405267,0.098639,1.503906,0.116574,0.147479
276,1,0.047960,0.101985,0.009894,0.190715,1.375734,0.255615,1.510243,0.140816,0.081323
355,2,0.130828,0.038289,0.327927,0.495245,1.160702,0.362110,1.522812,0.077493,0.145415
589,3,0.130828,0.038006,0.235519,0.339427,1.474658,0.362110,1.304824,0.173324,0.039174
419,2,0.130828,0.037581,0.435220,0.313023,1.465489,0.362110,1.313993,0.022833,0.173942
337,1,0.057745,0.089330,0.359122,0.221005,1.301401,0.033728,1.335129,0.088889,0.175319
654,2,0.130828,0.036851,0.450972,0.021646,1.482567,0.362110,1.296916,0.037562,0.178130
451,2,0.130828,0.036805,0.318193,0.321079,1.273055,0.362110,1.506428,0.086595,0.142827
415,2,0.047910,0.037581,0.212510,0.379798,1.497084,0.183090,1.313993,0.045533,0.109373
370,3,0.124934,0.038881,0.036465,0.458665,1.300107,0.098639,1.201468,0.193821,0.103160
389,3,0.124934,0.038476,0.088004,0.408402,1.350648,0.098639,1.252008,0.142539,0.099306
354,2,0.124934,0.038289,0.470764,0.490213,1.424173,0.098639,1.522812,0.077169,0.150441
323,0,0.057745,0.086101,0.403097,0.031767,1.290566,0.033728,1.324294,0.008332,0.197220
584,3,0.124934,0.038006,0.107326,0.197352,1.403464,0.098639,1.304824,0.123313,0.097860
687,3,0.054109,0.044259,0.463637,0.136535,1.539872,0.348827,1.191044,0.163280,0.069067
326,2,0.054109,0.086101,0.460868,0.481615,1.468471,0.348827,1.324294,0.182380,0.182968
642,2,0.073843,0.041685,0.046039,0.101189,1.107700,0.396206,1.503906,0.125841,0.045943
284,1,0.047960,0.090152,0.278441,0.389014,1.480608,0.255615,1.224993,0.118985,0.132307
281,1,0.047960,0.089330,0.089692,0.302098,1.550848,0.255615,1.335129,0.063616,0.096473
325,2,0.050722,0.086101,0.372222,0.489918,1.456622,0.360677,1.324294,0.185076,0.174915
270,1,0.047960,0.057973,0.139673,0.022192,1.495872,0.255615,1.240256,0.015263,0.105962
631,2,0.057296,0.073877,0.350621,0.018107,1.209475,0.663236,1.268882,0.039423,0.142093
321,0,0.057745,0.071191,0.418135,0.042591,1.267997,0.033728,1.301725,0.023361,0.197621
623,2,0.054109,0.073877,0.307992,0.016534,1.523883,0.348827,1.268882,0.038798,0.143595
621,2,0.050722,0.073877,0.219884,0.025998,1.512034,0.360677,1.268882,0.042557,0.134559
650,2,0.047910,0.036851,0.229753,0.047406,1.480006,0.183090,1.296916,0.062483,0.111751
106,0,0.060414,0.041660,0.109548,0.496143,1.567963,0.263426,1.304536,0.168311,0.045367
590,3,0.072363,0.038006,0.076363,0.316246,1.500116,0.336652,1.304824,0.165164,0.016815
560,2,0.073843,0.048531,0.315232,0.207407,1.464678,0.396206,1.280708,0.122128,0.124524
604,2,0.067548,0.052328,0.042141,0.102256,1.263375,0.131359,1.394734,0.089580,0.084344
332,0,0.057745,0.059812,0.363976,0.075224,1.409298,0.033728,1.375570,0.030764,0.196175
271,1,0.047960,0.037948,0.158356,0.022321,1.504987,0.255615,1.249372,0.002811,0.109509
554,2,0.067548,0.048531,0.178804,0.226440,1.412068,0.131359,1.280708,0.129415,0.106293
511,2,0.067548,0.036889,0.173290,0.306756,1.365334,0.131359,1.233974,0.123949,0.105745
282,1,0.047960,0.063226,0.264069,0.280787,1.479789,0.255615,1.224174,0.105081,0.129579
486,2,0.073843,0.041660,0.323868,0.310569,1.440850,0.396206,1.304536,0.130083,0.127045
549,3,0.072363,0.042162,0.051908,0.366079,1.565691,0.336652,1.239250,0.188237,0.010735
37,0,0.067371,0.045337,0.411157,0.091508,1.523469,0.245028,1.278442,0.161970,0.124006
349,0,0.057745,0.052328,0.451880,0.472276,1.428462,0.033728,1.394734,0.057085,0.198523
571,2,0.047910,0.048356,0.110180,0.203109,1.368948,0.183090,1.552038,0.055053,0.095260
533,2,0.067548,0.043618,0.048914,0.263411,1.312750,0.131359,1.444110,0.096293,0.083671
698,3,0.054109,0.053246,0.447351,0.057355,1.549823,0.348827,1.200996,0.178576,0.064872
709,3,0.054095,0.053246,0.175003,0.074551,1.562719,0.361723,1.200996,0.186886,0.080899
335,0,0.057745,0.050230,0.217280,0.201038,1.409901,0.033728,1.443629,0.177367,0.192257
330,1,0.057745,0.049704,0.498769,0.080267,1.326718,0.033728,1.360446,0.050670,0.171589
559,2,0.058639,0.048531,0.252023,0.218282,1.462488,0.398396,1.280708,0.126291,0.114107
480,2,0.067548,0.041660,0.186820,0.331258,1.435896,0.131359,1.304536,0.137360,0.107089
467,2,0.054109,0.051672,0.194450,0.329587,1.283326,0.348827,1.509440,0.067843,0.114352
475,2,0.054095,0.051672,0.462195,0.340632,1.270429,0.361723,1.509440,0.066935,0.103328
346,0,0.057745,0.048531,0.284448,0.351048,1.246980,0.033728,1.280708,0.110242,0.194051
517,2,0.073843,0.036889,0.308625,0.288892,1.511412,0.396206,1.233974,0.116042,0.122595
565,2,0.057296,0.048531,0.428543,0.151345,1.197648,0.663236,1.280708,0.100666,0.178226
401,2,0.054109,0.050230,0.186499,0.349071,1.349136,0.348827,1.443629,0.075311,0.112304
409,2,0.054095,0.050230,0.455221,0.359995,1.336240,0.361723,1.443629,0.073454,0.101470
49,0,0.067371,0.039616,0.418770,0.359415,1.555767,0.245028,1.310740,0.154583,0.125391
550,2,0.054880,0.048531,0.076208,0.134680,1.501350,0.359534,1.280708,0.094286,0.194190
465,2,0.050722,0.051672,0.102829,0.340410,1.271476,0.360677,1.509440,0.066953,0.103550
558,2,0.054109,0.048531,0.380639,0.167966,1.512057,0.348827,1.280708,0.107029,0.162305
574,2,0.054109,0.048356,0.208715,0.180339,1.203211,0.348827,1.552038,0.054445,0.118026
582,2,0.054095,0.048356,0.475236,0.191563,1.190315,0.361723,1.552038,0.054745,0.106804
399,2,0.050722,0.050230,0.095839,0.359765,1.337287,0.360677,1.443629,0.073493,0.101698
605,2,0.047910,0.052328,0.076575,0.095876,1.211643,0.183090,1.394734,0.088087,0.090625
464,2,0.047910,0.051672,0.098899,0.350274,1.449062,0.183090,1.509440,0.066143,0.093704
556,2,0.050722,0.048531,0.292440,0.176866,1.500207,0.360677,1.280708,0.110436,0.153780
572,2,0.050722,0.048356,0.115884,0.191358,1.191361,0.360677,1.552038,0.054740,0.107008
398,2,0.047910,0.050230,0.092958,0.368651,1.514873,0.183090,1.443629,0.071982,0.092884
485,2,0.058639,0.041660,0.260302,0.321483,1.438660,0.398396,1.304536,0.133921,0.116518
274,1,0.047960,0.049704,0.222621,0.131289,1.525531,0.255615,1.360446,0.064983,0.121710
341,0,0.057745,0.041660,0.313987,0.247116,1.270808,0.033728,1.304536,0.080721,0.194840
690,3,0.054095,0.044259,0.191063,0.153888,1.552768,0.361723,1.191044,0.171873,0.085179
491,2,0.057296,0.041660,0.439804,0.252095,1.173820,0.663236,1.304536,0.109516,0.183448
328,1,0.057745,0.041183,0.260800,0.040793,1.311503,0.033728,1.277775,0.187149,0.177945
537,2,0.054109,0.043618,0.168534,0.239208,1.095282,0.348827,1.444110,0.092184,0.107677
542,2,0.054095,0.043618,0.432959,0.251448,1.082386,0.361723,1.444110,0.094262,0.095537
555,2,0.047910,0.048531,0.292129,0.211760,1.463799,0.183090,1.280708,0.123795,0.120354
327,0,0.057745,0.039616,0.354394,0.026882,1.277012,0.033728,1.310740,0.040340,0.195919
476,2,0.054880,0.041660,0.087168,0.237952,1.477522,0.359534,1.304536,0.104542,0.197090
639,2,0.054109,0.041685,0.137934,0.047216,1.155079,0.348827,1.503906,0.120926,0.099796
644,2,0.054095,0.041685,0.403246,0.059419,1.142182,0.361723,1.503906,0.122037,0.087618
484,2,0.054109,0.041660,0.390509,0.271379,1.488229,0.348827,1.304536,0.116299,0.164847
535,2,0.050722,0.043618,0.073692,0.251151,1.083433,0.360677,1.444110,0.094212,0.095831
336,0,0.057745,0.037581,0.229943,0.201098,1.280265,0.033728,1.313993,0.164713,0.192595
516,2,0.058639,0.036889,0.246101,0.299719,1.509223,0.398396,1.233974,0.120834,0.112383
277,1,0.047960,0.044871,0.299384,0.190202,1.429834,0.255615,1.174218,0.139246,0.136283
426,2,0.057296,0.037581,0.344938,0.348685,1.164363,0.663236,1.313993,0.034956,0.139458
352,2,0.054109,0.039616,0.424551,0.482512,1.482025,0.348827,1.310740,0.148270,0.173614
343,0,0.057745,0.036889,0.236357,0.294009,1.200246,0.033728,1.233974,0.158303,0.192766
522,2,0.057296,0.036889,0.417852,0.235172,1.244382,0.663236,1.233974,0.092263,0.173269
661,2,0.057296,0.036851,0.362776,0.010136,1.181441,0.663236,1.296916,0.048975,0.147729
637,2,0.050722,0.041685,0.043984,0.059076,1.143229,0.360677,1.503906,0.122006,0.087961
482,2,0.050722,0.041660,0.302030,0.280219,1.476379,0.360677,1.304536,0.119408,0.156320
534,2,0.047910,0.043618,0.069262,0.257417,1.261019,0.183090,1.444110,0.095276,0.089616
410,2,0.054880,0.037581,0.001026,0.312983,1.468065,0.359534,1.313993,0.022819,0.173980
588,3,0.054109,0.038006,0.443357,0.365004,1.487941,0.348827,1.304824,0.182327,0.063844
591,3,0.054095,0.038006,0.173389,0.382241,1.475045,0.361723,1.304824,0.188395,0.080469
418,2,0.054109,0.037581,0.302849,0.345776,1.478772,0.348827,1.313993,0.033967,0.142270
285,1,0.047960,0.042162,0.327097,0.405554,1.494865,0.255615,1.239250,0.166056,0.141545
507,2,0.054880,0.036889,0.065038,0.216127,1.548085,0.359534,1.233974,0.083833,0.191234
351,2,0.050722,0.039616,0.336030,0.491088,1.470176,0.360677,1.310740,0.151217,0.165328
636,2,0.047910,0.041685,0.041875,0.061203,1.320815,0.183090,1.503906,0.122200,0.085838
481,2,0.047910,0.041660,0.300576,0.316298,1.487627,0.183090,1.304536,0.132098,0.121519
515,2,0.054109,0.036889,0.371564,0.249273,1.558791,0.348827,1.233974,0.098505,0.159968
653,2,0.054109,0.036851,0.319315,0.011386,1.495850,0.348827,1.296916,0.049433,0.146511
450,2,0.054109,0.036805,0.177520,0.353984,1.286337,0.348827,1.506428,0.083744,0.109991
458,2,0.054095,0.036805,0.445250,0.365187,1.273441,0.361723,1.506428,0.082774,0.098812
416,2,0.050722,0.037581,0.214169,0.355317,1.466922,0.360677,1.313993,0.037211,0.133045
273,1,0.047960,0.038042,0.193751,0.012170,1.465574,0.255615,1.209959,0.037053,0.116229
278,1,0.047960,0.039006,0.236538,0.208459,1.454921,0.255615,1.199305,0.078446,0.124352
513,2,0.050722,0.036889,0.283922,0.258225,1.546941,0.360677,1.233974,0.102467,0.151523
651,2,0.050722,0.036851,0.230863,0.020727,1.484000,0.360677,1.296916,0.052828,0.137467
448,2,0.050722,0.036805,0.085895,0.364935,1.274487,0.360677,1.506428,0.082796,0.099064
279,1,0.047960,0.038881,0.307627,0.209350,1.457083,0.255615,1.201468,0.147220,0.137848
280,1,0.047960,0.038476,0.310615,0.250824,1.507624,0.255615,1.252008,0.150111,0.138416
286,1,0.047960,0.038006,0.280522,0.458703,1.560440,0.255615,1.304824,0.120998,0.132702
512,2,0.047910,0.036889,0.285733,0.292203,1.417065,0.183090,1.233974,0.117508,0.119472
447,2,0.047910,0.036805,0.082629,0.372555,1.452074,0.183090,1.506428,0.082136,0.091460
